cell_id,lat_center,lon_center,mean,date
c1757,45.289297,17.867933,,2019-01-01
c1757,45.289297,17.867933,-4.506489766384756,2019-01-02
c1757,45.289297,17.867933,20.943612437066783,2019-01-03
c1757,45.289297,17.867933,69.16072141923365,2019-01-04
c1757,45.289297,17.867933,132.17574581304262,2019-01-05
c1757,45.289297,17.867933,9.86394751123814,2019-01-06
c1757,45.289297,17.867933,32.56853285233431,2019-01-07
c1757,45.289297,17.867933,-86.1568925766315,2019-01-08
c1757,45.289297,17.867933,68.2619382094999,2019-01-09
c1757,45.289297,17.867933,90.70459958016151,2019-01-10
c1757,45.289297,17.867933,,2019-01-11
c1757,45.289297,17.867933,16.39431711141523,2019-01-12
c1757,45.289297,17.867933,72.26635741640399,2019-01-13
c1757,45.289297,17.867933,73.0170189227751,2019-01-14
c1757,45.289297,17.867933,49.15144834779701,2019-01-15
c1757,45.289297,17.867933,93.9271347356668,2019-01-16
c1757,45.289297,17.867933,51.415952803879485,2019-01-17
c1757,45.289297,17.867933,149.61015662410622,2019-01-18
c1757,45.289297,17.867933,94.97912080697914,2019-01-19
c1757,45.289297,17.867933,60.64194536316569,2019-01-20
c1757,45.289297,17.867933,56.632207067534495,2019-01-21
c1757,45.289297,17.867933,77.47152836074596,2019-01-22
c1757,45.289297,17.867933,80.89783095544864,2019-01-23
c1757,45.289297,17.867933,173.55010199956058,2019-01-24
c1757,45.289297,17.867933,94.41451613698943,2019-01-25
c1757,45.289297,17.867933,233.66931792582935,2019-01-26
c1757,45.289297,17.867933,86.09410244358023,2019-01-27
c1757,45.289297,17.867933,54.54433708286352,2019-01-28
c1757,45.289297,17.867933,116.24396536218644,2019-01-29
c1757,45.289297,17.867933,58.41642134375389,2019-01-30
c1757,45.289297,17.867933,67.56442170517892,2019-01-31
c1757,45.289297,17.867933,94.53412808338057,2019-02-01
c1757,45.289297,17.867933,54.28238202609174,2019-02-02
c1757,45.289297,17.867933,52.751316873615735,2019-02-03
c1757,45.289297,17.867933,67.07495738834068,2019-02-04
c1757,45.289297,17.867933,139.48301464755804,2019-02-05
c1757,45.289297,17.867933,63.04660184905608,2019-02-06
c1757,45.289297,17.867933,72.50240048611768,2019-02-07
c1757,45.289297,17.867933,65.2764391582912,2019-02-08
c1757,45.289297,17.867933,69.68971681129631,2019-02-09
c1757,45.289297,17.867933,90.8459523011564,2019-02-10
c1757,45.289297,17.867933,102.33508951370986,2019-02-11
c1757,45.289297,17.867933,67.47346845353847,2019-02-12
c1757,45.289297,17.867933,59.810258957850465,2019-02-13
c1757,45.289297,17.867933,54.72375354145823,2019-02-14
c1757,45.289297,17.867933,69.86606846189075,2019-02-15
c1757,45.289297,17.867933,43.5629136318753,2019-02-16
c1757,45.289297,17.867933,51.169385249045305,2019-02-17
c1757,45.289297,17.867933,72.87637576710684,2019-02-18
c1757,45.289297,17.867933,65.69586655355315,2019-02-19
c1757,45.289297,17.867933,93.79159403017636,2019-02-20
c1757,45.289297,17.867933,69.66015594272527,2019-02-21
c1757,45.289297,17.867933,70.72146314495131,2019-02-22
c1757,45.289297,17.867933,65.35694430385313,2019-02-23
c1757,45.289297,17.867933,62.02804137999293,2019-02-24
c1757,45.289297,17.867933,67.96211771241664,2019-02-25
c1757,45.289297,17.867933,99.29681357516846,2019-02-26
c1757,45.289297,17.867933,57.365399559414826,2019-02-27
c1757,45.289297,17.867933,57.00461142535778,2019-02-28
c1757,45.289297,17.867933,75.18200757982956,2019-03-01
c1757,45.289297,17.867933,87.9950326364168,2019-03-02
c1757,45.289297,17.867933,51.76445232788982,2019-03-03
c1757,45.289297,17.867933,67.05617387320972,2019-03-04
c1757,45.289297,17.867933,61.559359232832975,2019-03-05
c1757,45.289297,17.867933,79.76046437981759,2019-03-06
c1757,45.289297,17.867933,58.0292482465531,2019-03-07
c1757,45.289297,17.867933,54.92191644550532,2019-03-08
c1757,45.289297,17.867933,62.72030052385737,2019-03-09
c1757,45.289297,17.867933,39.44944798830835,2019-03-10
c1757,45.289297,17.867933,78.08083696824549,2019-03-11
c1757,45.289297,17.867933,86.35596596155385,2019-03-12
c1757,45.289297,17.867933,65.47477285912534,2019-03-13
c1757,45.289297,17.867933,89.79563647999379,2019-03-14
c1757,45.289297,17.867933,78.53815283150517,2019-03-15
c1757,45.289297,17.867933,68.81844150843496,2019-03-16
c1757,45.289297,17.867933,71.03182147043239,2019-03-17
c1757,45.289297,17.867933,93.60456735247244,2019-03-18
c1757,45.289297,17.867933,125.32270485763418,2019-03-19
c1757,45.289297,17.867933,88.33738443608115,2019-03-20
c1757,45.289297,17.867933,86.98312115931546,2019-03-21
c1757,45.289297,17.867933,72.61499742236816,2019-03-22
c1757,45.289297,17.867933,74.55584115575287,2019-03-23
c1757,45.289297,17.867933,59.7519941323574,2019-03-24
c1757,45.289297,17.867933,76.08976361397796,2019-03-25
c1757,45.289297,17.867933,83.59290034890184,2019-03-26
c1757,45.289297,17.867933,65.1761450784295,2019-03-27
c1757,45.289297,17.867933,77.24489892163356,2019-03-28
c1757,45.289297,17.867933,71.68114114980382,2019-03-29
c1757,45.289297,17.867933,73.32160380528855,2019-03-30
c1757,45.289297,17.867933,82.14452465028887,2019-03-31
c1757,45.289297,17.867933,86.57005393778304,2019-04-01
c1757,45.289297,17.867933,81.03303968336483,2019-04-02
c1757,45.289297,17.867933,,2019-04-03
c1757,45.289297,17.867933,76.16770938853568,2019-04-04
c1757,45.289297,17.867933,90.21833274194898,2019-04-05
c1757,45.289297,17.867933,67.4075999470283,2019-04-06
c1757,45.289297,17.867933,78.44727565582642,2019-04-07
c1757,45.289297,17.867933,60.38894680636485,2019-04-08
c1757,45.289297,17.867933,82.23219523042852,2019-04-09
c1757,45.289297,17.867933,76.4007513482063,2019-04-10
c1757,45.289297,17.867933,84.5158785965093,2019-04-11
c1757,45.289297,17.867933,77.40844297179461,2019-04-12
c1757,45.289297,17.867933,104.7229773322222,2019-04-13
c1757,45.289297,17.867933,101.93779950551765,2019-04-14
c1757,45.289297,17.867933,87.79102338935812,2019-04-16
c1757,45.289297,17.867933,89.66184657842392,2019-04-17
c1757,45.289297,17.867933,82.85079295732463,2019-04-18
c1757,45.289297,17.867933,78.00148938295888,2019-04-19
c1757,45.289297,17.867933,85.18348921702733,2019-04-20
c1757,45.289297,17.867933,85.29337464079816,2019-04-21
c1757,45.289297,17.867933,86.0074614924163,2019-04-22
c1757,45.289297,17.867933,105.37549832983608,2019-04-23
c1757,45.289297,17.867933,79.17506248378945,2019-04-24
c1757,45.289297,17.867933,80.23958000599465,2019-04-25
c1757,45.289297,17.867933,79.90351406350278,2019-04-26
c1757,45.289297,17.867933,79.76437968783206,2019-04-27
c1757,45.289297,17.867933,74.53453813664493,2019-04-28
c1757,45.289297,17.867933,114.77740577645974,2019-04-29
c1757,45.289297,17.867933,131.26574571428142,2019-04-30
c1757,45.289297,17.867933,88.43808699836286,2019-05-01
c1757,45.289297,17.867933,99.6894902910619,2019-05-02
c1757,45.289297,17.867933,81.44192190770585,2019-05-03
c1757,45.289297,17.867933,76.26336733213515,2019-05-04
c1757,45.289297,17.867933,92.54105547261248,2019-05-05
c1757,45.289297,17.867933,136.576223628287,2019-05-06
c1757,45.289297,17.867933,73.80661923920076,2019-05-07
c1757,45.289297,17.867933,77.44110057100146,2019-05-08
c1757,45.289297,17.867933,109.20683834208106,2019-05-09
c1757,45.289297,17.867933,78.80839528424417,2019-05-10
c1757,45.289297,17.867933,71.77632244856646,2019-05-11
c1757,45.289297,17.867933,77.83810236009205,2019-05-12
c1757,45.289297,17.867933,107.3553001633188,2019-05-13
c1757,45.289297,17.867933,86.16151010736748,2019-05-14
c1757,45.289297,17.867933,154.92755239257633,2019-05-15
c1757,45.289297,17.867933,72.01719211892545,2019-05-16
c1757,45.289297,17.867933,81.41033043980184,2019-05-17
c1757,45.289297,17.867933,85.87838775314952,2019-05-18
c1757,45.289297,17.867933,54.64832581101236,2019-05-19
c1757,45.289297,17.867933,75.27309886572854,2019-05-20
c1757,45.289297,17.867933,69.01054557903134,2019-05-21
c1757,45.289297,17.867933,74.25304313170658,2019-05-22
c1757,45.289297,17.867933,69.05216403288013,2019-05-23
c1757,45.289297,17.867933,78.56767196572156,2019-05-24
c1757,45.289297,17.867933,75.85988512128736,2019-05-25
c1757,45.289297,17.867933,91.57277895739044,2019-05-26
c1757,45.289297,17.867933,75.48437122379293,2019-05-27
c1757,45.289297,17.867933,80.35338295404036,2019-05-28
c1757,45.289297,17.867933,82.68331573548586,2019-05-29
c1757,45.289297,17.867933,78.20937803801242,2019-05-30
c1757,45.289297,17.867933,91.79714082166856,2019-05-31
c1757,45.289297,17.867933,86.91604509121287,2019-06-01
c1757,45.289297,17.867933,79.18956435348531,2019-06-02
c1757,45.289297,17.867933,80.449934346257,2019-06-03
c1757,45.289297,17.867933,90.81036257729326,2019-06-04
c1757,45.289297,17.867933,95.91008833652036,2019-06-05
c1757,45.289297,17.867933,79.86612203784154,2019-06-06
c1757,45.289297,17.867933,83.02443368967361,2019-06-07
c1757,45.289297,17.867933,89.59152832699164,2019-06-08
c1757,45.289297,17.867933,80.77994253711412,2019-06-09
c1757,45.289297,17.867933,77.77734904831088,2019-06-10
c1757,45.289297,17.867933,81.10775887392325,2019-06-11
c1757,45.289297,17.867933,79.34716878771235,2019-06-12
c1757,45.289297,17.867933,76.91810588575783,2019-06-13
c1757,45.289297,17.867933,78.58582593235498,2019-06-14
c1757,45.289297,17.867933,74.42557037480194,2019-06-15
c1757,45.289297,17.867933,81.69459388015406,2019-06-16
c1757,45.289297,17.867933,87.45409529417691,2019-06-17
c1757,45.289297,17.867933,82.48646932667019,2019-06-18
c1757,45.289297,17.867933,88.31625327681829,2019-06-19
c1757,45.289297,17.867933,81.38847954436851,2019-06-20
c1757,45.289297,17.867933,89.22225707631023,2019-06-21
c1757,45.289297,17.867933,77.67599860139578,2019-06-22
c1757,45.289297,17.867933,91.58605379496424,2019-06-23
c1757,45.289297,17.867933,91.6259182290372,2019-06-24
c1757,45.289297,17.867933,85.69643643654169,2019-06-25
c1757,45.289297,17.867933,73.22164064893326,2019-06-26
c1757,45.289297,17.867933,87.74350244842482,2019-06-27
c1757,45.289297,17.867933,87.77190903284136,2019-06-28
c1757,45.289297,17.867933,79.88406589769387,2019-06-29
c1757,45.289297,17.867933,82.67735711801221,2019-06-30
c1757,45.289297,17.867933,80.8604670267093,2019-07-01
c1757,45.289297,17.867933,86.86481822094191,2019-07-02
c1757,45.289297,17.867933,89.42014542088906,2019-07-03
c1757,45.289297,17.867933,72.38862666866156,2019-07-04
c1757,45.289297,17.867933,77.76505115881426,2019-07-05
c1757,45.289297,17.867933,80.2481026299895,2019-07-06
c1757,45.289297,17.867933,74.69039219508448,2019-07-07
c1757,45.289297,17.867933,74.78625861563602,2019-07-08
c1757,45.289297,17.867933,70.96064950479885,2019-07-09
c1757,45.289297,17.867933,89.27891605497194,2019-07-10
c1757,45.289297,17.867933,75.69899011918682,2019-07-11
c1757,45.289297,17.867933,76.91080492921425,2019-07-12
c1757,45.289297,17.867933,73.84966038189344,2019-07-13
c1757,45.289297,17.867933,83.31156476181846,2019-07-14
c1757,45.289297,17.867933,79.00116539060006,2019-07-16
c1757,45.289297,17.867933,76.34708896101176,2019-07-17
c1757,45.289297,17.867933,69.4201112532813,2019-07-18
c1757,45.289297,17.867933,70.32899030234628,2019-07-19
c1757,45.289297,17.867933,81.42838004067488,2019-07-20
c1757,45.289297,17.867933,77.41382250096366,2019-07-21
c1757,45.289297,17.867933,77.66427545824209,2019-07-22
c1757,45.289297,17.867933,80.44201484920455,2019-07-23
c1757,45.289297,17.867933,80.21795756878548,2019-07-24
c1757,45.289297,17.867933,78.36620018379398,2019-07-25
c1757,45.289297,17.867933,65.61354444412709,2019-07-26
c1757,45.289297,17.867933,87.48946081949903,2019-07-27
c1757,45.289297,17.867933,90.14934384991076,2019-07-28
c1757,45.289297,17.867933,82.67417005338987,2019-07-29
c1757,45.289297,17.867933,90.41515888408132,2019-07-30
c1757,45.289297,17.867933,84.78970372357595,2019-07-31
c1757,45.289297,17.867933,72.28846248845315,2019-08-01
c1757,45.289297,17.867933,55.84323309334312,2019-08-02
c1757,45.289297,17.867933,80.62102565669049,2019-08-03
c1757,45.289297,17.867933,77.05062527224926,2019-08-04
c1757,45.289297,17.867933,80.34015164797148,2019-08-05
c1757,45.289297,17.867933,84.97156195626319,2019-08-06
c1757,45.289297,17.867933,81.68761520840998,2019-08-07
c1757,45.289297,17.867933,75.54817920535103,2019-08-08
c1757,45.289297,17.867933,79.09777291851655,2019-08-09
c1757,45.289297,17.867933,75.3726888379976,2019-08-10
c1757,45.289297,17.867933,81.3239831326994,2019-08-11
c1757,45.289297,17.867933,77.91061715267996,2019-08-12
c1757,45.289297,17.867933,71.7624553467328,2019-08-13
c1757,45.289297,17.867933,98.04862191672952,2019-08-14
c1757,45.289297,17.867933,74.47831039026514,2019-08-15
c1757,45.289297,17.867933,63.79325845098303,2019-08-16
c1757,45.289297,17.867933,77.64013233771604,2019-08-17
c1757,45.289297,17.867933,75.0354626112527,2019-08-18
c1757,45.289297,17.867933,80.28239945262601,2019-08-19
c1757,45.289297,17.867933,79.88939554684087,2019-08-20
c1757,45.289297,17.867933,80.26443757404626,2019-08-21
c1757,45.289297,17.867933,,2019-08-22
c1757,45.289297,17.867933,94.11016589726128,2019-08-23
c1757,45.289297,17.867933,80.83889078782137,2019-08-24
c1757,45.289297,17.867933,79.48501769155143,2019-08-25
c1757,45.289297,17.867933,77.3540560188472,2019-08-26
c1757,45.289297,17.867933,88.99049162646966,2019-08-27
c1757,45.289297,17.867933,86.01829545224226,2019-08-28
c1757,45.289297,17.867933,79.75561315653088,2019-08-29
c1757,45.289297,17.867933,78.34791547416994,2019-08-30
c1757,45.289297,17.867933,76.11511875113153,2019-08-31
c1757,45.289297,17.867933,90.36774936935788,2019-09-01
c1757,45.289297,17.867933,81.60319763747164,2019-09-02
c1757,45.289297,17.867933,97.39542455980916,2019-09-03
c1757,45.289297,17.867933,73.29931793888625,2019-09-04
c1757,45.289297,17.867933,77.87123241903,2019-09-05
c1757,45.289297,17.867933,75.03420263592827,2019-09-06
c1757,45.289297,17.867933,73.93316742412571,2019-09-07
c1757,45.289297,17.867933,66.99069953431717,2019-09-08
c1757,45.289297,17.867933,70.41991401773043,2019-09-09
c1757,45.289297,17.867933,75.64667864800168,2019-09-10
c1757,45.289297,17.867933,71.75011391511823,2019-09-11
c1757,45.289297,17.867933,71.28653142118867,2019-09-12
c1757,45.289297,17.867933,67.36423701572693,2019-09-13
c1757,45.289297,17.867933,73.13315538332405,2019-09-14
c1757,45.289297,17.867933,68.79161630190052,2019-09-15
c1757,45.289297,17.867933,71.23988266708794,2019-09-16
c1757,45.289297,17.867933,74.5477480315569,2019-09-17
c1757,45.289297,17.867933,76.78321645093048,2019-09-18
c1757,45.289297,17.867933,91.53659416774332,2019-09-19
c1757,45.289297,17.867933,68.46702187966491,2019-09-20
c1757,45.289297,17.867933,72.02286306974503,2019-09-21
c1757,45.289297,17.867933,84.66936230442535,2019-09-22
c1757,45.289297,17.867933,58.27355829235089,2019-09-23
c1757,45.289297,17.867933,66.84875843122924,2019-09-24
c1757,45.289297,17.867933,70.06168867086454,2019-09-25
c1757,45.289297,17.867933,66.41080630344906,2019-09-26
c1757,45.289297,17.867933,72.58975834925307,2019-09-27
c1757,45.289297,17.867933,68.12361478157112,2019-09-28
c1757,45.289297,17.867933,68.72014771935588,2019-09-29
c1757,45.289297,17.867933,58.16086653963205,2019-09-30
c1757,45.289297,17.867933,68.43454216677843,2019-10-01
c1757,45.289297,17.867933,57.77652966695878,2019-10-02
c1757,45.289297,17.867933,169.4408495728225,2019-10-03
c1757,45.289297,17.867933,66.14281086850258,2019-10-04
c1757,45.289297,17.867933,70.81963235193078,2019-10-05
c1757,45.289297,17.867933,73.03622628229135,2019-10-06
c1757,45.289297,17.867933,67.65957038990106,2019-10-07
c1757,45.289297,17.867933,75.10762111825522,2019-10-08
c1757,45.289297,17.867933,62.39875126242678,2019-10-09
c1757,45.289297,17.867933,83.15789423039402,2019-10-10
c1757,45.289297,17.867933,75.26037433953462,2019-10-11
c1757,45.289297,17.867933,64.86924695414788,2019-10-12
c1757,45.289297,17.867933,57.84668273375956,2019-10-13
c1757,45.289297,17.867933,64.42359903801493,2019-10-14
c1757,45.289297,17.867933,56.23608074897949,2019-10-15
c1757,45.289297,17.867933,60.50464365589508,2019-10-16
c1757,45.289297,17.867933,69.45042080966633,2019-10-17
c1757,45.289297,17.867933,58.74569326934866,2019-10-18
c1757,45.289297,17.867933,63.02234514391865,2019-10-19
c1757,45.289297,17.867933,55.26400705014873,2019-10-20
c1757,45.289297,17.867933,56.62470080173664,2019-10-21
c1757,45.289297,17.867933,65.55355274818402,2019-10-22
c1757,45.289297,17.867933,72.60445049483499,2019-10-23
c1757,45.289297,17.867933,62.69883375576587,2019-10-24
c1757,45.289297,17.867933,60.811094079536595,2019-10-25
c1757,45.289297,17.867933,62.589889706236306,2019-10-26
c1757,45.289297,17.867933,61.74500390773719,2019-10-27
c1757,45.289297,17.867933,87.71628086498066,2019-10-28
c1757,45.289297,17.867933,,2019-10-29
c1757,45.289297,17.867933,94.98090040014438,2019-10-30
c1757,45.289297,17.867933,58.75625195310657,2019-10-31
c1757,45.289297,17.867933,46.91778163879276,2019-11-01
c1757,45.289297,17.867933,109.85989260352372,2019-11-02
c1757,45.289297,17.867933,60.84415360916994,2019-11-03
c1757,45.289297,17.867933,74.36626527500144,2019-11-04
c1757,45.289297,17.867933,55.7682005580715,2019-11-05
c1757,45.289297,17.867933,59.56065906290876,2019-11-06
c1757,45.289297,17.867933,63.42197109013181,2019-11-07
c1757,45.289297,17.867933,60.67232485934378,2019-11-08
c1757,45.289297,17.867933,88.47242203414648,2019-11-09
c1757,45.289297,17.867933,73.99147859412894,2019-11-10
c1757,45.289297,17.867933,64.12144047567485,2019-11-11
c1757,45.289297,17.867933,58.009437755870294,2019-11-13
c1757,45.289297,17.867933,45.957702184407154,2019-11-14
c1757,45.289297,17.867933,27.253691068689243,2019-11-15
c1757,45.289297,17.867933,58.43231205263036,2019-11-16
c1757,45.289297,17.867933,43.285000026115824,2019-11-17
c1757,45.289297,17.867933,47.80840525590733,2019-11-18
c1757,45.289297,17.867933,70.21202631895564,2019-11-19
c1757,45.289297,17.867933,87.56177593304376,2019-11-20
c1757,45.289297,17.867933,41.14665726021675,2019-11-21
c1757,45.289297,17.867933,63.4570705328479,2019-11-22
c1757,45.289297,17.867933,56.90245812299543,2019-11-23
c1757,45.289297,17.867933,64.18662000918609,2019-11-24
c1757,45.289297,17.867933,51.35014742334523,2019-11-25
c1757,45.289297,17.867933,55.134045354451175,2019-11-26
c1757,45.289297,17.867933,77.6349674604248,2019-11-27
c1757,45.289297,17.867933,75.47867272553822,2019-11-28
c1757,45.289297,17.867933,54.25093915164454,2019-11-29
c1757,45.289297,17.867933,64.74044840226176,2019-11-30
c1757,45.289297,17.867933,67.40760101150616,2019-12-01
c1757,45.289297,17.867933,125.52309314244236,2019-12-02
c1757,45.289297,17.867933,77.34145223690776,2019-12-03
c1757,45.289297,17.867933,58.042166981049704,2019-12-04
c1757,45.289297,17.867933,62.796108416125605,2019-12-05
c1757,45.289297,17.867933,78.00724251358157,2019-12-06
c1757,45.289297,17.867933,60.862290925189555,2019-12-07
c1757,45.289297,17.867933,57.57009296893476,2019-12-08
c1757,45.289297,17.867933,44.95250247964842,2019-12-09
c1757,45.289297,17.867933,55.90347495320197,2019-12-10
c1757,45.289297,17.867933,35.54268816780849,2019-12-11
c1757,45.289297,17.867933,142.5197609033059,2019-12-12
c1757,45.289297,17.867933,121.99555757967042,2019-12-13
c1757,45.289297,17.867933,52.74300167634583,2019-12-14
c1757,45.289297,17.867933,66.93175136181108,2019-12-15
c1757,45.289297,17.867933,81.96848739263255,2019-12-16
c1757,45.289297,17.867933,57.55691240511637,2019-12-17
c1757,45.289297,17.867933,40.30683027889039,2019-12-18
c1757,45.289297,17.867933,64.31817820979303,2019-12-19
c1757,45.289297,17.867933,57.8878829776297,2019-12-20
c1757,45.289297,17.867933,52.49696065826962,2019-12-21
c1757,45.289297,17.867933,109.41881921782232,2019-12-22
c1757,45.289297,17.867933,136.85568580854013,2019-12-23
c1757,45.289297,17.867933,65.24779859881772,2019-12-24
c1757,45.289297,17.867933,68.97313889086593,2019-12-25
c1757,45.289297,17.867933,62.227100776856865,2019-12-26
c1757,45.289297,17.867933,66.52452816553014,2019-12-27
c1757,45.289297,17.867933,39.10562922906544,2019-12-28
c1757,45.289297,17.867933,57.70403196807808,2019-12-29
c1757,45.289297,17.867933,53.50465510987509,2019-12-30
c1757,45.289297,17.867933,37.557577650906744,2019-12-31
c1757,45.289297,17.867933,51.37981034100523,2020-01-01
c1757,45.289297,17.867933,52.5288009291502,2020-01-02
c1757,45.289297,17.867933,61.386835875396294,2020-01-03
c1757,45.289297,17.867933,75.54531343437255,2020-01-04
c1757,45.289297,17.867933,55.41569868232369,2020-01-05
c1757,45.289297,17.867933,61.4933191141774,2020-01-06
c1757,45.289297,17.867933,65.95106789308706,2020-01-07
c1757,45.289297,17.867933,56.67857247418694,2020-01-08
c1757,45.289297,17.867933,68.89779078621426,2020-01-09
c1757,45.289297,17.867933,58.95306876248367,2020-01-10
c1757,45.289297,17.867933,83.06421153989595,2020-01-11
c1757,45.289297,17.867933,61.852902919499755,2020-01-12
c1757,45.289297,17.867933,57.592213251277975,2020-01-13
c1757,45.289297,17.867933,71.59007840365264,2020-01-14
c1757,45.289297,17.867933,71.74569832254585,2020-01-15
c1757,45.289297,17.867933,67.13355278942858,2020-01-16
c1757,45.289297,17.867933,69.17362762176052,2020-01-17
c1757,45.289297,17.867933,49.95677831549128,2020-01-18
c1757,45.289297,17.867933,72.79869717031629,2020-01-19
c1757,45.289297,17.867933,67.15542176827805,2020-01-20
c1757,45.289297,17.867933,44.76426224034385,2020-01-21
c1757,45.289297,17.867933,46.536945992505274,2020-01-22
c1757,45.289297,17.867933,51.90944039647694,2020-01-23
c1757,45.289297,17.867933,72.01042052786785,2020-01-24
c1757,45.289297,17.867933,33.033929072434134,2020-01-25
c1757,45.289297,17.867933,45.95876268029465,2020-01-26
c1757,45.289297,17.867933,50.36822581762411,2020-01-27
c1757,45.289297,17.867933,30.98435210028702,2020-01-28
c1757,45.289297,17.867933,61.58707344509995,2020-01-29
c1757,45.289297,17.867933,55.85222593236778,2020-01-30
c1757,45.289297,17.867933,41.79081193285562,2020-01-31
c1757,45.289297,17.867933,45.97310302821148,2020-02-01
c1757,45.289297,17.867933,47.74114589914356,2020-02-02
c1757,45.289297,17.867933,41.69021773480806,2020-02-03
c1757,45.289297,17.867933,94.15696624962736,2020-02-04
c1757,45.289297,17.867933,96.88054050285103,2020-02-05
c1757,45.289297,17.867933,55.56714107406347,2020-02-06
c1757,45.289297,17.867933,60.84016711106356,2020-02-07
c1757,45.289297,17.867933,53.743826278549626,2020-02-08
c1757,45.289297,17.867933,51.094239169251395,2020-02-09
c1757,45.289297,17.867933,98.2088140380211,2020-02-10
c1757,45.289297,17.867933,75.85131665376768,2020-02-11
c1757,45.289297,17.867933,45.66171209860236,2020-02-12
c1757,45.289297,17.867933,67.27442141198297,2020-02-13
c1757,45.289297,17.867933,59.011659841475485,2020-02-14
c1757,45.289297,17.867933,66.49210427284251,2020-02-15
c1757,45.289297,17.867933,60.90660324641808,2020-02-16
c1757,45.289297,17.867933,56.99128829302268,2020-02-17
c1757,45.289297,17.867933,132.9230019873359,2020-02-18
c1757,45.289297,17.867933,56.52624354762886,2020-02-19
c1757,45.289297,17.867933,64.27078059288662,2020-02-20
c1757,45.289297,17.867933,63.16843505184306,2020-02-21
c1757,45.289297,17.867933,65.58597520931808,2020-02-22
c1757,45.289297,17.867933,71.00006711466037,2020-02-23
c1757,45.289297,17.867933,66.16912979856419,2020-02-24
c1757,45.289297,17.867933,62.46100420347712,2020-02-25
c1757,45.289297,17.867933,60.24402081260085,2020-02-26
c1757,45.289297,17.867933,67.84405344675486,2020-02-27
c1757,45.289297,17.867933,72.0446500426038,2020-02-28
c1757,45.289297,17.867933,66.34056709281765,2020-02-29
c1757,45.289297,17.867933,79.70676075844501,2020-03-01
c1757,45.289297,17.867933,56.623599652567094,2020-03-02
c1757,45.289297,17.867933,82.51330209070265,2020-03-03
c1757,45.289297,17.867933,87.65014853564152,2020-03-04
c1757,45.289297,17.867933,64.98483768744357,2020-03-05
c1757,45.289297,17.867933,52.98785014725456,2020-03-06
c1757,45.289297,17.867933,65.64466308579922,2020-03-07
c1757,45.289297,17.867933,65.50773942940764,2020-03-08
c1757,45.289297,17.867933,61.10507504364857,2020-03-09
c1757,45.289297,17.867933,77.13098694725524,2020-03-10
c1757,45.289297,17.867933,69.8814539316212,2020-03-11
c1757,45.289297,17.867933,64.09940156357162,2020-03-12
c1757,45.289297,17.867933,64.1872729890627,2020-03-13
c1757,45.289297,17.867933,86.6972749175893,2020-03-14
c1757,45.289297,17.867933,62.075949400986815,2020-03-15
c1757,45.289297,17.867933,68.19234477244709,2020-03-16
c1757,45.289297,17.867933,61.87420842548902,2020-03-17
c1757,45.289297,17.867933,72.27385946683698,2020-03-18
c1757,45.289297,17.867933,73.08034982211724,2020-03-19
c1757,45.289297,17.867933,75.81271570907748,2020-03-20
c1757,45.289297,17.867933,65.68869921963093,2020-03-21
c1757,45.289297,17.867933,61.66722030161227,2020-03-22
c1757,45.289297,17.867933,68.42229692805522,2020-03-23
c1757,45.289297,17.867933,92.0874390481822,2020-03-24
c1757,45.289297,17.867933,66.01186917633883,2020-03-25
c1757,45.289297,17.867933,119.49775790978453,2020-03-26
c1757,45.289297,17.867933,86.77724814181333,2020-03-27
c1757,45.289297,17.867933,77.20866055073648,2020-03-28
c1757,45.289297,17.867933,67.61413460315286,2020-03-29
c1757,45.289297,17.867933,61.36296900265052,2020-03-30
c1757,45.289297,17.867933,68.38880323871567,2020-03-31
c1757,45.289297,17.867933,72.94147854720792,2020-04-01
c1757,45.289297,17.867933,71.02788430473818,2020-04-02
c1757,45.289297,17.867933,93.09214167912464,2020-04-03
c1757,45.289297,17.867933,72.40506605708501,2020-04-04
c1757,45.289297,17.867933,55.989408144729325,2020-04-05
c1757,45.289297,17.867933,59.501799273596816,2020-04-06
c1757,45.289297,17.867933,63.62160991176245,2020-04-07
c1757,45.289297,17.867933,62.90207087353128,2020-04-08
c1757,45.289297,17.867933,81.88518679858059,2020-04-09
c1757,45.289297,17.867933,62.08341206739929,2020-04-10
c1757,45.289297,17.867933,61.935349014137245,2020-04-11
c1757,45.289297,17.867933,67.51340228196196,2020-04-12
c1757,45.289297,17.867933,68.36025345070432,2020-04-13
c1757,45.289297,17.867933,73.77169571278785,2020-04-14
c1757,45.289297,17.867933,75.81251773668032,2020-04-15
c1757,45.289297,17.867933,71.27492934159406,2020-04-16
c1757,45.289297,17.867933,71.29096539479109,2020-04-17
c1757,45.289297,17.867933,70.54025939128994,2020-04-18
c1757,45.289297,17.867933,69.38857038669474,2020-04-19
c1757,45.289297,17.867933,80.67106799808468,2020-04-20
c1757,45.289297,17.867933,76.64673554465163,2020-04-21
c1757,45.289297,17.867933,60.45714307575509,2020-04-22
c1757,45.289297,17.867933,61.43567131885027,2020-04-23
c1757,45.289297,17.867933,67.51473617891543,2020-04-24
c1757,45.289297,17.867933,63.89417450427179,2020-04-25
c1757,45.289297,17.867933,68.17813756296772,2020-04-26
c1757,45.289297,17.867933,68.05509140744641,2020-04-27
c1757,45.289297,17.867933,69.87098969732577,2020-04-28
c1757,45.289297,17.867933,62.40972244473983,2020-04-29
c1757,45.289297,17.867933,64.48122114368192,2020-04-30
c1757,45.289297,17.867933,73.97317752222042,2020-05-01
c1757,45.289297,17.867933,69.15679321599926,2020-05-02
c1757,45.289297,17.867933,69.49243771472858,2020-05-03
c1757,45.289297,17.867933,69.77299090158324,2020-05-04
c1757,45.289297,17.867933,74.52674080637954,2020-05-05
c1757,45.289297,17.867933,77.6762760146917,2020-05-06
c1757,45.289297,17.867933,71.5410849256463,2020-05-07
c1757,45.289297,17.867933,73.85300400528175,2020-05-08
c1757,45.289297,17.867933,77.92625248500461,2020-05-09
c1757,45.289297,17.867933,75.77642297426222,2020-05-10
c1757,45.289297,17.867933,75.16338935791573,2020-05-11
c1757,45.289297,17.867933,72.72991025973722,2020-05-12
c1757,45.289297,17.867933,76.19486844194432,2020-05-13
c1757,45.289297,17.867933,57.28757050023603,2020-05-14
c1757,45.289297,17.867933,75.65451888888258,2020-05-15
c1757,45.289297,17.867933,68.23392382749789,2020-05-16
c1757,45.289297,17.867933,90.0635164634213,2020-05-17
c1757,45.289297,17.867933,78.11167343165256,2020-05-18
c1757,45.289297,17.867933,77.7367178271901,2020-05-19
c1757,45.289297,17.867933,69.66636704743412,2020-05-20
c1757,45.289297,17.867933,65.54917612304344,2020-05-21
c1757,45.289297,17.867933,72.5923136011762,2020-05-22
c1757,45.289297,17.867933,70.58086573137143,2020-05-23
c1757,45.289297,17.867933,68.33136701086869,2020-05-24
c1757,45.289297,17.867933,80.26837802445034,2020-05-25
c1757,45.289297,17.867933,75.87456106755134,2020-05-26
c1757,45.289297,17.867933,69.1175880680724,2020-05-27
c1757,45.289297,17.867933,75.15847653764366,2020-05-28
c1757,45.289297,17.867933,67.77825677337678,2020-05-29
c1757,45.289297,17.867933,68.65751558681103,2020-05-30
c1757,45.289297,17.867933,73.5724895241356,2020-05-31
c1757,45.289297,17.867933,74.64108205517998,2020-06-01
c1757,45.289297,17.867933,75.0508653625628,2020-06-02
c1757,45.289297,17.867933,68.89581994255964,2020-06-03
c1757,45.289297,17.867933,73.61468593151297,2020-06-04
c1757,45.289297,17.867933,70.01691836138443,2020-06-05
c1757,45.289297,17.867933,67.54362110488798,2020-06-06
c1757,45.289297,17.867933,73.12265123552972,2020-06-07
c1757,45.289297,17.867933,75.45526527515644,2020-06-08
c1757,45.289297,17.867933,72.64305489728822,2020-06-09
c1757,45.289297,17.867933,67.44895932414711,2020-06-10
c1757,45.289297,17.867933,72.66612701973605,2020-06-11
c1757,45.289297,17.867933,86.35397524468014,2020-06-13
c1757,45.289297,17.867933,72.28428313412226,2020-06-14
c1757,45.289297,17.867933,70.4997358597776,2020-06-15
c1757,45.289297,17.867933,68.11037634549618,2020-06-16
c1757,45.289297,17.867933,69.25034232758946,2020-06-17
c1757,45.289297,17.867933,75.35967836857648,2020-06-18
c1757,45.289297,17.867933,71.03794070328861,2020-06-19
c1757,45.289297,17.867933,72.60185400064587,2020-06-20
c1757,45.289297,17.867933,65.35028513380827,2020-06-21
c1757,45.289297,17.867933,78.50298049755767,2020-06-22
c1757,45.289297,17.867933,76.14804724607293,2020-06-23
c1757,45.289297,17.867933,73.02371033303639,2020-06-24
c1757,45.289297,17.867933,74.33568587828074,2020-06-25
c1757,45.289297,17.867933,80.47821481878498,2020-06-26
c1757,45.289297,17.867933,78.11051363841247,2020-06-27
c1757,45.289297,17.867933,74.48547754958811,2020-06-28
c1757,45.289297,17.867933,78.20647113124849,2020-06-29
c1757,45.289297,17.867933,81.77317466926822,2020-06-30
c1757,45.289297,17.867933,80.10398375238725,2020-07-01
c1757,45.289297,17.867933,76.00554729012039,2020-07-02
c1757,45.289297,17.867933,69.57447521735541,2020-07-03
c1757,45.289297,17.867933,75.41373075337906,2020-07-05
c1757,45.289297,17.867933,69.8515629188366,2020-07-06
c1757,45.289297,17.867933,70.64354254708013,2020-07-07
c1757,45.289297,17.867933,79.2714474830608,2020-07-08
c1757,45.289297,17.867933,81.14327181138806,2020-07-09
c1757,45.289297,17.867933,76.0883008164153,2020-07-10
c1757,45.289297,17.867933,73.54459525549402,2020-07-11
c1757,45.289297,17.867933,73.78489104469924,2020-07-12
c1757,45.289297,17.867933,71.47111057860886,2020-07-13
c1757,45.289297,17.867933,69.69677820891197,2020-07-14
c1757,45.289297,17.867933,,2020-07-15
c1757,45.289297,17.867933,68.31381588766735,2020-07-16
c1757,45.289297,17.867933,100.82692717263346,2020-07-17
c1757,45.289297,17.867933,64.55628344070404,2020-07-18
c1757,45.289297,17.867933,65.25477994560521,2020-07-19
c1757,45.289297,17.867933,76.77965270499904,2020-07-20
c1757,45.289297,17.867933,77.46793133310369,2020-07-21
c1757,45.289297,17.867933,96.58375351961774,2020-07-22
c1757,45.289297,17.867933,53.18968270283185,2020-07-23
c1757,45.289297,17.867933,79.92107060698707,2020-07-24
c1757,45.289297,17.867933,77.49872449359616,2020-07-25
c1757,45.289297,17.867933,71.12661704232755,2020-07-26
c1757,45.289297,17.867933,73.3405321767857,2020-07-27
c1757,45.289297,17.867933,79.37919106413482,2020-07-28
c1757,45.289297,17.867933,79.28670943128769,2020-07-29
c1757,45.289297,17.867933,79.63661529225966,2020-07-30
c1757,45.289297,17.867933,72.51895111231859,2020-07-31
c1757,45.289297,17.867933,86.1463979974976,2020-08-02
c1757,45.289297,17.867933,78.64221183286222,2020-08-03
c1757,45.289297,17.867933,30.555435400652502,2020-08-04
c1757,45.289297,17.867933,112.70302071714796,2020-08-05
c1757,45.289297,17.867933,77.78826250358358,2020-08-06
c1757,45.289297,17.867933,85.34109346516871,2020-08-07
c1757,45.289297,17.867933,78.0621173245394,2020-08-08
c1757,45.289297,17.867933,74.42008802190695,2020-08-09
c1757,45.289297,17.867933,75.39485241240499,2020-08-10
c1757,45.289297,17.867933,72.5736949754335,2020-08-11
c1757,45.289297,17.867933,73.07280257146991,2020-08-12
c1757,45.289297,17.867933,82.5618837666478,2020-08-13
c1757,45.289297,17.867933,77.91217243682898,2020-08-14
c1757,45.289297,17.867933,76.24200656737021,2020-08-15
c1757,45.289297,17.867933,72.38703368246645,2020-08-16
c1757,45.289297,17.867933,70.12780561998936,2020-08-17
c1757,45.289297,17.867933,96.20318633900906,2020-08-18
c1757,45.289297,17.867933,66.90591357288243,2020-08-19
c1757,45.289297,17.867933,69.81266223324113,2020-08-20
c1757,45.289297,17.867933,73.60384576927815,2020-08-21
c1757,45.289297,17.867933,71.7600063735504,2020-08-22
c1757,45.289297,17.867933,73.43573941468138,2020-08-23
c1757,45.289297,17.867933,69.89725397829666,2020-08-24
c1757,45.289297,17.867933,67.69233306152559,2020-08-25
c1757,45.289297,17.867933,79.69434764731457,2020-08-26
c1757,45.289297,17.867933,71.38656414516977,2020-08-27
c1757,45.289297,17.867933,69.28196503271066,2020-08-28
c1757,45.289297,17.867933,74.21628629734538,2020-08-29
c1757,45.289297,17.867933,73.37144575825344,2020-08-30
c1757,45.289297,17.867933,87.4020738178355,2020-08-31
c1757,45.289297,17.867933,68.32027811222251,2020-09-01
c1757,45.289297,17.867933,68.4672919654463,2020-09-02
c1757,45.289297,17.867933,70.05004663295043,2020-09-03
c1757,45.289297,17.867933,69.67394734126692,2020-09-04
c1757,45.289297,17.867933,70.1339763820143,2020-09-05
c1757,45.289297,17.867933,72.7903896416395,2020-09-06
c1757,45.289297,17.867933,70.96083857631308,2020-09-07
c1757,45.289297,17.867933,75.49680656301366,2020-09-08
c1757,45.289297,17.867933,77.81285496585693,2020-09-09
c1757,45.289297,17.867933,66.91800799210475,2020-09-10
c1757,45.289297,17.867933,75.12537514098109,2020-09-11
c1757,45.289297,17.867933,71.44195555104507,2020-09-12
c1757,45.289297,17.867933,61.39137615411125,2020-09-13
c1757,45.289297,17.867933,75.52151492367015,2020-09-15
c1757,45.289297,17.867933,96.31894955812324,2020-09-16
c1757,45.289297,17.867933,100.97821353925488,2020-09-17
c1757,45.289297,17.867933,71.56615699089554,2020-09-18
c1757,45.289297,17.867933,58.09446411284682,2020-09-19
c1757,45.289297,17.867933,75.37447216931493,2020-09-20
c1757,45.289297,17.867933,69.80164533618115,2020-09-21
c1757,45.289297,17.867933,104.28144712221128,2020-09-22
c1757,45.289297,17.867933,65.14233350890663,2020-09-23
c1757,45.289297,17.867933,64.88284191302265,2020-09-24
c1757,45.289297,17.867933,89.93515061802162,2020-09-25
c1757,45.289297,17.867933,84.07596539124164,2020-09-26
c1757,45.289297,17.867933,70.19777571691426,2020-09-27
c1757,45.289297,17.867933,44.16249344467562,2020-09-28
c1757,45.289297,17.867933,64.46101149613571,2020-09-29
c1757,45.289297,17.867933,72.25401738404042,2020-09-30
c1757,45.289297,17.867933,71.67853824868534,2020-10-01
c1757,45.289297,17.867933,64.79319384961411,2020-10-02
c1757,45.289297,17.867933,64.65756861886047,2020-10-03
c1757,45.289297,17.867933,60.70268489301097,2020-10-04
c1757,45.289297,17.867933,69.18810983456231,2020-10-05
c1757,45.289297,17.867933,56.44648449632777,2020-10-06
c1757,45.289297,17.867933,89.124367114086,2020-10-07
c1757,45.289297,17.867933,67.17227710650467,2020-10-08
c1757,45.289297,17.867933,72.10240529110952,2020-10-09
c1757,45.289297,17.867933,85.27764885089884,2020-10-10
c1757,45.289297,17.867933,60.14953462440134,2020-10-11
c1757,45.289297,17.867933,159.4078316673728,2020-10-12
c1757,45.289297,17.867933,137.3954465168697,2020-10-13
c1757,45.289297,17.867933,60.1056929786105,2020-10-14
c1757,45.289297,17.867933,165.97775315717334,2020-10-15
c1757,45.289297,17.867933,60.5661359669874,2020-10-16
c1757,45.289297,17.867933,72.91386506750429,2020-10-17
c1757,45.289297,17.867933,62.97045114482366,2020-10-18
c1757,45.289297,17.867933,64.61082515955577,2020-10-19
c1757,45.289297,17.867933,68.70930809755917,2020-10-20
c1757,45.289297,17.867933,67.51226512984195,2020-10-21
c1757,45.289297,17.867933,59.74434668098505,2020-10-22
c1757,45.289297,17.867933,60.24649700783175,2020-10-23
c1757,45.289297,17.867933,84.9347548249603,2020-10-24
c1757,45.289297,17.867933,62.04517427154497,2020-10-25
c1757,45.289297,17.867933,57.21518267675277,2020-10-26
c1757,45.289297,17.867933,46.95378713419977,2020-10-27
c1757,45.289297,17.867933,85.26048268577226,2020-10-28
c1757,45.289297,17.867933,76.94081763873086,2020-10-29
c1757,45.289297,17.867933,92.49454669362586,2020-10-30
c1757,45.289297,17.867933,60.67862230426788,2020-10-31
c1757,45.289297,17.867933,49.48004460885471,2020-11-01
c1757,45.289297,17.867933,63.867421578377815,2020-11-02
c1757,45.289297,17.867933,58.044874865304365,2020-11-03
c1757,45.289297,17.867933,94.30319975592224,2020-11-04
c1757,45.289297,17.867933,244.4241343088312,2020-11-05
c1757,45.289297,17.867933,50.992467711080934,2020-11-06
c1757,45.289297,17.867933,65.04210685320119,2020-11-07
c1757,45.289297,17.867933,51.083625559730386,2020-11-08
c1757,45.289297,17.867933,49.68451595225745,2020-11-09
c1757,45.289297,17.867933,54.32965113752312,2020-11-10
c1757,45.289297,17.867933,60.45497809265955,2020-11-11
c1757,45.289297,17.867933,56.82173909657026,2020-11-12
c1757,45.289297,17.867933,48.83197527500907,2020-11-13
c1757,45.289297,17.867933,59.275133891128384,2020-11-14
c1757,45.289297,17.867933,52.03061233434132,2020-11-15
c1757,45.289297,17.867933,63.67619017804819,2020-11-16
c1757,45.289297,17.867933,108.0806978883805,2020-11-17
c1757,45.289297,17.867933,47.78136448960367,2020-11-18
c1757,45.289297,17.867933,42.33842028762216,2020-11-19
c1757,45.289297,17.867933,,2020-11-20
c1757,45.289297,17.867933,47.370466717363136,2020-11-21
c1757,45.289297,17.867933,46.15090595267413,2020-11-22
c1757,45.289297,17.867933,70.86461865747297,2020-11-23
c1757,45.289297,17.867933,62.582320310726715,2020-11-24
c1757,45.289297,17.867933,44.71675518814106,2020-11-25
c1757,45.289297,17.867933,39.19117800223475,2020-11-26
c1757,45.289297,17.867933,47.83155087279109,2020-11-27
c1757,45.289297,17.867933,71.05805422618924,2020-11-28
c1757,45.289297,17.867933,50.21491964037498,2020-11-29
c1757,45.289297,17.867933,68.14428306764351,2020-11-30
c1757,45.289297,17.867933,60.55290658249066,2020-12-01
c1757,45.289297,17.867933,,2020-12-02
c1757,45.289297,17.867933,153.5355376593291,2020-12-03
c1757,45.289297,17.867933,119.91085942277284,2020-12-04
c1757,45.289297,17.867933,69.51342415812981,2020-12-05
c1757,45.289297,17.867933,66.7950998949586,2020-12-06
c1757,45.289297,17.867933,34.790964420590456,2020-12-07
c1757,45.289297,17.867933,69.5586594609136,2020-12-08
c1757,45.289297,17.867933,98.70686163238808,2020-12-09
c1757,45.289297,17.867933,76.25903905304254,2020-12-10
c1757,45.289297,17.867933,62.98017836346429,2020-12-11
c1757,45.289297,17.867933,85.28765281494634,2020-12-12
c1757,45.289297,17.867933,79.41773613633326,2020-12-13
c1757,45.289297,17.867933,81.30787304528396,2020-12-14
c1757,45.289297,17.867933,51.36528396569034,2020-12-15
c1757,45.289297,17.867933,101.48152691204008,2020-12-16
c1757,45.289297,17.867933,98.6962323375421,2020-12-17
c1757,45.289297,17.867933,88.52214317037821,2020-12-18
c1757,45.289297,17.867933,61.37441312421101,2020-12-19
c1757,45.289297,17.867933,67.36756158779943,2020-12-20
c1757,45.289297,17.867933,76.4407158183869,2020-12-21
c1757,45.289297,17.867933,89.5934892772449,2020-12-22
c1757,45.289297,17.867933,54.4547777836007,2020-12-23
c1757,45.289297,17.867933,,2020-12-24
c1757,45.289297,17.867933,,2020-12-25
c1757,45.289297,17.867933,46.892276424506655,2020-12-26
c1757,45.289297,17.867933,150.80035663260404,2020-12-27
c1757,45.289297,17.867933,31.02591072887789,2020-12-28
c1757,45.289297,17.867933,58.75162587393291,2020-12-29
c1757,45.289297,17.867933,80.54369901421806,2020-12-30
c1757,45.289297,17.867933,116.55098506799308,2020-12-31
c1757,45.289297,17.867933,37.279108187415936,2021-01-02
c1757,45.289297,17.867933,31.739954300610584,2021-01-03
c1757,45.289297,17.867933,32.991392600200044,2021-01-04
c1757,45.289297,17.867933,32.17347186757504,2021-01-05
c1757,45.289297,17.867933,36.965849628843706,2021-01-06
c1757,45.289297,17.867933,47.6297126594996,2021-01-07
c1757,45.289297,17.867933,59.78282597298413,2021-01-08
c1757,45.289297,17.867933,73.70599587822218,2021-01-09
c1757,45.289297,17.867933,173.35170568430675,2021-01-10
c1757,45.289297,17.867933,93.11202681420014,2021-01-11
c1757,45.289297,17.867933,91.83356649977412,2021-01-12
c1757,45.289297,17.867933,137.7590310828739,2021-01-13
c1757,45.289297,17.867933,190.09828150629355,2021-01-14
c1757,45.289297,17.867933,115.09300237188228,2021-01-15
c1757,45.289297,17.867933,111.91286745938449,2021-01-16
c1757,45.289297,17.867933,158.22268201545776,2021-01-17
c1757,45.289297,17.867933,98.57743294666454,2021-01-18
c1757,45.289297,17.867933,145.69249915460506,2021-01-19
c1757,45.289297,17.867933,68.81986285367273,2021-01-20
c1757,45.289297,17.867933,70.08376627166223,2021-01-21
c1757,45.289297,17.867933,80.43164364795643,2021-01-22
c1757,45.289297,17.867933,84.92511542069796,2021-01-23
c1757,45.289297,17.867933,63.51434100988352,2021-01-24
c1757,45.289297,17.867933,20.77800481980122,2021-01-25
c1757,45.289297,17.867933,39.05479486277427,2021-01-26
c1757,45.289297,17.867933,46.90487227292212,2021-01-27
c1757,45.289297,17.867933,-14.224353362725658,2021-01-28
c1757,45.289297,17.867933,,2021-01-29
c1757,45.289297,17.867933,44.50141734306663,2021-01-30
c1757,45.289297,17.867933,,2021-01-31
c1757,45.289297,17.867933,54.73363175802019,2021-02-01
c1757,45.289297,17.867933,62.08351477739401,2021-02-02
c1757,45.289297,17.867933,51.9211046914402,2021-02-03
c1757,45.289297,17.867933,63.30990985786642,2021-02-04
c1757,45.289297,17.867933,53.173143844490035,2021-02-05
c1757,45.289297,17.867933,32.312608671468105,2021-02-06
c1757,45.289297,17.867933,54.56115171576525,2021-02-07
c1757,45.289297,17.867933,65.13359294581079,2021-02-08
c1757,45.289297,17.867933,,2021-02-09
c1757,45.289297,17.867933,67.32724150830356,2021-02-10
c1757,45.289297,17.867933,119.95685040716435,2021-02-11
c1757,45.289297,17.867933,48.61987997370463,2021-02-12
c1757,45.289297,17.867933,63.88229962193676,2021-02-13
c1757,45.289297,17.867933,45.510208354250594,2021-02-14
c1757,45.289297,17.867933,59.918021734806594,2021-02-15
c1757,45.289297,17.867933,44.929296826266494,2021-02-16
c1757,45.289297,17.867933,34.372116144804,2021-02-17
c1757,45.289297,17.867933,60.22954647972449,2021-02-18
c1757,45.289297,17.867933,54.61744993347075,2021-02-19
c1757,45.289297,17.867933,63.57281341777061,2021-02-20
c1757,45.289297,17.867933,73.96402117135297,2021-02-21
c1757,45.289297,17.867933,51.78906409316504,2021-02-22
c1757,45.289297,17.867933,60.86136825518496,2021-02-23
c1757,45.289297,17.867933,57.00175373927245,2021-02-24
c1757,45.289297,17.867933,52.55326420856236,2021-02-25
c1757,45.289297,17.867933,58.7445764389361,2021-02-26
c1757,45.289297,17.867933,71.85469299340167,2021-02-27
c1757,45.289297,17.867933,71.52504881925047,2021-02-28
c1757,45.289297,17.867933,71.33635860671824,2021-03-01
c1757,45.289297,17.867933,59.97818603840994,2021-03-02
c1757,45.289297,17.867933,62.4410176431245,2021-03-03
c1757,45.289297,17.867933,57.4978122459161,2021-03-04
c1757,45.289297,17.867933,69.43555222115685,2021-03-05
c1757,45.289297,17.867933,64.95496962746859,2021-03-06
c1757,45.289297,17.867933,68.46746816159354,2021-03-07
c1757,45.289297,17.867933,57.730649861380634,2021-03-08
c1757,45.289297,17.867933,62.8704496692328,2021-03-09
c1757,45.289297,17.867933,66.28287996290918,2021-03-10
c1757,45.289297,17.867933,72.31872222975035,2021-03-11
c1757,45.289297,17.867933,90.95762203370076,2021-03-12
c1757,45.289297,17.867933,59.139358727834015,2021-03-13
c1757,45.289297,17.867933,87.48974213836115,2021-03-14
c1757,45.289297,17.867933,88.39908293156223,2021-03-15
c1757,45.289297,17.867933,91.3282367679772,2021-03-16
c1757,45.289297,17.867933,106.93684117313238,2021-03-17
c1757,45.289297,17.867933,74.20432834098196,2021-03-18
c1757,45.289297,17.867933,92.44241362304714,2021-03-19
c1757,45.289297,17.867933,74.79670754748167,2021-03-20
c1757,45.289297,17.867933,76.39611999875237,2021-03-21
c1757,45.289297,17.867933,91.6655225765517,2021-03-22
c1757,45.289297,17.867933,78.94486398515375,2021-03-23
c1757,45.289297,17.867933,102.89008506481647,2021-03-24
c1757,45.289297,17.867933,79.54368445007292,2021-03-25
c1757,45.289297,17.867933,67.20694642369698,2021-03-26
c1757,45.289297,17.867933,72.87158577661941,2021-03-27
c1757,45.289297,17.867933,76.84255224921023,2021-03-28
c1757,45.289297,17.867933,69.16367547754217,2021-03-29
c1757,45.289297,17.867933,124.73929527171974,2021-03-30
c1757,45.289297,17.867933,67.07379505051938,2021-03-31
c1757,45.289297,17.867933,64.82611538104976,2021-04-01
c1757,45.289297,17.867933,83.94515839643715,2021-04-02
c1757,45.289297,17.867933,82.40680512742256,2021-04-03
c1757,45.289297,17.867933,82.91946030693016,2021-04-04
c1757,45.289297,17.867933,72.53285053742498,2021-04-05
c1757,45.289297,17.867933,102.18974490254072,2021-04-06
c1757,45.289297,17.867933,93.21310910567526,2021-04-07
c1757,45.289297,17.867933,86.45506333519637,2021-04-08
c1757,45.289297,17.867933,79.19537074426249,2021-04-09
c1757,45.289297,17.867933,57.713157911208505,2021-04-10
c1757,45.289297,17.867933,71.38392389986691,2021-04-11
c1757,45.289297,17.867933,67.69820877482654,2021-04-12
c1757,45.289297,17.867933,135.51931751601128,2021-04-13
c1757,45.289297,17.867933,93.45609247936784,2021-04-14
c1757,45.289297,17.867933,62.914912299575775,2021-04-15
c1757,45.289297,17.867933,68.87523276771171,2021-04-16
c1757,45.289297,17.867933,130.7115153016676,2021-04-17
c1757,45.289297,17.867933,102.22940384715652,2021-04-18
c1757,45.289297,17.867933,79.09154717662213,2021-04-19
c1757,45.289297,17.867933,66.57038783171969,2021-04-20
c1757,45.289297,17.867933,70.22577623883998,2021-04-21
c1757,45.289297,17.867933,77.09720152497209,2021-04-22
c1757,45.289297,17.867933,82.33440216326294,2021-04-23
c1757,45.289297,17.867933,82.72646904143254,2021-04-24
c1757,45.289297,17.867933,78.18533186354237,2021-04-25
c1757,45.289297,17.867933,94.13877147190443,2021-04-26
c1757,45.289297,17.867933,134.23865434801445,2021-04-27
c1757,45.289297,17.867933,101.92758971734848,2021-04-28
c1757,45.289297,17.867933,72.10722836550156,2021-04-29
c1757,45.289297,17.867933,66.49363677766556,2021-04-30
c1757,45.289297,17.867933,76.87746916638159,2021-05-01
c1757,45.289297,17.867933,73.49034385920811,2021-05-02
c1757,45.289297,17.867933,64.89021584800892,2021-05-03
c1757,45.289297,17.867933,74.86656741685024,2021-05-04
c1757,45.289297,17.867933,74.67641881269202,2021-05-05
c1757,45.289297,17.867933,76.26424478970715,2021-05-06
c1757,45.289297,17.867933,61.12378301404576,2021-05-07
c1757,45.289297,17.867933,72.89378517580357,2021-05-08
c1757,45.289297,17.867933,73.69029953700145,2021-05-09
c1757,45.289297,17.867933,71.2287077092493,2021-05-10
c1757,45.289297,17.867933,67.62718972492422,2021-05-11
c1757,45.289297,17.867933,62.62090401835951,2021-05-12
c1757,45.289297,17.867933,62.78699227361426,2021-05-13
c1757,45.289297,17.867933,73.63055108769093,2021-05-14
c1757,45.289297,17.867933,66.05673825851777,2021-05-15
c1757,45.289297,17.867933,74.9936016401612,2021-05-16
c1757,45.289297,17.867933,80.98706473644732,2021-05-17
c1757,45.289297,17.867933,76.59062615369105,2021-05-18
c1757,45.289297,17.867933,81.0268441881921,2021-05-19
c1757,45.289297,17.867933,55.73152498275673,2021-05-20
c1757,45.289297,17.867933,80.63299661867677,2021-05-21
c1757,45.289297,17.867933,73.0051863086839,2021-05-22
c1757,45.289297,17.867933,80.14301683369801,2021-05-23
c1757,45.289297,17.867933,77.7587299535804,2021-05-24
c1757,45.289297,17.867933,71.94082030855621,2021-05-25
c1757,45.289297,17.867933,80.48150574885669,2021-05-26
c1757,45.289297,17.867933,81.77001754535044,2021-05-27
c1757,45.289297,17.867933,79.91413198520551,2021-05-28
c1757,45.289297,17.867933,75.33727507322634,2021-05-29
c1757,45.289297,17.867933,73.02463509231526,2021-05-30
c1757,45.289297,17.867933,71.82815994168658,2021-05-31
c1757,45.289297,17.867933,76.02866021018066,2021-06-01
c1757,45.289297,17.867933,81.06447153529467,2021-06-02
c1757,45.289297,17.867933,80.86881562931588,2021-06-03
c1757,45.289297,17.867933,90.4222473857827,2021-06-04
c1757,45.289297,17.867933,81.82766346062361,2021-06-05
c1757,45.289297,17.867933,89.4696270291271,2021-06-06
c1757,45.289297,17.867933,83.75698089294772,2021-06-07
c1757,45.289297,17.867933,77.37985510468762,2021-06-08
c1757,45.289297,17.867933,79.22391106320624,2021-06-09
c1757,45.289297,17.867933,88.74008457453687,2021-06-10
c1757,45.289297,17.867933,86.29552003649624,2021-06-11
c1757,45.289297,17.867933,82.62319333701151,2021-06-12
c1757,45.289297,17.867933,80.0408176498852,2021-06-13
c1757,45.289297,17.867933,86.14235385133487,2021-06-14
c1757,45.289297,17.867933,82.54103723854878,2021-06-15
c1757,45.289297,17.867933,81.75972411486997,2021-06-16
c1757,45.289297,17.867933,79.1559332231055,2021-06-17
c1757,45.289297,17.867933,85.98619452043094,2021-06-18
c1757,45.289297,17.867933,81.18825415220815,2021-06-19
c1757,45.289297,17.867933,85.90585503798205,2021-06-20
c1757,45.289297,17.867933,82.65832822652017,2021-06-21
c1757,45.289297,17.867933,78.10702160708546,2021-06-22
c1757,45.289297,17.867933,75.97098599943956,2021-06-23
c1757,45.289297,17.867933,75.35671358218889,2021-06-24
c1757,45.289297,17.867933,84.50753974831514,2021-06-25
c1757,45.289297,17.867933,82.44998467124765,2021-06-26
c1757,45.289297,17.867933,78.71785092434713,2021-06-27
c1757,45.289297,17.867933,78.11209875776437,2021-06-28
c1757,45.289297,17.867933,85.23813577390372,2021-06-29
c1757,45.289297,17.867933,81.82682281497426,2021-06-30
c1757,45.289297,17.867933,79.92002967783918,2021-07-01
c1757,45.289297,17.867933,69.61389182666319,2021-07-02
c1757,45.289297,17.867933,82.94325028339165,2021-07-03
c1757,45.289297,17.867933,82.75089679815511,2021-07-04
c1757,45.289297,17.867933,75.03872534874834,2021-07-05
c1757,45.289297,17.867933,82.63772611740531,2021-07-06
c1757,45.289297,17.867933,85.02417017981917,2021-07-07
c1757,45.289297,17.867933,80.89626273337612,2021-07-08
c1757,45.289297,17.867933,83.23492878998181,2021-07-09
c1757,45.289297,17.867933,78.22111501874289,2021-07-10
c1757,45.289297,17.867933,84.6236953064131,2021-07-11
c1757,45.289297,17.867933,83.93965418479907,2021-07-12
c1757,45.289297,17.867933,72.7684057480024,2021-07-13
c1757,45.289297,17.867933,62.24043701391133,2021-07-14
c1757,45.289297,17.867933,87.25755472737015,2021-07-15
c1757,45.289297,17.867933,71.76741347939814,2021-07-16
c1757,45.289297,17.867933,81.69298735667374,2021-07-17
c1757,45.289297,17.867933,76.88467020468529,2021-07-18
c1757,45.289297,17.867933,95.55626175239712,2021-07-19
c1757,45.289297,17.867933,84.73408650788164,2021-07-20
c1757,45.289297,17.867933,81.49685393822465,2021-07-21
c1757,45.289297,17.867933,78.08616304795639,2021-07-22
c1757,45.289297,17.867933,80.45433082534892,2021-07-23
c1757,45.289297,17.867933,79.95673176756301,2021-07-24
c1757,45.289297,17.867933,73.96906345132193,2021-07-25
c1757,45.289297,17.867933,71.07499380871077,2021-07-26
c1757,45.289297,17.867933,75.16678138578757,2021-07-27
c1757,45.289297,17.867933,76.6688952128639,2021-07-28
c1757,45.289297,17.867933,80.28720608646012,2021-07-29
c1757,45.289297,17.867933,81.18938311180655,2021-07-30
c1757,45.289297,17.867933,83.82455463172916,2021-07-31
c1757,45.289297,17.867933,94.7000753253592,2021-08-01
c1757,45.289297,17.867933,77.44552359232885,2021-08-02
c1757,45.289297,17.867933,80.89674047265088,2021-08-03
c1757,45.289297,17.867933,68.26201760839854,2021-08-04
c1757,45.289297,17.867933,85.91921148156199,2021-08-05
c1757,45.289297,17.867933,79.43831678913486,2021-08-06
c1757,45.289297,17.867933,79.50862340668247,2021-08-07
c1757,45.289297,17.867933,75.54039252933418,2021-08-08
c1757,45.289297,17.867933,75.40644308140217,2021-08-09
c1757,45.289297,17.867933,73.9030715359087,2021-08-10
c1757,45.289297,17.867933,58.526506198458314,2021-08-11
c1757,45.289297,17.867933,77.33395432857475,2021-08-12
c1757,45.289297,17.867933,84.17161346428499,2021-08-13
c1757,45.289297,17.867933,76.53382359704679,2021-08-14
c1757,45.289297,17.867933,76.343400643511,2021-08-15
c1757,45.289297,17.867933,83.48856384315525,2021-08-16
c1757,45.289297,17.867933,70.57267960994156,2021-08-17
c1757,45.289297,17.867933,76.97273910325808,2021-08-18
c1757,45.289297,17.867933,72.77953009049682,2021-08-19
c1757,45.289297,17.867933,69.31545823553596,2021-08-20
c1757,45.289297,17.867933,73.28683679073382,2021-08-21
c1757,45.289297,17.867933,76.8149398303847,2021-08-22
c1757,45.289297,17.867933,70.26143663301971,2021-08-23
c1757,45.289297,17.867933,75.54783908518229,2021-08-24
c1757,45.289297,17.867933,80.35427140538498,2021-08-25
c1757,45.289297,17.867933,74.4639089999435,2021-08-26
c1757,45.289297,17.867933,72.32463954395217,2021-08-27
c1757,45.289297,17.867933,64.1964042246706,2021-08-28
c1757,45.289297,17.867933,62.88579170689126,2021-08-29
c1757,45.289297,17.867933,77.1746423635369,2021-08-30
c1757,45.289297,17.867933,75.4216277085428,2021-08-31
c1757,45.289297,17.867933,80.79232206966381,2021-09-01
c1757,45.289297,17.867933,74.95509802942851,2021-09-02
c1757,45.289297,17.867933,73.95055934734958,2021-09-03
c1757,45.289297,17.867933,81.18736983059374,2021-09-04
c1757,45.289297,17.867933,78.3996031144025,2021-09-05
c1757,45.289297,17.867933,82.53168508111268,2021-09-06
c1757,45.289297,17.867933,77.70118238739437,2021-09-07
c1757,45.289297,17.867933,76.91292932216905,2021-09-08
c1757,45.289297,17.867933,76.10328765409155,2021-09-09
c1757,45.289297,17.867933,69.12585643658284,2021-09-10
c1757,45.289297,17.867933,75.83467939637646,2021-09-11
c1757,45.289297,17.867933,73.97473958187658,2021-09-12
c1757,45.289297,17.867933,69.6696695062819,2021-09-13
c1757,45.289297,17.867933,76.95675523182702,2021-09-14
c1757,45.289297,17.867933,76.84586086464638,2021-09-15
c1757,45.289297,17.867933,74.12337205606208,2021-09-16
c1757,45.289297,17.867933,129.4782548088733,2021-09-17
c1757,45.289297,17.867933,69.43301647933902,2021-09-18
c1757,45.289297,17.867933,84.57480841553242,2021-09-19
c1757,45.289297,17.867933,96.6563989709,2021-09-20
c1757,45.289297,17.867933,73.24112151408391,2021-09-21
c1757,45.289297,17.867933,120.44229138047676,2021-09-22
c1757,45.289297,17.867933,70.41295521618666,2021-09-23
c1757,45.289297,17.867933,71.42295088519879,2021-09-24
c1757,45.289297,17.867933,74.27168280237886,2021-09-25
c1757,45.289297,17.867933,64.21429326167032,2021-09-26
c1757,45.289297,17.867933,63.869684659714366,2021-09-27
c1757,45.289297,17.867933,63.199975358706304,2021-09-28
c1757,45.289297,17.867933,89.0906320321472,2021-09-30
c1757,45.289297,17.867933,73.54476138451975,2021-10-01
c1757,45.289297,17.867933,73.80181688687628,2021-10-02
c1757,45.289297,17.867933,70.99391759550625,2021-10-03
c1757,45.289297,17.867933,71.67158728390484,2021-10-04
c1757,45.289297,17.867933,78.73167309428594,2021-10-05
c1757,45.289297,17.867933,61.25588897002538,2021-10-06
c1757,45.289297,17.867933,92.06363296932103,2021-10-07
c1757,45.289297,17.867933,129.63444588722763,2021-10-08
c1757,45.289297,17.867933,101.45976904496467,2021-10-09
c1757,45.289297,17.867933,195.7290112741455,2021-10-10
c1757,45.289297,17.867933,,2021-10-11
c1757,45.289297,17.867933,76.3409818663112,2021-10-12
c1757,45.289297,17.867933,111.10086844056907,2021-10-13
c1757,45.289297,17.867933,,2021-10-14
c1757,45.289297,17.867933,78.56849121522336,2021-10-15
c1757,45.289297,17.867933,81.9238642857574,2021-10-16
c1757,45.289297,17.867933,68.55608595085378,2021-10-17
c1757,45.289297,17.867933,66.1614509786093,2021-10-18
c1757,45.289297,17.867933,63.86983592565012,2021-10-19
c1757,45.289297,17.867933,71.3714196469526,2021-10-20
c1757,45.289297,17.867933,73.26157179776122,2021-10-21
c1757,45.289297,17.867933,138.0030283719935,2021-10-22
c1757,45.289297,17.867933,86.91021233748886,2021-10-23
c1757,45.289297,17.867933,66.12225121900234,2021-10-24
c1757,45.289297,17.867933,82.13083952512416,2021-10-25
c1757,45.289297,17.867933,,2021-10-26
c1757,45.289297,17.867933,73.26712569475427,2021-10-27
c1757,45.289297,17.867933,95.345057827151,2021-10-28
c1757,45.289297,17.867933,89.37933954205609,2021-10-29
c1757,45.289297,17.867933,64.03264608917657,2021-10-30
c1757,45.289297,17.867933,61.974984275182976,2021-10-31
c1757,45.289297,17.867933,50.55107211162486,2021-11-01
c1757,45.289297,17.867933,75.9413669611859,2021-11-02
c1757,45.289297,17.867933,101.93422586319156,2021-11-03
c1757,45.289297,17.867933,97.38860565333042,2021-11-04
c1757,45.289297,17.867933,140.11475672474054,2021-11-05
c1757,45.289297,17.867933,141.14248152762974,2021-11-06
c1757,45.289297,17.867933,70.30340936160282,2021-11-07
c1757,45.289297,17.867933,,2021-11-08
c1757,45.289297,17.867933,97.01478126222868,2021-11-09
c1757,45.289297,17.867933,96.2500057370732,2021-11-10
c1757,45.289297,17.867933,65.76004335099731,2021-11-11
c1757,45.289297,17.867933,74.62317741354703,2021-11-12
c1757,45.289297,17.867933,65.17438649606528,2021-11-13
c1757,45.289297,17.867933,107.30691226760014,2021-11-14
c1757,45.289297,17.867933,93.46921296473457,2021-11-15
c1757,45.289297,17.867933,106.35588160501476,2021-11-16
c1757,45.289297,17.867933,56.94966367062319,2021-11-17
c1757,45.289297,17.867933,99.234525337248,2021-11-18
c1757,45.289297,17.867933,48.22434128393199,2021-11-19
c1757,45.289297,17.867933,68.05722721606273,2021-11-20
c1757,45.289297,17.867933,60.03291950484874,2021-11-21
c1757,45.289297,17.867933,72.00790745496678,2021-11-22
c1757,45.289297,17.867933,95.8752672563726,2021-11-23
c1757,45.289297,17.867933,77.92245278700204,2021-11-24
c1757,45.289297,17.867933,81.44523999142783,2021-11-25
c1757,45.289297,17.867933,162.43896048548035,2021-11-26
c1757,45.289297,17.867933,100.393964889828,2021-11-27
c1757,45.289297,17.867933,86.10712454105361,2021-11-28
c1757,45.289297,17.867933,29.17770251232255,2021-11-29
c1757,45.289297,17.867933,97.36064178200095,2021-11-30
c1757,45.289297,17.867933,69.56056217965174,2021-12-01
c1757,45.289297,17.867933,61.313436410486375,2021-12-02
c1757,45.289297,17.867933,69.2003407664765,2021-12-03
c1757,45.289297,17.867933,79.91338484802974,2021-12-04
c1757,45.289297,17.867933,106.37027663103218,2021-12-05
c1757,45.289297,17.867933,141.62094638969285,2021-12-06
c1757,45.289297,17.867933,74.38420472613254,2021-12-07
c1757,45.289297,17.867933,76.3091458145819,2021-12-08
c1757,45.289297,17.867933,97.09715467916575,2021-12-09
c1757,45.289297,17.867933,84.43109946672556,2021-12-10
c1757,45.289297,17.867933,,2021-12-11
c1757,45.289297,17.867933,84.39473784568396,2021-12-12
c1757,45.289297,17.867933,105.99608554824808,2021-12-13
c1757,45.289297,17.867933,112.72909243921426,2021-12-14
c1757,45.289297,17.867933,,2021-12-15
c1757,45.289297,17.867933,85.55006927019262,2021-12-16
c1757,45.289297,17.867933,51.294434885475994,2021-12-17
c1757,45.289297,17.867933,95.95752784820957,2021-12-18
c1757,45.289297,17.867933,59.72980087463713,2021-12-19
c1757,45.289297,17.867933,64.13686279936098,2021-12-20
c1757,45.289297,17.867933,64.7540744333746,2021-12-21
c1757,45.289297,17.867933,72.12569834791971,2021-12-22
c1757,45.289297,17.867933,82.20599912723803,2021-12-23
c1757,45.289297,17.867933,69.62183092799751,2021-12-24
c1757,45.289297,17.867933,,2021-12-25
c1757,45.289297,17.867933,,2021-12-26
c1757,45.289297,17.867933,70.88474716141387,2021-12-27
c1757,45.289297,17.867933,119.12094381443688,2021-12-28
c1757,45.289297,17.867933,70.7842865631528,2021-12-29
c1757,45.289297,17.867933,102.52491056166852,2021-12-30
c1757,45.289297,17.867933,56.68185435964037,2021-12-31
c1757,45.289297,17.867933,56.38064744760776,2022-01-01
c1757,45.289297,17.867933,50.98966758139872,2022-01-02
c1757,45.289297,17.867933,44.70222091541024,2022-01-03
c1757,45.289297,17.867933,50.27974519968279,2022-01-04
c1757,45.289297,17.867933,55.77275734883001,2022-01-05
c1757,45.289297,17.867933,,2022-01-06
c1757,45.289297,17.867933,65.61110329193883,2022-01-07
c1757,45.289297,17.867933,70.18258423425473,2022-01-08
c1757,45.289297,17.867933,63.86972530056968,2022-01-09
c1757,45.289297,17.867933,,2022-01-10
c1757,45.289297,17.867933,62.47070462998561,2022-01-11
c1757,45.289297,17.867933,87.38995144790886,2022-01-12
c1757,45.289297,17.867933,75.6003375196096,2022-01-13
c1757,45.289297,17.867933,57.743967940396715,2022-01-14
c1757,45.289297,17.867933,76.38946513321088,2022-01-15
c1757,45.289297,17.867933,52.800913585155826,2022-01-16
c1757,45.289297,17.867933,43.02382387561884,2022-01-17
c1757,45.289297,17.867933,52.122191548927944,2022-01-18
c1757,45.289297,17.867933,57.234362406379205,2022-01-19
c1757,45.289297,17.867933,84.99309840919058,2022-01-20
c1757,45.289297,17.867933,34.79980269798018,2022-01-21
c1757,45.289297,17.867933,189.36427572940096,2022-01-22
c1757,45.289297,17.867933,68.41358084715266,2022-01-23
c1757,45.289297,17.867933,56.54157090825402,2022-01-24
c1757,45.289297,17.867933,37.64432922903072,2022-01-25
c1757,45.289297,17.867933,55.82328207050416,2022-01-26
c1757,45.289297,17.867933,65.55341084361822,2022-01-27
c1757,45.289297,17.867933,61.24730728523028,2022-01-28
c1757,45.289297,17.867933,53.994399115254936,2022-01-29
c1757,45.289297,17.867933,75.83577544171341,2022-01-30
c1757,45.289297,17.867933,32.63809781252676,2022-01-31
c1757,45.289297,17.867933,82.56279114095338,2022-02-01
c1757,45.289297,17.867933,78.53808050813058,2022-02-02
c1757,45.289297,17.867933,68.050526351843,2022-02-03
c1757,45.289297,17.867933,69.08226681268982,2022-02-04
c1757,45.289297,17.867933,107.01851249512389,2022-02-05
c1757,45.289297,17.867933,57.31972162112408,2022-02-06
c1757,45.289297,17.867933,41.792060350678206,2022-02-07
c1757,45.289297,17.867933,61.00976890136133,2022-02-08
c1757,45.289297,17.867933,56.61530698817951,2022-02-09
c1757,45.289297,17.867933,67.97056774217526,2022-02-10
c1757,45.289297,17.867933,60.77617590028908,2022-02-11
c1757,45.289297,17.867933,63.49615692159384,2022-02-12
c1757,45.289297,17.867933,59.00644708186634,2022-02-13
c1757,45.289297,17.867933,48.19501173179766,2022-02-14
c1757,45.289297,17.867933,72.61516395523704,2022-02-15
c1757,45.289297,17.867933,64.93756329840176,2022-02-16
c1757,45.289297,17.867933,70.15048477050054,2022-02-17
c1757,45.289297,17.867933,77.62839749093874,2022-02-18
c1757,45.289297,17.867933,84.40948731216383,2022-02-19
c1757,45.289297,17.867933,,2022-02-20
c1757,45.289297,17.867933,66.60446246669498,2022-02-22
c1757,45.289297,17.867933,76.87001574834527,2022-02-23
c1757,45.289297,17.867933,67.07491890108224,2022-02-24
c1757,45.289297,17.867933,84.17235156744516,2022-02-25
c1757,45.289297,17.867933,68.94555519604846,2022-02-26
c1757,45.289297,17.867933,69.59282158022933,2022-02-27
c1757,45.289297,17.867933,64.08359913030793,2022-02-28
c1757,45.289297,17.867933,73.85191950977512,2022-03-01
c1757,45.289297,17.867933,89.1651919982824,2022-03-02
c1757,45.289297,17.867933,103.70019433839263,2022-03-03
c1757,45.289297,17.867933,111.51894400116792,2022-03-04
c1757,45.289297,17.867933,54.41343215945526,2022-03-05
c1757,45.289297,17.867933,59.57000703179775,2022-03-06
c1757,45.289297,17.867933,45.34373755564643,2022-03-07
c1757,45.289297,17.867933,75.7787353520094,2022-03-08
c1757,45.289297,17.867933,98.03911176839988,2022-03-09
c1757,45.289297,17.867933,74.92599044642527,2022-03-10
c1757,45.289297,17.867933,70.3344100148866,2022-03-11
c1757,45.289297,17.867933,78.73253842362908,2022-03-12
c1757,45.289297,17.867933,64.82708780080901,2022-03-13
c1757,45.289297,17.867933,73.4892236508369,2022-03-14
c1757,45.289297,17.867933,72.99726613585875,2022-03-15
c1757,45.289297,17.867933,70.19802115420816,2022-03-16
c1757,45.289297,17.867933,70.63162845740312,2022-03-17
c1757,45.289297,17.867933,55.39589166840188,2022-03-18
c1757,45.289297,17.867933,49.788117260153506,2022-03-19
c1757,45.289297,17.867933,58.051638749237846,2022-03-20
c1757,45.289297,17.867933,61.38942945222096,2022-03-21
c1757,45.289297,17.867933,54.43034339709349,2022-03-22
c1757,45.289297,17.867933,67.5909573900078,2022-03-23
c1757,45.289297,17.867933,61.90583859572693,2022-03-24
c1757,45.289297,17.867933,62.93961156836466,2022-03-25
c1757,45.289297,17.867933,60.97024346388152,2022-03-26
c1757,45.289297,17.867933,66.49522842518448,2022-03-27
c1757,45.289297,17.867933,70.19601492388776,2022-03-28
c1757,45.289297,17.867933,67.38475160981766,2022-03-29
c1757,45.289297,17.867933,62.70667031928485,2022-03-30
c1757,45.289297,17.867933,93.9810451376555,2022-03-31
c1757,45.289297,17.867933,69.31695821420739,2022-04-01
c1757,45.289297,17.867933,106.67249177379188,2022-04-02
c1757,45.289297,17.867933,70.76369671017747,2022-04-03
c1757,45.289297,17.867933,75.7893053832631,2022-04-04
c1757,45.289297,17.867933,59.11056687167364,2022-04-05
c1757,45.289297,17.867933,61.455785966901985,2022-04-06
c1757,45.289297,17.867933,70.74027121614768,2022-04-07
c1757,45.289297,17.867933,60.82751540489051,2022-04-08
c1757,45.289297,17.867933,138.66150202911382,2022-04-09
c1757,45.289297,17.867933,66.38949263775189,2022-04-10
c1757,45.289297,17.867933,81.91626681451433,2022-04-11
c1757,45.289297,17.867933,67.71827711154431,2022-04-12
c1757,45.289297,17.867933,77.1646722589503,2022-04-13
c1757,45.289297,17.867933,77.5868777594801,2022-04-14
c1757,45.289297,17.867933,75.49409472079451,2022-04-15
c1757,45.289297,17.867933,80.36033367095115,2022-04-16
c1757,45.289297,17.867933,79.20115637083235,2022-04-17
c1757,45.289297,17.867933,67.55861865643394,2022-04-18
c1757,45.289297,17.867933,68.63901094524137,2022-04-19
c1757,45.289297,17.867933,81.20895734837866,2022-04-20
c1757,45.289297,17.867933,68.5021260679514,2022-04-21
c1757,45.289297,17.867933,88.8826151322929,2022-04-22
c1757,45.289297,17.867933,66.32191213149002,2022-04-23
c1757,45.289297,17.867933,66.87503566093164,2022-04-24
c1757,45.289297,17.867933,73.85632792502544,2022-04-25
c1757,45.289297,17.867933,73.70691983415759,2022-04-26
c1757,45.289297,17.867933,69.7093767002103,2022-04-27
c1757,45.289297,17.867933,76.69180303246965,2022-04-28
c1757,45.289297,17.867933,72.14055416620944,2022-04-29
c1757,45.289297,17.867933,72.92931427023146,2022-04-30
c1757,45.289297,17.867933,78.25173208827344,2022-05-01
c1757,45.289297,17.867933,80.91156111649994,2022-05-02
c1757,45.289297,17.867933,65.9333117736955,2022-05-03
c1757,45.289297,17.867933,81.25657937598369,2022-05-04
c1757,45.289297,17.867933,81.58255274210774,2022-05-05
c1757,45.289297,17.867933,110.75621410746528,2022-05-06
c1757,45.289297,17.867933,68.74271907605954,2022-05-07
c1757,45.289297,17.867933,87.44332630859778,2022-05-08
c1757,45.289297,17.867933,87.39789467065305,2022-05-09
c1757,45.289297,17.867933,66.60420162327846,2022-05-10
c1757,45.289297,17.867933,77.44164357681733,2022-05-11
c1757,45.289297,17.867933,82.5414738581961,2022-05-12
c1757,45.289297,17.867933,72.46088536461677,2022-05-13
c1757,45.289297,17.867933,78.92193644545284,2022-05-14
c1757,45.289297,17.867933,81.05067496680861,2022-05-15
c1757,45.289297,17.867933,81.38720673892401,2022-05-16
c1757,45.289297,17.867933,86.88297001749369,2022-05-17
c1757,45.289297,17.867933,75.06887736188412,2022-05-18
c1757,45.289297,17.867933,80.66018684196763,2022-05-19
c1757,45.289297,17.867933,82.78375729554219,2022-05-20
c1757,45.289297,17.867933,78.62963827816647,2022-05-21
c1757,45.289297,17.867933,75.02644403781316,2022-05-22
c1757,45.289297,17.867933,83.23094703716252,2022-05-23
c1757,45.289297,17.867933,79.34758552218898,2022-05-24
c1757,45.289297,17.867933,80.19660591422306,2022-05-25
c1757,45.289297,17.867933,81.80063863032072,2022-05-26
c1757,45.289297,17.867933,83.4012062340116,2022-05-27
c1757,45.289297,17.867933,76.04262739345495,2022-05-28
c1757,45.289297,17.867933,74.8609256756054,2022-05-29
c1757,45.289297,17.867933,77.34741801817546,2022-05-30
c1757,45.289297,17.867933,72.45807766371814,2022-05-31
c1757,45.289297,17.867933,71.4412208974256,2022-06-01
c1757,45.289297,17.867933,72.43144428847214,2022-06-02
c1757,45.289297,17.867933,70.98177680601628,2022-06-03
c1757,45.289297,17.867933,76.46766432987327,2022-06-04
c1757,45.289297,17.867933,75.70940986848619,2022-06-05
c1757,45.289297,17.867933,82.82120710184056,2022-06-06
c1757,45.289297,17.867933,76.86423609607365,2022-06-07
c1757,45.289297,17.867933,82.1827759112162,2022-06-08
c1757,45.289297,17.867933,82.31490581281521,2022-06-09
c1757,45.289297,17.867933,80.53604349326643,2022-06-10
c1757,45.289297,17.867933,76.86967497696148,2022-06-11
c1757,45.289297,17.867933,86.91281523655992,2022-06-12
c1757,45.289297,17.867933,79.55361697516867,2022-06-13
c1757,45.289297,17.867933,74.12225081704943,2022-06-14
c1757,45.289297,17.867933,78.31670592771947,2022-06-15
c1757,45.289297,17.867933,85.74878679271737,2022-06-16
c1757,45.289297,17.867933,79.79280470583875,2022-06-17
c1757,45.289297,17.867933,75.9161844080877,2022-06-18
c1757,45.289297,17.867933,78.30588632022975,2022-06-19
c1757,45.289297,17.867933,78.31313727457707,2022-06-20
c1757,45.289297,17.867933,73.0912763268106,2022-06-21
c1757,45.289297,17.867933,,2022-06-22
c1757,45.289297,17.867933,89.4285684176909,2022-06-23
c1757,45.289297,17.867933,80.35181997032551,2022-06-24
c1757,45.289297,17.867933,73.26380067152427,2022-06-25
c1757,45.289297,17.867933,71.67256193422446,2022-06-26
c1757,45.289297,17.867933,83.18705363236772,2022-06-27
c1757,45.289297,17.867933,83.40779538833823,2022-06-28
c1757,45.289297,17.867933,85.42257280009163,2022-06-29
c1757,45.289297,17.867933,83.50646611532814,2022-06-30
c1757,45.289297,17.867933,74.0220675183461,2022-07-01
c1757,45.289297,17.867933,87.5517522482255,2022-07-02
c1757,45.289297,17.867933,77.34646535604057,2022-07-03
c1757,45.289297,17.867933,90.03630645080004,2022-07-04
c1757,45.289297,17.867933,87.52230216277951,2022-07-05
c1757,45.289297,17.867933,80.43765828653844,2022-07-06
c1757,45.289297,17.867933,54.30216910242548,2022-07-07
c1757,45.289297,17.867933,77.65874058954225,2022-07-08
c1757,45.289297,17.867933,74.3106002753711,2022-07-09
c1757,45.289297,17.867933,71.31497195781517,2022-07-10
c1757,45.289297,17.867933,75.1243118949369,2022-07-11
c1757,45.289297,17.867933,75.66075089700088,2022-07-12
c1757,45.289297,17.867933,79.90682452155723,2022-07-13
c1757,45.289297,17.867933,75.22992491212072,2022-07-14
c1757,45.289297,17.867933,80.04064459902291,2022-07-15
c1757,45.289297,17.867933,77.28129480558178,2022-07-16
c1757,45.289297,17.867933,73.7890835364849,2022-07-17
c1757,45.289297,17.867933,80.25921036468434,2022-07-18
c1757,45.289297,17.867933,79.34740361192098,2022-07-19
c1757,45.289297,17.867933,80.79780819806095,2022-07-20
c1757,45.289297,17.867933,83.50372398219307,2022-07-21
c1757,45.289297,17.867933,81.69257384226997,2022-07-22
c1757,45.289297,17.867933,84.83307707997683,2022-07-23
c1757,45.289297,17.867933,87.11161437573362,2022-07-24
c1757,45.289297,17.867933,86.4001859783052,2022-07-25
c1757,45.289297,17.867933,77.02302459432782,2022-07-26
c1757,45.289297,17.867933,79.35231964121668,2022-07-27
c1757,45.289297,17.867933,84.35383421782619,2022-07-28
c1757,45.289297,17.867933,97.8475716644194,2022-07-29
c1757,45.289297,17.867933,77.34584717828258,2022-07-30
c1757,45.289297,17.867933,85.13263271812976,2022-07-31
c1757,45.289297,17.867933,75.2940279987137,2022-08-01
c1757,45.289297,17.867933,72.63972474763148,2022-08-02
c1757,45.289297,17.867933,82.64694734677904,2022-08-03
c1757,45.289297,17.867933,82.1576154785835,2022-08-04
c1757,45.289297,17.867933,85.92583523579675,2022-08-05
c1757,45.289297,17.867933,81.00642330809472,2022-08-06
c1757,45.289297,17.867933,79.66301962023755,2022-08-07
c1757,45.289297,17.867933,72.89639238163912,2022-08-08
c1757,45.289297,17.867933,70.3696341742118,2022-08-09
c1757,45.289297,17.867933,60.39574949085205,2022-08-10
c1757,45.289297,17.867933,74.26872338215527,2022-08-11
c1757,45.289297,17.867933,69.40914265522778,2022-08-12
c1757,45.289297,17.867933,82.50133911824234,2022-08-13
c1757,45.289297,17.867933,85.30518228040148,2022-08-14
c1757,45.289297,17.867933,82.27114156936858,2022-08-15
c1757,45.289297,17.867933,96.82647965259548,2022-08-16
c1757,45.289297,17.867933,79.6891303237024,2022-08-17
c1757,45.289297,17.867933,73.52047945479887,2022-08-18
c1757,45.289297,17.867933,42.92403199480266,2022-08-19
c1757,45.289297,17.867933,79.85997527346755,2022-08-20
c1757,45.289297,17.867933,72.41281745559235,2022-08-21
c1757,45.289297,17.867933,84.46295178477409,2022-08-22
c1757,45.289297,17.867933,75.76667897748816,2022-08-23
c1757,45.289297,17.867933,94.45328585611438,2022-08-24
c1757,45.289297,17.867933,83.13204335892517,2022-08-25
c1757,45.289297,17.867933,77.26517880154037,2022-08-26
c1757,45.289297,17.867933,77.41497031664002,2022-08-27
c1757,45.289297,17.867933,73.61042261571134,2022-08-28
c1757,45.289297,17.867933,72.40376661814628,2022-08-29
c1757,45.289297,17.867933,85.37593194771628,2022-08-31
c1757,45.289297,17.867933,116.06866691636516,2022-09-01
c1757,45.289297,17.867933,70.68865591209146,2022-09-02
c1757,45.289297,17.867933,67.77109543999313,2022-09-03
c1757,45.289297,17.867933,60.77935406554941,2022-09-04
c1757,45.289297,17.867933,64.1310246393213,2022-09-05
c1757,45.289297,17.867933,80.10517378794685,2022-09-06
c1757,45.289297,17.867933,84.71409355468155,2022-09-07
c1757,45.289297,17.867933,80.31230126300103,2022-09-08
c1757,45.289297,17.867933,64.76368733196344,2022-09-09
c1757,45.289297,17.867933,70.33541437789154,2022-09-10
c1757,45.289297,17.867933,75.25105694966653,2022-09-11
c1757,45.289297,17.867933,70.88524895760591,2022-09-12
c1757,45.289297,17.867933,66.48751678898275,2022-09-13
c1757,45.289297,17.867933,61.50298474814631,2022-09-14
c1757,45.289297,17.867933,66.58740387997555,2022-09-15
c1757,45.289297,17.867933,75.11778043538482,2022-09-16
c1757,45.289297,17.867933,123.5839133492252,2022-09-17
c1757,45.289297,17.867933,62.89671426589248,2022-09-18
c1757,45.289297,17.867933,61.73292350937497,2022-09-19
c1757,45.289297,17.867933,67.57518676404732,2022-09-20
c1757,45.289297,17.867933,71.92246956949641,2022-09-21
c1757,45.289297,17.867933,63.37606546983717,2022-09-22
c1757,45.289297,17.867933,69.40900122691285,2022-09-23
c1757,45.289297,17.867933,,2022-09-24
c1757,45.289297,17.867933,116.30472258343384,2022-09-25
c1757,45.289297,17.867933,48.39053422809237,2022-09-26
c1757,45.289297,17.867933,72.29103220182492,2022-09-27
c1757,45.289297,17.867933,66.18971981327543,2022-09-28
c1757,45.289297,17.867933,57.25702016834033,2022-09-29
c1757,45.289297,17.867933,69.84996523197283,2022-09-30
c1757,45.289297,17.867933,56.083127064821966,2022-10-01
c1757,45.289297,17.867933,66.14526742585552,2022-10-02
c1757,45.289297,17.867933,59.29176474105406,2022-10-03
c1757,45.289297,17.867933,69.73579341748024,2022-10-04
c1757,45.289297,17.867933,65.09324721352058,2022-10-05
c1757,45.289297,17.867933,68.66342327639958,2022-10-06
c1757,45.289297,17.867933,70.22817660370855,2022-10-07
c1757,45.289297,17.867933,60.701578193711626,2022-10-08
c1757,45.289297,17.867933,72.25093705873503,2022-10-09
c1757,45.289297,17.867933,69.77272856674574,2022-10-10
c1757,45.289297,17.867933,66.60678912904824,2022-10-11
c1757,45.289297,17.867933,62.51815918037158,2022-10-12
c1757,45.289297,17.867933,61.474148992203965,2022-10-13
c1757,45.289297,17.867933,69.41719688414483,2022-10-14
c1757,45.289297,17.867933,92.08831478991397,2022-10-15
c1757,45.289297,17.867933,65.79744057603816,2022-10-16
c1757,45.289297,17.867933,69.25115100005814,2022-10-17
c1757,45.289297,17.867933,75.20036846728452,2022-10-18
c1757,45.289297,17.867933,76.27052228959428,2022-10-19
c1757,45.289297,17.867933,66.64690183720835,2022-10-20
c1757,45.289297,17.867933,48.42755949228097,2022-10-21
c1757,45.289297,17.867933,63.70698640452655,2022-10-22
c1757,45.289297,17.867933,58.47641684025331,2022-10-23
c1757,45.289297,17.867933,45.15418724005275,2022-10-24
c1757,45.289297,17.867933,73.42579728174938,2022-10-25
c1757,45.289297,17.867933,57.07786243507719,2022-10-26
c1757,45.289297,17.867933,61.63605596016478,2022-10-27
c1757,45.289297,17.867933,63.23792286825768,2022-10-28
c1757,45.289297,17.867933,54.69645629957697,2022-10-29
c1757,45.289297,17.867933,63.496123683982695,2022-10-30
c1757,45.289297,17.867933,58.040288530694745,2022-10-31
c1757,45.289297,17.867933,62.91426512306415,2022-11-01
c1757,45.289297,17.867933,65.86714299299224,2022-11-02
c1757,45.289297,17.867933,57.296573449262205,2022-11-03
c1757,45.289297,17.867933,91.94135481948425,2022-11-04
c1757,45.289297,17.867933,,2022-11-05
c1757,45.289297,17.867933,185.21439127147423,2022-11-06
c1757,45.289297,17.867933,94.94256859969302,2022-11-07
c1757,45.289297,17.867933,55.56732441488477,2022-11-08
c1757,45.289297,17.867933,59.09116661005755,2022-11-09
c1757,45.289297,17.867933,59.32619456346469,2022-11-10
c1757,45.289297,17.867933,71.10225766490923,2022-11-11
c1757,45.289297,17.867933,80.87839497309818,2022-11-12
c1757,45.289297,17.867933,70.85333625709981,2022-11-13
c1757,45.289297,17.867933,107.10126408772057,2022-11-14
c1757,45.289297,17.867933,66.77910986786247,2022-11-15
c1757,45.289297,17.867933,,2022-11-16
c1757,45.289297,17.867933,69.80695756813603,2022-11-17
c1757,45.289297,17.867933,80.92186552116723,2022-11-18
c1757,45.289297,17.867933,,2022-11-19
c1757,45.289297,17.867933,86.24552922417172,2022-11-20
c1757,45.289297,17.867933,58.31794203049933,2022-11-21
c1757,45.289297,17.867933,122.00260600613672,2022-11-22
c1757,45.289297,17.867933,97.51086634159824,2022-11-23
c1757,45.289297,17.867933,74.56212515459538,2022-11-24
c1757,45.289297,17.867933,81.59153128074897,2022-11-25
c1757,45.289297,17.867933,62.35222513463122,2022-11-26
c1757,45.289297,17.867933,106.77540944727365,2022-11-27
c1757,45.289297,17.867933,49.986773372207715,2022-11-28
c1757,45.289297,17.867933,78.0366552907029,2022-11-29
c1757,45.289297,17.867933,,2022-11-30
c1757,45.289297,17.867933,106.7862258322046,2022-12-01
c1757,45.289297,17.867933,106.47538100390597,2022-12-02
c1757,45.289297,17.867933,126.82970711612025,2022-12-03
c1757,45.289297,17.867933,353.77108287943645,2022-12-04
c1757,45.289297,17.867933,79.98650476348438,2022-12-05
c1757,45.289297,17.867933,78.93761978085789,2022-12-06
c1757,45.289297,17.867933,77.99388999535084,2022-12-07
c1757,45.289297,17.867933,,2022-12-08
c1757,45.289297,17.867933,63.99993154130837,2022-12-09
c1757,45.289297,17.867933,149.7022754244216,2022-12-10
c1757,45.289297,17.867933,38.89678369751699,2022-12-11
c1757,45.289297,17.867933,60.45386543204652,2022-12-12
c1757,45.289297,17.867933,42.531748867987616,2022-12-13
c1757,45.289297,17.867933,95.89555409009571,2022-12-14
c1757,45.289297,17.867933,64.99910873755451,2022-12-15
c1757,45.289297,17.867933,74.25962334213936,2022-12-16
c1757,45.289297,17.867933,158.2378094871604,2022-12-17
c1757,45.289297,17.867933,63.67543019686774,2022-12-18
c1757,45.289297,17.867933,96.9454231713528,2022-12-19
c1757,45.289297,17.867933,66.72591834463982,2022-12-20
c1757,45.289297,17.867933,57.43056772388126,2022-12-21
c1757,45.289297,17.867933,55.87085008335282,2022-12-22
c1757,45.289297,17.867933,65.86237381758531,2022-12-23
c1757,45.289297,17.867933,87.57006888480714,2022-12-24
c1757,45.289297,17.867933,55.96132307436363,2022-12-25
c1757,45.289297,17.867933,50.72622114744071,2022-12-26
c1757,45.289297,17.867933,,2022-12-27
c1757,45.289297,17.867933,38.284083645622495,2022-12-28
c1757,45.289297,17.867933,45.259192111552046,2022-12-29
c1757,45.289297,17.867933,3.8954913583082034,2022-12-30
c1757,45.289297,17.867933,44.41479060314765,2022-12-31
c1757,45.289297,17.867933,45.72453237318177,2023-01-01
c1757,45.289297,17.867933,49.718447142511,2023-01-02
c1757,45.289297,17.867933,73.26841024276203,2023-01-03
c1757,45.289297,17.867933,62.983577306501374,2023-01-04
c1757,45.289297,17.867933,52.98712158698444,2023-01-05
c1757,45.289297,17.867933,59.88310917427178,2023-01-06
c1757,45.289297,17.867933,69.65920890345572,2023-01-07
c1757,45.289297,17.867933,55.583524318760794,2023-01-08
c1757,45.289297,17.867933,34.715124581058404,2023-01-09
c1757,45.289297,17.867933,156.64069647870417,2023-01-10
c1757,45.289297,17.867933,80.65995943221053,2023-01-11
c1757,45.289297,17.867933,138.608605405418,2023-01-12
c1757,45.289297,17.867933,70.3710413953894,2023-01-13
c1757,45.289297,17.867933,86.04248005193614,2023-01-14
c1757,45.289297,17.867933,59.58321389193427,2023-01-15
c1757,45.289297,17.867933,86.5274561018811,2023-01-16
c1757,45.289297,17.867933,64.15463782740585,2023-01-18
c1757,45.289297,17.867933,85.52210789139832,2023-01-19
c1757,45.289297,17.867933,129.0320208659773,2023-01-20
c1757,45.289297,17.867933,129.95069629115108,2023-01-21
c1757,45.289297,17.867933,138.21044325148227,2023-01-22
c1757,45.289297,17.867933,,2023-01-23
c1757,45.289297,17.867933,,2023-01-24
c1757,45.289297,17.867933,86.00686611772045,2023-01-25
c1757,45.289297,17.867933,87.03039919018426,2023-01-26
c1757,45.289297,17.867933,111.05723691560188,2023-01-27
c1757,45.289297,17.867933,113.06288629383938,2023-01-28
c1757,45.289297,17.867933,118.96515632733978,2023-01-29
c1757,45.289297,17.867933,60.261186291127416,2023-01-30
c1757,45.289297,17.867933,80.94240997875917,2023-01-31
c1757,45.289297,17.867933,51.16964508565725,2023-02-01
c1757,45.289297,17.867933,,2023-02-02
c1757,45.289297,17.867933,90.9224627802118,2023-02-03
c1757,45.289297,17.867933,100.10480129644846,2023-02-04
c1757,45.289297,17.867933,94.0607020669003,2023-02-05
c1757,45.289297,17.867933,42.416331452383226,2023-02-06
c1757,45.289297,17.867933,65.76711681017812,2023-02-07
c1757,45.289297,17.867933,61.81211964607177,2023-02-08
c1757,45.289297,17.867933,70.13127229220679,2023-02-09
c1757,45.289297,17.867933,67.33381099845532,2023-02-10
c1757,45.289297,17.867933,47.28491430124811,2023-02-11
c1757,45.289297,17.867933,102.77380826246446,2023-02-12
c1757,45.289297,17.867933,51.5455833236608,2023-02-13
c1757,45.289297,17.867933,63.97485469006633,2023-02-14
c1757,45.289297,17.867933,45.63171238971968,2023-02-15
c1757,45.289297,17.867933,50.41695324081234,2023-02-16
c1757,45.289297,17.867933,44.50535886669936,2023-02-17
c1757,45.289297,17.867933,64.82356028703325,2023-02-18
c1757,45.289297,17.867933,63.44123834067882,2023-02-19
c1757,45.289297,17.867933,29.43836534975168,2023-02-20
c1757,45.289297,17.867933,43.10074922207036,2023-02-21
c1757,45.289297,17.867933,37.939721959012346,2023-02-22
c1757,45.289297,17.867933,61.4035535177577,2023-02-23
c1757,45.289297,17.867933,40.58349553576363,2023-02-24
c1757,45.289297,17.867933,83.31133958382163,2023-02-25
c1757,45.289297,17.867933,157.81994561178257,2023-02-26
c1757,45.289297,17.867933,85.04701698931292,2023-02-27
c1757,45.289297,17.867933,77.27398618100212,2023-02-28
c1757,45.289297,17.867933,,2023-03-01
c1757,45.289297,17.867933,130.23286718988763,2023-03-02
c1757,45.289297,17.867933,77.18561798432283,2023-03-03
c1757,45.289297,17.867933,63.459484523185715,2023-03-04
c1757,45.289297,17.867933,68.40933817043405,2023-03-05
c1757,45.289297,17.867933,60.04349384688421,2023-03-06
c1757,45.289297,17.867933,63.29002070293821,2023-03-07
c1757,45.289297,17.867933,65.47344813880912,2023-03-08
c1757,45.289297,17.867933,51.31136119219802,2023-03-09
c1757,45.289297,17.867933,52.247090605907914,2023-03-10
c1757,45.289297,17.867933,81.08557705608091,2023-03-11
c1757,45.289297,17.867933,66.9539474113345,2023-03-12
c1757,45.289297,17.867933,72.99760520912412,2023-03-13
c1757,45.289297,17.867933,69.7547407065899,2023-03-14
c1757,45.289297,17.867933,103.14373838389368,2023-03-15
c1757,45.289297,17.867933,77.4234845259518,2023-03-16
c1757,45.289297,17.867933,72.68146724542555,2023-03-17
c1757,45.289297,17.867933,75.931352099411,2023-03-18
c1757,45.289297,17.867933,62.14490111462867,2023-03-19
c1757,45.289297,17.867933,78.12295173911495,2023-03-20
c1757,45.289297,17.867933,75.44402628989205,2023-03-21
c1757,45.289297,17.867933,67.57742668352527,2023-03-22
c1757,45.289297,17.867933,70.68282963249847,2023-03-23
c1757,45.289297,17.867933,65.1164989377662,2023-03-24
c1757,45.289297,17.867933,69.87353252234209,2023-03-25
c1757,45.289297,17.867933,77.65813687256028,2023-03-26
c1757,45.289297,17.867933,49.96655653780797,2023-03-27
c1757,45.289297,17.867933,81.30673712399928,2023-03-28
c1757,45.289297,17.867933,95.66119949076922,2023-03-29
c1757,45.289297,17.867933,69.35964923140216,2023-03-30
c1757,45.289297,17.867933,70.39597973431985,2023-03-31
c1757,45.289297,17.867933,82.65220292783829,2023-04-01
c1757,45.289297,17.867933,74.89644239774462,2023-04-02
c1757,45.289297,17.867933,102.67414790245556,2023-04-03
c1757,45.289297,17.867933,103.642387327845,2023-04-04
c1757,45.289297,17.867933,81.27240716157529,2023-04-05
c1757,45.289297,17.867933,89.74269346607646,2023-04-06
c1757,45.289297,17.867933,103.13826757648908,2023-04-07
c1757,45.289297,17.867933,78.94143827489759,2023-04-08
c1757,45.289297,17.867933,71.13096178950728,2023-04-09
c1757,45.289297,17.867933,85.1109528344957,2023-04-10
c1757,45.289297,17.867933,70.1150894620116,2023-04-11
c1757,45.289297,17.867933,71.36484018541407,2023-04-12
c1757,45.289297,17.867933,79.25500686426894,2023-04-13
c1757,45.289297,17.867933,54.857905287898774,2023-04-14
c1757,45.289297,17.867933,75.97719404275108,2023-04-15
c1757,45.289297,17.867933,75.80914889960228,2023-04-16
c1757,45.289297,17.867933,87.69529510395837,2023-04-17
c1757,45.289297,17.867933,82.84703897363528,2023-04-18
c1757,45.289297,17.867933,81.08682101284558,2023-04-19
c1757,45.289297,17.867933,84.69478557649205,2023-04-20
c1757,45.289297,17.867933,81.55609842229335,2023-04-21
c1757,45.289297,17.867933,82.27932901469873,2023-04-22
c1757,45.289297,17.867933,87.40060072635539,2023-04-23
c1757,45.289297,17.867933,68.8746019156796,2023-04-24
c1757,45.289297,17.867933,67.88559683075422,2023-04-25
c1757,45.289297,17.867933,77.32181504048741,2023-04-26
c1757,45.289297,17.867933,80.74707984142832,2023-04-27
c1757,45.289297,17.867933,63.9025999945105,2023-04-28
c1757,45.289297,17.867933,79.60214417570472,2023-04-29
c1757,45.289297,17.867933,78.48342975952366,2023-04-30
c1757,45.289297,17.867933,74.33152077300636,2023-05-01
c1757,45.289297,17.867933,86.37322022177699,2023-05-02
c1757,45.289297,17.867933,56.21955564816637,2023-05-03
c1757,45.289297,17.867933,75.42066744694533,2023-05-04
c1757,45.289297,17.867933,77.93869793703865,2023-05-05
c1757,45.289297,17.867933,81.60085839155455,2023-05-06
c1757,45.289297,17.867933,83.68409817139546,2023-05-07
c1757,45.289297,17.867933,90.68435041652025,2023-05-08
c1757,45.289297,17.867933,72.95491073430021,2023-05-09
c1757,45.289297,17.867933,83.5391440847954,2023-05-10
c1757,45.289297,17.867933,123.18521647888376,2023-05-11
c1757,45.289297,17.867933,106.37213931050552,2023-05-12
c1757,45.289297,17.867933,80.33021544842838,2023-05-13
c1757,45.289297,17.867933,116.6107211575586,2023-05-14
c1757,45.289297,17.867933,172.03423900171137,2023-05-15
c1757,45.289297,17.867933,74.32179751912737,2023-05-16
c1757,45.289297,17.867933,82.30299875367302,2023-05-17
c1757,45.289297,17.867933,89.26732243173416,2023-05-18
c1757,45.289297,17.867933,75.162565204242,2023-05-19
c1757,45.289297,17.867933,81.84869073732915,2023-05-20
c1757,45.289297,17.867933,84.70342437584792,2023-05-21
c1757,45.289297,17.867933,83.11242669842693,2023-05-22
c1757,45.289297,17.867933,81.76655149450501,2023-05-23
c1757,45.289297,17.867933,83.9872211639603,2023-05-24
c1757,45.289297,17.867933,88.5242264974956,2023-05-25
c1757,45.289297,17.867933,83.87868120263312,2023-05-26
c1757,45.289297,17.867933,79.1339728159026,2023-05-27
c1757,45.289297,17.867933,83.47820272639855,2023-05-28
c1757,45.289297,17.867933,81.04288114966748,2023-05-29
c1757,45.289297,17.867933,81.05247606415965,2023-05-30
c1757,45.289297,17.867933,81.31034454947729,2023-05-31
c1757,45.289297,17.867933,77.63910763555008,2023-06-01
c1757,45.289297,17.867933,74.6761258700326,2023-06-02
c1757,45.289297,17.867933,88.29790251486929,2023-06-03
c1757,45.289297,17.867933,90.39794132162058,2023-06-04
c1757,45.289297,17.867933,79.12885379556408,2023-06-05
c1757,45.289297,17.867933,78.2531870439707,2023-06-06
c1757,45.289297,17.867933,82.57653406283492,2023-06-07
c1757,45.289297,17.867933,94.22728550460546,2023-06-08
c1757,45.289297,17.867933,90.29713731621186,2023-06-09
c1757,45.289297,17.867933,84.08383037089096,2023-06-10
c1757,45.289297,17.867933,89.36292890686583,2023-06-11
c1757,45.289297,17.867933,83.6702543009577,2023-06-12
c1757,45.289297,17.867933,86.81999431850201,2023-06-13
c1757,45.289297,17.867933,83.79513557769934,2023-06-14
c1757,45.289297,17.867933,93.24944606215443,2023-06-15
c1757,45.289297,17.867933,84.98704649013501,2023-06-16
c1757,45.289297,17.867933,72.52856156562038,2023-06-17
c1757,45.289297,17.867933,85.02906501421478,2023-06-18
c1757,45.289297,17.867933,91.66919326856576,2023-06-19
c1757,45.289297,17.867933,90.14672672958264,2023-06-20
c1757,45.289297,17.867933,80.56167942896057,2023-06-21
c1757,45.289297,17.867933,85.7734702744067,2023-06-22
c1757,45.289297,17.867933,83.11819433770206,2023-06-23
c1757,45.289297,17.867933,89.34702995473639,2023-06-24
c1757,45.289297,17.867933,81.60123791640837,2023-06-25
c1757,45.289297,17.867933,87.30417284501142,2023-06-26
c1757,45.289297,17.867933,70.74199068764199,2023-06-27
c1757,45.289297,17.867933,89.34845462491866,2023-06-28
c1757,45.289297,17.867933,86.84593918856189,2023-06-29
c1757,45.289297,17.867933,94.19591602480212,2023-06-30
c1757,45.289297,17.867933,137.17764162524887,2023-07-01
c1757,45.289297,17.867933,88.6626575577307,2023-07-02
c1757,45.289297,17.867933,85.38866910232984,2023-07-03
c1757,45.289297,17.867933,68.49251874681532,2023-07-04
c1757,45.289297,17.867933,85.03894492838056,2023-07-05
c1757,45.289297,17.867933,77.67895168119857,2023-07-06
c1757,45.289297,17.867933,74.97314673156475,2023-07-07
c1757,45.289297,17.867933,87.4697498573173,2023-07-08
c1757,45.289297,17.867933,79.88550373241216,2023-07-09
c1757,45.289297,17.867933,85.6524516137104,2023-07-10
c1757,45.289297,17.867933,88.66790761017013,2023-07-11
c1757,45.289297,17.867933,87.05734967354297,2023-07-12
c1757,45.289297,17.867933,70.24728140247652,2023-07-13
c1757,45.289297,17.867933,80.87727953304221,2023-07-14
c1757,45.289297,17.867933,81.00584481704011,2023-07-15
c1757,45.289297,17.867933,91.32446357141016,2023-07-16
c1757,45.289297,17.867933,80.92505910065718,2023-07-17
c1757,45.289297,17.867933,89.92682017158772,2023-07-18
c1757,45.289297,17.867933,89.4302640649467,2023-07-20
c1757,45.289297,17.867933,86.70614649899825,2023-07-21
c1757,45.289297,17.867933,84.38563100996943,2023-07-22
c1757,45.289297,17.867933,81.9405609694047,2023-07-23
c1757,45.289297,17.867933,78.22515004542575,2023-07-24
c1757,45.289297,17.867933,75.76958492686681,2023-07-25
c1757,45.289297,17.867933,73.37541442092831,2023-07-26
c1757,45.289297,17.867933,82.18121296722298,2023-07-27
c1757,45.289297,17.867933,100.36050953798784,2023-07-28
c1757,45.289297,17.867933,81.35765004335126,2023-07-29
c1757,45.289297,17.867933,76.55669526199495,2023-07-30
c1757,45.289297,17.867933,76.59318974907879,2023-07-31
c1757,45.289297,17.867933,42.694936879173824,2023-08-01
c1757,45.289297,17.867933,80.45196690166722,2023-08-02
c1757,45.289297,17.867933,85.50111486643361,2023-08-03
c1757,45.289297,17.867933,83.35699705356012,2023-08-04
c1757,45.289297,17.867933,91.9842468479537,2023-08-05
c1757,45.289297,17.867933,68.2512678105297,2023-08-06
c1757,45.289297,17.867933,64.5514893880907,2023-08-07
c1757,45.289297,17.867933,75.83738830420327,2023-08-10
c1757,45.289297,17.867933,80.6027685349342,2023-08-11
c1757,45.289297,17.867933,82.99308599225458,2023-08-12
c1757,45.289297,17.867933,,2023-08-13
c1757,45.289297,17.867933,87.50490363544915,2023-08-14
c1757,45.289297,17.867933,88.32202151082227,2023-08-15
c1757,45.289297,17.867933,92.88121510580169,2023-08-16
c1757,45.289297,17.867933,81.52791210785617,2023-08-17
c1757,45.289297,17.867933,70.3812392758251,2023-08-18
c1757,45.289297,17.867933,88.55669239007536,2023-08-19
c1757,45.289297,17.867933,83.76709217872612,2023-08-20
c1757,45.289297,17.867933,82.10544145585331,2023-08-21
c1757,45.289297,17.867933,85.8235152483715,2023-08-22
c1757,45.289297,17.867933,78.695448445812,2023-08-23
c1757,45.289297,17.867933,77.93855413854047,2023-08-24
c1757,45.289297,17.867933,88.85793537476926,2023-08-25
c1757,45.289297,17.867933,85.98203271387187,2023-08-26
c1757,45.289297,17.867933,85.50722813046457,2023-08-27
c1757,45.289297,17.867933,79.06463192623261,2023-08-28
c1757,45.289297,17.867933,79.20801158791888,2023-08-29
c1757,45.289297,17.867933,82.5663740971894,2023-08-30
c1757,45.289297,17.867933,73.09933368516302,2023-08-31
c1757,45.289297,17.867933,82.11117720599258,2023-09-01
c1757,45.289297,17.867933,77.81263128566329,2023-09-02
c1757,45.289297,17.867933,52.95197314450893,2023-09-03
c1757,45.289297,17.867933,73.14659011257142,2023-09-04
c1757,45.289297,17.867933,77.22330105248481,2023-09-05
c1757,45.289297,17.867933,72.89414607734061,2023-09-06
c1757,45.289297,17.867933,74.67972741667907,2023-09-07
c1757,45.289297,17.867933,81.08210322768383,2023-09-08
c1757,45.289297,17.867933,85.3363571495919,2023-09-09
c1757,45.289297,17.867933,79.9285550209232,2023-09-10
c1757,45.289297,17.867933,79.65949214782616,2023-09-11
c1757,45.289297,17.867933,86.20530934564025,2023-09-12
c1757,45.289297,17.867933,83.71920420543263,2023-09-13
c1757,45.289297,17.867933,83.43231393755381,2023-09-14
c1757,45.289297,17.867933,79.98923764615893,2023-09-15
c1757,45.289297,17.867933,79.67469959547877,2023-09-16
c1757,45.289297,17.867933,82.37513129054764,2023-09-17
c1757,45.289297,17.867933,86.8867531319741,2023-09-18
c1757,45.289297,17.867933,74.36173134266073,2023-09-19
c1757,45.289297,17.867933,78.76648919805979,2023-09-20
c1757,45.289297,17.867933,82.59602320878905,2023-09-21
c1757,45.289297,17.867933,63.62446927005772,2023-09-22
c1757,45.289297,17.867933,112.45887099881274,2023-09-23
c1757,45.289297,17.867933,79.29463636051796,2023-09-24
c1757,45.289297,17.867933,109.10176890873409,2023-09-25
c1757,45.289297,17.867933,85.5663544759273,2023-09-26
c1757,45.289297,17.867933,80.79644652669089,2023-09-27
c1757,45.289297,17.867933,83.28140921149416,2023-09-28
c1757,45.289297,17.867933,74.15415155306313,2023-09-29
c1757,45.289297,17.867933,80.2015619906527,2023-09-30
c1757,45.289297,17.867933,73.29566720529394,2023-10-01
c1757,45.289297,17.867933,74.57609201642477,2023-10-02
c1757,45.289297,17.867933,73.97835785920905,2023-10-03
c1757,45.289297,17.867933,60.86821003773367,2023-10-04
c1757,45.289297,17.867933,59.675745349564885,2023-10-05
c1757,45.289297,17.867933,64.24481406983104,2023-10-06
c1757,45.289297,17.867933,69.61719465433441,2023-10-07
c1757,45.289297,17.867933,71.05357890134883,2023-10-08
c1757,45.289297,17.867933,71.0609161729035,2023-10-09
c1757,45.289297,17.867933,69.0533438831081,2023-10-10
c1757,45.289297,17.867933,73.01972379586933,2023-10-11
c1757,45.289297,17.867933,66.3099560634757,2023-10-12
c1757,45.289297,17.867933,69.83455339651572,2023-10-13
c1757,45.289297,17.867933,71.08094631599415,2023-10-14
c1757,45.289297,17.867933,110.3639821231844,2023-10-15
c1757,45.289297,17.867933,65.25097882415652,2023-10-16
c1757,45.289297,17.867933,75.69552459421715,2023-10-17
c1757,45.289297,17.867933,76.32080691050047,2023-10-18
c1757,45.289297,17.867933,79.79999187718504,2023-10-19
c1757,45.289297,17.867933,59.76948088051367,2023-10-20
c1757,45.289297,17.867933,,2023-10-21
c1757,45.289297,17.867933,61.31801348613144,2023-10-22
c1757,45.289297,17.867933,57.89520056831802,2023-10-23
c1757,45.289297,17.867933,45.58208190060338,2023-10-24
c1757,45.289297,17.867933,60.90339694715354,2023-10-25
c1757,45.289297,17.867933,54.2025653273365,2023-10-26
c1757,45.289297,17.867933,59.05443946837726,2023-10-27
c1757,45.289297,17.867933,68.41713084098714,2023-10-28
c1757,45.289297,17.867933,63.252915676099555,2023-10-29
c1757,45.289297,17.867933,83.03597048697893,2023-10-30
c1757,45.289297,17.867933,75.22757272576503,2023-10-31
c1757,45.289297,17.867933,68.1167157683204,2023-11-01
c1757,45.289297,17.867933,54.72663201929139,2023-11-02
c1757,45.289297,17.867933,84.98965358799501,2023-11-03
c1757,45.289297,17.867933,68.63391421389258,2023-11-04
c1757,45.289297,17.867933,55.95468178854823,2023-11-05
c1757,45.289297,17.867933,48.93180083578754,2023-11-06
c1757,45.289297,17.867933,55.148816230131445,2023-11-07
c1757,45.289297,17.867933,44.02728915147594,2023-11-08
c1757,45.289297,17.867933,48.22996926738263,2023-11-09
c1757,45.289297,17.867933,30.85651959651582,2023-11-10
c1757,45.289297,17.867933,114.91962520431257,2023-11-11
c1757,45.289297,17.867933,74.92239154749207,2023-11-12
c1757,45.289297,17.867933,84.42603645838628,2023-11-13
c1757,45.289297,17.867933,84.48568523879278,2023-11-14
c1757,45.289297,17.867933,68.50824467093226,2023-11-15
c1757,45.289297,17.867933,60.17808082446931,2023-11-16
c1757,45.289297,17.867933,73.16319884846648,2023-11-17
c1757,45.289297,17.867933,70.00734412616899,2023-11-18
c1757,45.289297,17.867933,78.48932002305891,2023-11-19
c1757,45.289297,17.867933,60.49537369507265,2023-11-20
c1757,45.289297,17.867933,,2023-11-21
c1757,45.289297,17.867933,67.90389746140659,2023-11-23
c1757,45.289297,17.867933,65.78833848625047,2023-11-24
c1757,45.289297,17.867933,30.241363847362287,2023-11-25
c1757,45.289297,17.867933,76.05430908726797,2023-11-26
c1757,45.289297,17.867933,76.3266678423792,2023-11-27
c1757,45.289297,17.867933,99.615653027908,2023-11-28
c1757,45.289297,17.867933,92.4350628561676,2023-11-29
c1757,45.289297,17.867933,,2023-11-30
c1757,45.289297,17.867933,62.66400826187966,2023-12-01
c1757,45.289297,17.867933,122.2415113077595,2023-12-02
c1757,45.289297,17.867933,75.7978899782015,2023-12-03
c1757,45.289297,17.867933,63.74475220248094,2023-12-04
c1757,45.289297,17.867933,55.14815145685553,2023-12-05
c1757,45.289297,17.867933,150.11082260035113,2023-12-06
c1757,45.289297,17.867933,57.23204362302549,2023-12-07
c1757,45.289297,17.867933,68.87612385382239,2023-12-08
c1757,45.289297,17.867933,,2023-12-09
c1757,45.289297,17.867933,73.10194652640374,2023-12-10
c1757,45.289297,17.867933,60.53265063725126,2023-12-11
c1757,45.289297,17.867933,103.47408753279156,2023-12-12
c1757,45.289297,17.867933,,2023-12-13
c1757,45.289297,17.867933,45.82702826687101,2023-12-14
c1757,45.289297,17.867933,206.094519361064,2023-12-15
c1757,45.289297,17.867933,58.50278675092912,2023-12-16
c1757,45.289297,17.867933,41.59542662154002,2023-12-17
c1757,45.289297,17.867933,47.94349962034842,2023-12-18
c1757,45.289297,17.867933,62.61422319324582,2023-12-19
c1757,45.289297,17.867933,72.88632473998409,2023-12-20
c1757,45.289297,17.867933,43.75294303831888,2023-12-21
c1757,45.289297,17.867933,49.72765921226921,2023-12-22
c1757,45.289297,17.867933,49.40106403012316,2023-12-23
c1757,45.289297,17.867933,36.82991781456752,2023-12-24
c1757,45.289297,17.867933,61.9573283860037,2023-12-25
c1757,45.289297,17.867933,49.57800122951451,2023-12-26
c1757,45.289297,17.867933,64.37658991863923,2023-12-27
c1757,45.289297,17.867933,51.31984215725632,2023-12-28
c1757,45.289297,17.867933,37.24896709056268,2023-12-29
c1757,45.289297,17.867933,40.39093421090487,2023-12-30
c1757,45.289297,17.867933,41.25550323056584,2023-12-31
c1757,45.289297,17.867933,-3.220511795761116,2024-01-01
c1757,45.289297,17.867933,31.54357544543888,2024-01-02
c1757,45.289297,17.867933,20.96269270952934,2024-01-03
c1757,45.289297,17.867933,17.788718483633456,2024-01-04
c1757,45.289297,17.867933,39.70468302090764,2024-01-05
c1757,45.289297,17.867933,45.63935016152835,2024-01-06
c1757,45.289297,17.867933,,2024-01-07
c1757,45.289297,17.867933,102.5085643897191,2024-01-08
c1757,45.289297,17.867933,133.57169294568254,2024-01-09
c1757,45.289297,17.867933,101.42007298558607,2024-01-10
c1757,45.289297,17.867933,70.72757912290216,2024-01-11
c1757,45.289297,17.867933,114.05945997865336,2024-01-12
c1757,45.289297,17.867933,47.44629755801933,2024-01-13
c1757,45.289297,17.867933,85.26247326733687,2024-01-14
c1757,45.289297,17.867933,77.4269298466365,2024-01-15
c1757,45.289297,17.867933,63.43934630940857,2024-01-16
c1757,45.289297,17.867933,99.11964217696084,2024-01-17
c1757,45.289297,17.867933,66.24805903961624,2024-01-18
c1757,45.289297,17.867933,142.50550397359078,2024-01-19
c1757,45.289297,17.867933,45.84640166157021,2024-01-20
c1757,45.289297,17.867933,49.80275877877419,2024-01-21
c1757,45.289297,17.867933,57.95302797271548,2024-01-22
c1757,45.289297,17.867933,54.96095081529721,2024-01-23
c1757,45.289297,17.867933,74.06750786389439,2024-01-24
c1757,45.289297,17.867933,69.6406674485545,2024-01-25
c1757,45.289297,17.867933,49.775410256143445,2024-01-26
c1757,45.289297,17.867933,22.333960948517063,2024-01-27
c1757,45.289297,17.867933,40.61431881193097,2024-01-28
c1757,45.289297,17.867933,49.07411171687728,2024-01-29
c1757,45.289297,17.867933,69.66449867488262,2024-01-30
c1757,45.289297,17.867933,66.20488305917509,2024-01-31
c1757,45.289297,17.867933,33.81200445433953,2024-02-01
c1757,45.289297,17.867933,50.962208590689585,2024-02-02
c1757,45.289297,17.867933,48.947367179001944,2024-02-03
c1757,45.289297,17.867933,39.88158536762787,2024-02-04
c1757,45.289297,17.867933,54.77730989830666,2024-02-05
c1757,45.289297,17.867933,47.80281808144771,2024-02-06
c1757,45.289297,17.867933,46.70451852933093,2024-02-07
c1757,45.289297,17.867933,54.52301741495434,2024-02-08
c1757,45.289297,17.867933,48.986975609214994,2024-02-09
c1757,45.289297,17.867933,72.97639529083592,2024-02-10
c1757,45.289297,17.867933,38.82599254204094,2024-02-11
c1757,45.289297,17.867933,91.29914226958748,2024-02-12
c1757,45.289297,17.867933,78.19304382669013,2024-02-13
c1757,45.289297,17.867933,56.6750100208391,2024-02-14
c1757,45.289297,17.867933,39.81036925177974,2024-02-15
c1757,45.289297,17.867933,67.73274562487377,2024-02-16
c1757,45.289297,17.867933,72.46909333266771,2024-02-17
c1757,45.289297,17.867933,52.194259902630385,2024-02-18
c1757,45.289297,17.867933,67.52562433941199,2024-02-19
c1757,45.289297,17.867933,51.87876248178361,2024-02-20
c1757,45.289297,17.867933,53.37355944861718,2024-02-21
c1757,45.289297,17.867933,44.8860121091747,2024-02-22
c1757,45.289297,17.867933,64.44311367520856,2024-02-23
c1757,45.289297,17.867933,63.530800398114,2024-02-24
c1757,45.289297,17.867933,74.94300575758048,2024-02-25
c1757,45.289297,17.867933,56.16727228423154,2024-02-26
c1757,45.289297,17.867933,48.20366914450837,2024-02-27
c1757,45.289297,17.867933,53.13553727708073,2024-02-28
c1757,45.289297,17.867933,103.39661610397336,2024-02-29
c1757,45.289297,17.867933,91.64146810029548,2024-03-01
c1757,45.289297,17.867933,53.61285966292581,2024-03-02
c1757,45.289297,17.867933,42.73761786039207,2024-03-03
c1757,45.289297,17.867933,45.68900181680094,2024-03-04
c1757,45.289297,17.867933,60.707873816869174,2024-03-05
c1757,45.289297,17.867933,63.60241868122532,2024-03-06
c1757,45.289297,17.867933,84.02768866031796,2024-03-07
c1757,45.289297,17.867933,55.93726149990896,2024-03-08
c1757,45.289297,17.867933,58.814995208034055,2024-03-09
c1757,45.289297,17.867933,40.643350472740075,2024-03-10
c1757,45.289297,17.867933,128.98749864370248,2024-03-11
c1757,45.289297,17.867933,89.15338790876858,2024-03-12
c1757,45.289297,17.867933,70.23873081687823,2024-03-13
c1757,45.289297,17.867933,71.71885234259057,2024-03-14
c1757,45.289297,17.867933,61.641880070807616,2024-03-15
c1757,45.289297,17.867933,72.61021836662255,2024-03-16
c1757,45.289297,17.867933,54.36278400740637,2024-03-17
c1757,45.289297,17.867933,63.52708427840856,2024-03-18
c1757,45.289297,17.867933,67.48432207336009,2024-03-19
c1757,45.289297,17.867933,62.37326395979095,2024-03-20
c1757,45.289297,17.867933,60.086331805300965,2024-03-21
c1757,45.289297,17.867933,69.00148375113065,2024-03-22
c1757,45.289297,17.867933,72.30700604216118,2024-03-23
c1757,45.289297,17.867933,59.36843848405617,2024-03-24
c1757,45.289297,17.867933,67.3996129960485,2024-03-25
c1757,45.289297,17.867933,70.39709820072426,2024-03-26
c1757,45.289297,17.867933,57.218426012447466,2024-03-27
c1757,45.289297,17.867933,33.2219567842708,2024-03-28
c1757,45.289297,17.867933,59.08761674308271,2024-03-29
c1757,45.289297,17.867933,67.81112092526222,2024-03-30
c1757,45.289297,17.867933,59.23264166011908,2024-03-31
c1757,45.289297,17.867933,62.028759164177345,2024-04-01
c1757,45.289297,17.867933,56.16398375356616,2024-04-02
c1757,45.289297,17.867933,76.38533750284321,2024-04-03
c1757,45.289297,17.867933,61.322751693542855,2024-04-04
c1757,45.289297,17.867933,67.85697729995046,2024-04-05
c1757,45.289297,17.867933,64.46407419972806,2024-04-06
c1757,45.289297,17.867933,70.24728399956489,2024-04-07
c1757,45.289297,17.867933,70.27809156362993,2024-04-08
c1757,45.289297,17.867933,67.64770703260388,2024-04-09
c1757,45.289297,17.867933,76.51285915809414,2024-04-10
c1757,45.289297,17.867933,71.16567202287808,2024-04-11
c1757,45.289297,17.867933,73.06437909732725,2024-04-12
c1757,45.289297,17.867933,72.48241398496332,2024-04-13
c1757,45.289297,17.867933,64.41683997627845,2024-04-14
c1757,45.289297,17.867933,72.65576494194713,2024-04-15
c1757,45.289297,17.867933,73.99563266588903,2024-04-16
c1757,45.289297,17.867933,76.92907193452554,2024-04-17
c1757,45.289297,17.867933,69.84259918294114,2024-04-18
c1757,45.289297,17.867933,74.53615195358792,2024-04-19
c1757,45.289297,17.867933,84.62859443557343,2024-04-20
c1757,45.289297,17.867933,87.40944883572405,2024-04-21
c1757,45.289297,17.867933,73.64063888538413,2024-04-22
c1757,45.289297,17.867933,85.14870157849305,2024-04-23
c1757,45.289297,17.867933,89.99139568959868,2024-04-24
c1757,45.289297,17.867933,68.38401509868599,2024-04-25
c1757,45.289297,17.867933,79.4401602267815,2024-04-26
c1757,45.289297,17.867933,78.506531370275,2024-04-27
c1757,45.289297,17.867933,82.3490178898886,2024-04-28
c1757,45.289297,17.867933,79.61327284861684,2024-04-29
c1757,45.289297,17.867933,80.79931538294525,2024-04-30
c1757,45.289297,17.867933,58.99092738567393,2024-05-01
c1757,45.289297,17.867933,65.84969260507836,2024-05-02
c1757,45.289297,17.867933,86.82397926161462,2024-05-03
c1757,45.289297,17.867933,76.74780492161143,2024-05-04
c1757,45.289297,17.867933,75.95740682859503,2024-05-05
c1757,45.289297,17.867933,73.12506084611992,2024-05-06
c1757,45.289297,17.867933,64.24801494837764,2024-05-07
c1757,45.289297,17.867933,78.7801761435767,2024-05-08
c1757,45.289297,17.867933,68.93794645394586,2024-05-09
c1757,45.289297,17.867933,81.07927977013364,2024-05-10
c1757,45.289297,17.867933,83.92648733107619,2024-05-13
c1757,45.289297,17.867933,79.81268008031452,2024-05-14
c1757,45.289297,17.867933,69.11009153576744,2024-05-15
c1757,45.289297,17.867933,81.78661838311658,2024-05-16
c1757,45.289297,17.867933,82.0680606490503,2024-05-17
c1757,45.289297,17.867933,86.70958836623386,2024-05-18
c1757,45.289297,17.867933,94.31090326268752,2024-05-19
c1757,45.289297,17.867933,69.59157802628445,2024-05-20
c1757,45.289297,17.867933,78.28220188288597,2024-05-21
c1757,45.289297,17.867933,77.93439886548516,2024-05-22
c1757,45.289297,17.867933,80.03906334720719,2024-05-23
c1757,45.289297,17.867933,76.21763616719012,2024-05-24
c1757,45.289297,17.867933,64.74764318263774,2024-05-25
c1757,45.289297,17.867933,73.64497114391334,2024-05-26
c1757,45.289297,17.867933,79.77772628164031,2024-05-27
c1757,45.289297,17.867933,77.23383356084265,2024-05-28
c1757,45.289297,17.867933,82.23697310653831,2024-05-29
c1757,45.289297,17.867933,79.92693582941102,2024-05-30
c1757,45.289297,17.867933,71.40932740415369,2024-05-31
c1757,45.289297,17.867933,87.55869254010094,2024-06-01
c1757,45.289297,17.867933,77.59859676968135,2024-06-02
c1757,45.289297,17.867933,82.71494952140705,2024-06-03
c1757,45.289297,17.867933,84.21460558497537,2024-06-04
c1757,45.289297,17.867933,78.6812992521692,2024-06-05
c1757,45.289297,17.867933,83.0294800236086,2024-06-06
c1757,45.289297,17.867933,74.05165812259771,2024-06-07
c1757,45.289297,17.867933,80.07089294087143,2024-06-08
c1757,45.289297,17.867933,75.79085937814561,2024-06-09
c1757,45.289297,17.867933,87.13319250705806,2024-06-10
c1757,45.289297,17.867933,71.49090505474594,2024-06-11
c1757,45.289297,17.867933,70.03308638354017,2024-06-12
c1757,45.289297,17.867933,70.38059163215311,2024-06-13
c1757,45.289297,17.867933,73.79327422346083,2024-06-14
c1757,45.289297,17.867933,83.46291833436266,2024-06-15
c1757,45.289297,17.867933,67.41522443482305,2024-06-16
c1757,45.289297,17.867933,73.36417369624874,2024-06-17
c1757,45.289297,17.867933,75.94307812478932,2024-06-18
c1757,45.289297,17.867933,72.26713274079674,2024-06-19
c1757,45.289297,17.867933,75.87954430125036,2024-06-20
c1757,45.289297,17.867933,72.59729065535102,2024-06-21
c1757,45.289297,17.867933,77.55808600659236,2024-06-22
c1757,45.289297,17.867933,65.90498852988259,2024-06-23
c1757,45.289297,17.867933,77.62039218598795,2024-06-24
c1757,45.289297,17.867933,78.28896035208466,2024-06-25
c1757,45.289297,17.867933,82.74778614723967,2024-06-26
c1757,45.289297,17.867933,84.650053629612,2024-06-27
c1757,45.289297,17.867933,86.0770984246738,2024-06-28
c1757,45.289297,17.867933,82.45075032179952,2024-06-29
c1757,45.289297,17.867933,75.25955946971739,2024-06-30
c1757,45.289297,17.867933,76.2756495138185,2024-07-01
c1757,45.289297,17.867933,73.63953383268681,2024-07-02
c1757,45.289297,17.867933,70.1223584889368,2024-07-03
c1757,45.289297,17.867933,64.32181007868327,2024-07-04
c1757,45.289297,17.867933,79.03022268063029,2024-07-05
c1757,45.289297,17.867933,77.78282851358577,2024-07-06
c1757,45.289297,17.867933,73.51555165675656,2024-07-07
c1757,45.289297,17.867933,84.6296789108713,2024-07-08
c1757,45.289297,17.867933,76.77927325682182,2024-07-09
c1757,45.289297,17.867933,81.2734350003548,2024-07-10
c1757,45.289297,17.867933,79.10939021885721,2024-07-11
c1757,45.289297,17.867933,79.34398243200371,2024-07-12
c1757,45.289297,17.867933,77.901121125232,2024-07-13
c1757,45.289297,17.867933,73.5454306664338,2024-07-14
c1757,45.289297,17.867933,73.80606995210616,2024-07-15
c1757,45.289297,17.867933,73.79148823404013,2024-07-16
c1757,45.289297,17.867933,82.15088033433894,2024-07-17
c1757,45.289297,17.867933,76.20229256641494,2024-07-18
c1757,45.289297,17.867933,80.36331561780341,2024-07-19
c1757,45.289297,17.867933,77.60078356497799,2024-07-20
c1757,45.289297,17.867933,73.30808552047664,2024-07-21
c1757,45.289297,17.867933,75.4327973368504,2024-07-22
c1757,45.289297,17.867933,77.25604073844777,2024-07-23
c1757,45.289297,17.867933,72.94484223387218,2024-07-24
c1757,45.289297,17.867933,71.95207991737391,2024-07-25
c1757,45.289297,17.867933,85.10752507131944,2024-07-28
c1757,45.289297,17.867933,79.27598258698471,2024-07-29
c1757,45.289297,17.867933,85.13813215501249,2024-07-31
c1757,45.289297,17.867933,80.11441188399623,2024-08-01
c1757,45.289297,17.867933,81.62312024855844,2024-08-03
c1757,45.289297,17.867933,70.69851073308982,2024-08-04
c1757,45.289297,17.867933,63.90523697046426,2024-08-05
c1757,45.289297,17.867933,73.54897305877435,2024-08-06
c1757,45.289297,17.867933,74.71204068800412,2024-08-07
c1757,45.289297,17.867933,71.68741887576279,2024-08-08
c1757,45.289297,17.867933,79.85963577008863,2024-08-09
c1757,45.289297,17.867933,72.4284287855077,2024-08-10
c1757,45.289297,17.867933,77.6953689605501,2024-08-11
c1757,45.289297,17.867933,74.15086195598374,2024-08-12
c1757,45.289297,17.867933,81.89949254728225,2024-08-13
c1757,45.289297,17.867933,90.250749812091,2024-08-14
c1757,45.289297,17.867933,86.29497538658214,2024-08-15
c1757,45.289297,17.867933,86.51858373420775,2024-08-16
c1757,45.289297,17.867933,,2024-08-17
c1757,45.289297,17.867933,73.64471339478962,2024-08-18
c1757,45.289297,17.867933,102.92441940038177,2024-08-19
c1757,45.289297,17.867933,79.92950679449655,2024-08-20
c1757,45.289297,17.867933,65.1778752332069,2024-08-21
c1757,45.289297,17.867933,69.67291498461653,2024-08-22
c1757,45.289297,17.867933,73.24258867341182,2024-08-23
c1757,45.289297,17.867933,82.1126378185021,2024-08-24
c1757,45.289297,17.867933,80.18971693035878,2024-08-25
c1757,45.289297,17.867933,84.25850493352155,2024-08-26
c1757,45.289297,17.867933,82.21982677078714,2024-08-27
c1757,45.289297,17.867933,76.46776408523984,2024-08-28
c1757,45.289297,17.867933,75.95930523406675,2024-08-29
c1757,45.289297,17.867933,79.95678689933517,2024-08-30
c1757,45.289297,17.867933,78.87346393390875,2024-08-31
c1757,45.289297,17.867933,74.58294414218012,2024-09-01
c1757,45.289297,17.867933,76.54707045486136,2024-09-02
c1757,45.289297,17.867933,82.02932796862159,2024-09-03
c1757,45.289297,17.867933,81.22984331197495,2024-09-04
c1757,45.289297,17.867933,87.13318523858545,2024-09-05
c1757,45.289297,17.867933,77.04915294866123,2024-09-06
c1757,45.289297,17.867933,91.65778780142178,2024-09-07
c1757,45.289297,17.867933,73.0884596549455,2024-09-08
c1757,45.289297,17.867933,96.64659454155854,2024-09-09
c1757,45.289297,17.867933,74.5599337472896,2024-09-10
c1757,45.289297,17.867933,74.93364043223812,2024-09-11
c1757,45.289297,17.867933,104.9167032542614,2024-09-12
c1757,45.289297,17.867933,86.29844808264751,2024-09-13
c1757,45.289297,17.867933,179.6569040203597,2024-09-14
c1757,45.289297,17.867933,218.68134657617597,2024-09-15
c1757,45.289297,17.867933,131.40450878427066,2024-09-16
c1757,45.289297,17.867933,73.57256418889118,2024-09-17
c1757,45.289297,17.867933,86.64140783285866,2024-09-18
c1757,45.289297,17.867933,82.05099084513586,2024-09-19
c1757,45.289297,17.867933,78.67217367510604,2024-09-20
c1757,45.289297,17.867933,83.66755333255598,2024-09-21
c1757,45.289297,17.867933,80.20417195651473,2024-09-22
c1757,45.289297,17.867933,72.49386590970998,2024-09-23
c1757,45.289297,17.867933,,2024-09-24
c1757,45.289297,17.867933,64.7814748824067,2024-09-25
c1757,45.289297,17.867933,54.79935105290956,2024-09-26
c1757,45.289297,17.867933,63.44881495222993,2024-09-27
c1757,45.289297,17.867933,,2024-09-28
c1757,45.289297,17.867933,65.41879548405036,2024-09-29
c1757,45.289297,17.867933,66.61956671092007,2024-09-30
c1757,45.289297,17.867933,57.97348351951471,2024-10-01
c1757,45.289297,17.867933,61.52029182394397,2024-10-02
c1757,45.289297,17.867933,,2024-10-03
c1757,45.289297,17.867933,71.5443651338002,2024-10-04
c1757,45.289297,17.867933,63.582137285350974,2024-10-05
c1757,45.289297,17.867933,61.32077272353238,2024-10-06
c1757,45.289297,17.867933,62.236094109618655,2024-10-07
c1757,45.289297,17.867933,68.70084740606387,2024-10-08
c1757,45.289297,17.867933,58.81825856795418,2024-10-09
c1757,45.289297,17.867933,59.21081513337749,2024-10-10
c1757,45.289297,17.867933,56.18191842262678,2024-10-11
c1757,45.289297,17.867933,63.62361395433498,2024-10-12
c1757,45.289297,17.867933,27.840041883138397,2024-10-13
c1757,45.289297,17.867933,65.74963546696668,2024-10-14
c1757,45.289297,17.867933,65.14396636545538,2024-10-15
c1757,45.289297,17.867933,57.71814716687024,2024-10-16
c1757,45.289297,17.867933,63.98877330487981,2024-10-17
c1757,45.289297,17.867933,57.527815952656695,2024-10-18
c1757,45.289297,17.867933,98.29752300762676,2024-10-19
c1757,45.289297,17.867933,65.61900673557808,2024-10-20
c1757,45.289297,17.867933,62.45831562263801,2024-10-21
c1757,45.289297,17.867933,61.35089282361842,2024-10-22
c1757,45.289297,17.867933,78.76468987509635,2024-10-23
c1757,45.289297,17.867933,99.30480755851497,2024-10-24
c1757,45.289297,17.867933,,2024-10-25
c1757,45.289297,17.867933,82.41068556844786,2024-10-26
c1757,45.289297,17.867933,53.85435469561036,2024-10-27
c1757,45.289297,17.867933,69.69775418954096,2024-10-28
c1757,45.289297,17.867933,62.03878812943472,2024-10-29
c1757,45.289297,17.867933,59.90189946631935,2024-10-30
c1757,45.289297,17.867933,64.41242167663997,2024-10-31
c1757,45.289297,17.867933,63.265590009476824,2024-11-02
c1757,45.289297,17.867933,64.82530612945968,2024-11-03
c1757,45.289297,17.867933,53.781206509311,2024-11-04
c1757,45.289297,17.867933,62.32239951372283,2024-11-05
c1757,45.289297,17.867933,66.83327617831355,2024-11-06
c1757,45.289297,17.867933,72.68028164009904,2024-11-07
c1757,45.289297,17.867933,70.89760442950546,2024-11-08
c1757,45.289297,17.867933,60.34401579887884,2024-11-09
c1757,45.289297,17.867933,54.136184504946414,2024-11-10
c1757,45.289297,17.867933,59.00904338556167,2024-11-11
c1757,45.289297,17.867933,,2024-11-12
c1757,45.289297,17.867933,59.42766943680314,2024-11-13
c1757,45.289297,17.867933,65.35015861235776,2024-11-14
c1757,45.289297,17.867933,130.48571453738364,2024-11-15
c1757,45.289297,17.867933,61.98919259759577,2024-11-16
c1757,45.289297,17.867933,63.3385172659409,2024-11-17
c1757,45.289297,17.867933,46.07007545067937,2024-11-18
c1757,45.289297,17.867933,59.6937649130722,2024-11-19
c1757,45.289297,17.867933,,2024-11-20
c1757,45.289297,17.867933,50.95842567989581,2024-11-21
c1757,45.289297,17.867933,,2024-11-22
c1757,45.289297,17.867933,66.29526704104872,2024-11-23
c1757,45.289297,17.867933,54.677092895740074,2024-11-24
c1757,45.289297,17.867933,69.46772820017746,2024-11-25
c1757,45.289297,17.867933,65.81886328083023,2024-11-26
c1757,45.289297,17.867933,,2024-11-27
c1757,45.289297,17.867933,69.49105115300046,2024-11-28
c1757,45.289297,17.867933,75.52982412432587,2024-11-29
c1757,45.289297,17.867933,93.97407703973184,2024-11-30
c1757,45.289297,17.867933,77.97606567763555,2024-12-01
c1757,45.289297,17.867933,68.92123491549657,2024-12-02
c1757,45.289297,17.867933,,2024-12-03
c1757,45.289297,17.867933,91.4080598074796,2024-12-04
c1757,45.289297,17.867933,104.4453045092476,2024-12-05
c1757,45.289297,17.867933,,2024-12-06
c1757,45.289297,17.867933,71.57525280438641,2024-12-07
c1757,45.289297,17.867933,113.36881352260636,2024-12-08
c1757,45.289297,17.867933,59.409529622443735,2024-12-09
c1757,45.289297,17.867933,85.63694253495277,2024-12-10
c1757,45.289297,17.867933,108.34007744954218,2024-12-11
c1757,45.289297,17.867933,61.32994596421536,2024-12-12
c1757,45.289297,17.867933,64.06586884317726,2024-12-13
c1757,45.289297,17.867933,89.90138680684043,2024-12-14
c1757,45.289297,17.867933,90.68825808273424,2024-12-15
c1757,45.289297,17.867933,65.75560393603912,2024-12-16
c1757,45.289297,17.867933,71.2153132469323,2024-12-17
c1757,45.289297,17.867933,65.32314699431521,2024-12-18
c1757,45.289297,17.867933,52.43161104390207,2024-12-19
c1757,45.289297,17.867933,147.38691202869325,2024-12-20
c1757,45.289297,17.867933,35.21312405346834,2024-12-21
c1757,45.289297,17.867933,45.972540889561074,2024-12-22
c1757,45.289297,17.867933,,2024-12-23
c1757,45.289297,17.867933,,2024-12-24
c1757,45.289297,17.867933,62.8159043990477,2024-12-25
c1757,45.289297,17.867933,57.99051014249593,2024-12-26
c1757,45.289297,17.867933,67.22448103988329,2024-12-27
c1757,45.289297,17.867933,87.76017158254122,2024-12-28
c1757,45.289297,17.867933,74.64677943339034,2024-12-29
c1757,45.289297,17.867933,91.40637758630008,2024-12-30
c1757,45.289297,17.867933,68.82019957362661,2025-01-01
c1757,45.289297,17.867933,60.29658498825744,2025-01-02
c1757,45.289297,17.867933,65.48004191658427,2025-01-03
c1757,45.289297,17.867933,60.40888105703848,2025-01-04
c1757,45.289297,17.867933,130.54657797612384,2025-01-05
c1757,45.289297,17.867933,,2025-01-06
c1757,45.289297,17.867933,57.144722332069186,2025-01-07
c1757,45.289297,17.867933,63.772017304131886,2025-01-08
c1757,45.289297,17.867933,,2025-01-09
c1757,45.289297,17.867933,130.76217760380607,2025-01-10
c1757,45.289297,17.867933,72.9428156226769,2025-01-11
c1757,45.289297,17.867933,77.36574987697128,2025-01-12
c1757,45.289297,17.867933,93.23767266028555,2025-01-13
c1757,45.289297,17.867933,50.324184146834355,2025-01-14
c1757,45.289297,17.867933,16.03254217071893,2025-01-15
c1757,45.289297,17.867933,51.79200091976416,2025-01-16
c1757,45.289297,17.867933,50.43377893883091,2025-01-17
c1757,45.289297,17.867933,46.1600084044428,2025-01-18
c1757,45.289297,17.867933,48.64632728276523,2025-01-19
c1757,45.289297,17.867933,87.65713053250737,2025-01-20
c1757,45.289297,17.867933,212.23019850216735,2025-01-21
c1757,45.289297,17.867933,60.60009662001726,2025-01-22
c1757,45.289297,17.867933,85.63304033373495,2025-01-23
c1757,45.289297,17.867933,56.33639020262847,2025-01-24
c1757,45.289297,17.867933,55.44484494889969,2025-01-25
c1757,45.289297,17.867933,57.88995246377531,2025-01-26
c1757,45.289297,17.867933,37.77692993864462,2025-01-27
c1757,45.289297,17.867933,50.35314907101147,2025-01-28
c1757,45.289297,17.867933,48.26355009098868,2025-01-29
c1757,45.289297,17.867933,116.36973052121368,2025-01-30
c1757,45.289297,17.867933,45.17913111916997,2025-01-31
c1757,45.289297,17.867933,77.27784046482564,2025-02-01
c1757,45.289297,17.867933,107.69509391922423,2025-02-02
c1757,45.289297,17.867933,61.020766401090306,2025-02-03
c1757,45.289297,17.867933,57.60488786096894,2025-02-04
c1757,45.289297,17.867933,60.12791052763438,2025-02-05
c1757,45.289297,17.867933,78.67611042405646,2025-02-06
c1757,45.289297,17.867933,100.21885012260114,2025-02-07
c1757,45.289297,17.867933,57.57638792849727,2025-02-08
c1757,45.289297,17.867933,58.96272546671314,2025-02-09
c1757,45.289297,17.867933,81.57999434529496,2025-02-10
c1757,45.289297,17.867933,68.15152776474147,2025-02-11
c1757,45.289297,17.867933,93.01300393638267,2025-02-12
c1757,45.289297,17.867933,56.26331804801746,2025-02-13
c1757,45.289297,17.867933,,2025-02-14
c1757,45.289297,17.867933,111.64259140185295,2025-02-15
c1757,45.289297,17.867933,78.12415273736036,2025-02-16
c1757,45.289297,17.867933,55.01873602806533,2025-02-17
c1757,45.289297,17.867933,50.24085986251384,2025-02-18
c1757,45.289297,17.867933,71.05142390000915,2025-02-19
c1757,45.289297,17.867933,72.64396493008844,2025-02-20
c1757,45.289297,17.867933,69.07919541668653,2025-02-21
c1757,45.289297,17.867933,68.31482290635044,2025-02-22
c1757,45.289297,17.867933,52.19739211375306,2025-02-23
c1757,45.289297,17.867933,67.45189384476504,2025-02-24
c1757,45.289297,17.867933,68.65581063142976,2025-02-25
c1757,45.289297,17.867933,86.76505521848898,2025-02-26
c1757,45.289297,17.867933,140.8170157238341,2025-02-27
c1757,45.289297,17.867933,50.17328216812069,2025-02-28
c1757,45.289297,17.867933,77.3315139407812,2025-03-01
c1757,45.289297,17.867933,63.220358489050795,2025-03-02
c1757,45.289297,17.867933,67.2571342387647,2025-03-03
c1757,45.289297,17.867933,56.93235748267416,2025-03-04
c1757,45.289297,17.867933,68.84756680176932,2025-03-05
c1757,45.289297,17.867933,84.007802546725,2025-03-06
c1757,45.289297,17.867933,73.85744461425716,2025-03-07
c1757,45.289297,17.867933,87.08885835533913,2025-03-08
c1757,45.289297,17.867933,64.25527730689193,2025-03-09
c1757,45.289297,17.867933,66.26623559491956,2025-03-10
c1757,45.289297,17.867933,133.0141052586391,2025-03-11
c1757,45.289297,17.867933,72.38459406351305,2025-03-12
c1757,45.289297,17.867933,54.49974003435205,2025-03-13
c1757,45.289297,17.867933,71.39835538367258,2025-03-14
c1757,45.289297,17.867933,96.97056163760143,2025-03-15
c1757,45.289297,17.867933,67.30449842344473,2025-03-16
c1757,45.289297,17.867933,102.91513206069092,2025-03-17
c1757,45.289297,17.867933,63.52617904852753,2025-03-18
c1757,45.289297,17.867933,73.79280257463176,2025-03-19
c1757,45.289297,17.867933,76.87686232912469,2025-03-20
c1757,45.289297,17.867933,36.000878830943435,2025-03-22
c1757,45.289297,17.867933,49.58249219817506,2025-03-24
c1757,45.289297,17.867933,59.55966183286061,2025-03-25
c1757,45.289297,17.867933,57.385515907116286,2025-03-26
c1757,45.289297,17.867933,,2025-03-27
c1757,45.289297,17.867933,172.66640513421854,2025-03-28
c1757,45.289297,17.867933,85.81158849155693,2025-03-29
c1757,45.289297,17.867933,83.17127632629128,2025-03-30
c1757,45.289297,17.867933,70.20544077689884,2025-03-31
c1757,45.289297,17.867933,87.64980440895464,2025-04-01
c1757,45.289297,17.867933,85.5307069695322,2025-04-02
c1757,45.289297,17.867933,59.66725573122276,2025-04-03
c1757,45.289297,17.867933,68.73976422554712,2025-04-04
c1757,45.289297,17.867933,66.39603789155728,2025-04-05
c1757,45.289297,17.867933,79.4365634597941,2025-04-06
c1757,45.289297,17.867933,84.78068884035687,2025-04-07
c1757,45.289297,17.867933,72.30516104752965,2025-04-08
c1757,45.289297,17.867933,71.8073861446427,2025-04-09
c1757,45.289297,17.867933,66.70071473332999,2025-04-10
c1757,45.289297,17.867933,69.56094462937415,2025-04-11
c1757,45.289297,17.867933,72.63289722930618,2025-04-12
c1757,45.289297,17.867933,57.81120191482171,2025-04-13
c1757,45.289297,17.867933,78.00876679598413,2025-04-14
c1757,45.289297,17.867933,61.59184868838417,2025-04-15
c1757,45.289297,17.867933,68.3626381952049,2025-04-16
c1757,45.289297,17.867933,48.72991978650728,2025-04-17
c1757,45.289297,17.867933,61.90665260469578,2025-04-18
c1757,45.289297,17.867933,75.6679267611249,2025-04-19
c1757,45.289297,17.867933,71.76401083560138,2025-04-20
c1757,45.289297,17.867933,72.0125586614756,2025-04-21
c1757,45.289297,17.867933,80.67300477299955,2025-04-22
c1757,45.289297,17.867933,88.18085399226507,2025-04-23
c1757,45.289297,17.867933,78.54599770458705,2025-04-24
c1757,45.289297,17.867933,132.73368496845535,2025-04-25
c1757,45.289297,17.867933,74.14483748329347,2025-04-26
c1757,45.289297,17.867933,89.89253060077957,2025-04-27
c1757,45.289297,17.867933,71.5830126539874,2025-04-28
c1757,45.289297,17.867933,85.75727872622257,2025-04-29
c1757,45.289297,17.867933,76.25444277131365,2025-04-30
c1757,45.289297,17.867933,73.421703717745,2025-05-01
c1757,45.289297,17.867933,81.93157489250031,2025-05-02
c1757,45.289297,17.867933,70.14819692028422,2025-05-03
c1757,45.289297,17.867933,79.96632026169652,2025-05-04
c1757,45.289297,17.867933,100.91263146166683,2025-05-06
c1757,45.289297,17.867933,74.7867833691045,2025-05-07
c1757,45.289297,17.867933,86.9126996876164,2025-05-08
c1757,45.289297,17.867933,78.35315318207034,2025-05-09
c1757,45.289297,17.867933,76.23877263053988,2025-05-10
c1757,45.289297,17.867933,70.4299732553272,2025-05-11
c1757,45.289297,17.867933,73.30254172218926,2025-05-12
c1757,45.289297,17.867933,76.50194742445305,2025-05-13
c1757,45.289297,17.867933,75.6789735952128,2025-05-14
c1757,45.289297,17.867933,77.20595909609477,2025-05-15
c1757,45.289297,17.867933,75.19287299825403,2025-05-16
c1757,45.289297,17.867933,64.88320035890531,2025-05-17
c1757,45.289297,17.867933,78.66983266871767,2025-05-18
c1757,45.289297,17.867933,77.09541536718858,2025-05-19
c1757,45.289297,17.867933,77.36154676626363,2025-05-20
c1757,45.289297,17.867933,77.12493751816157,2025-05-21
c1757,45.289297,17.867933,85.85861586825067,2025-05-23
c1757,45.289297,17.867933,69.46665616338983,2025-05-24
c1757,45.289297,17.867933,76.44494517163666,2025-05-25
c1757,45.289297,17.867933,74.24238439045254,2025-05-26
c1757,45.289297,17.867933,72.53452436074436,2025-05-27
c1757,45.289297,17.867933,75.28068048805164,2025-05-28
c1757,45.289297,17.867933,86.72935163156374,2025-05-29
c1757,45.289297,17.867933,71.84005999673107,2025-05-30
c1757,45.289297,17.867933,76.46490217303976,2025-05-31
c1757,45.289297,17.867933,78.71525490268219,2025-06-01
c1757,45.289297,17.867933,81.97080171014254,2025-06-02
c1757,45.289297,17.867933,80.5699467029911,2025-06-03
c1757,45.289297,17.867933,82.39961034772797,2025-06-04
c1757,45.289297,17.867933,82.17703169016103,2025-06-05
c1757,45.289297,17.867933,76.80734502780756,2025-06-06
c1757,45.289297,17.867933,82.31307277980551,2025-06-07
c1757,45.289297,17.867933,76.7734806678345,2025-06-08
c1757,45.289297,17.867933,80.78866948533273,2025-06-09
c1757,45.289297,17.867933,79.40145084411404,2025-06-10
c1757,45.289297,17.867933,76.73627065473019,2025-06-11
c1757,45.289297,17.867933,79.83340910466055,2025-06-12
c1757,45.289297,17.867933,88.35402684501082,2025-06-13
c1757,45.289297,17.867933,91.31988366516778,2025-06-14
c1757,45.289297,17.867933,82.71118199914228,2025-06-15
c1757,45.289297,17.867933,88.31552119627631,2025-06-16
c1757,45.289297,17.867933,78.92873653399013,2025-06-17
c1757,45.289297,17.867933,75.9536281242519,2025-06-18
c1757,45.289297,17.867933,79.10468834923738,2025-06-19
c1757,45.289297,17.867933,78.41531200086656,2025-06-20
c1757,45.289297,17.867933,86.85234532816742,2025-06-21
c1757,45.289297,17.867933,82.45156157135928,2025-06-22
c1757,45.289297,17.867933,79.45526928786154,2025-06-23
c1757,45.289297,17.867933,91.43506229583144,2025-06-24
c1757,45.289297,17.867933,92.1303005955289,2025-06-25
c1757,45.289297,17.867933,90.07620810667092,2025-06-26
c1757,45.289297,17.867933,85.79446179817812,2025-06-27
c1757,45.289297,17.867933,75.8328125694367,2025-06-28
c1757,45.289297,17.867933,89.23321510576139,2025-06-29
c1757,45.289297,17.867933,80.19186133326694,2025-06-30
c1757,45.289297,17.867933,83.17751035411722,2025-07-01
c1757,45.289297,17.867933,92.037589736202,2025-07-02
c1757,45.289297,17.867933,90.02359724536039,2025-07-03
c1757,45.289297,17.867933,83.66320291404406,2025-07-04
c1757,45.289297,17.867933,91.5469653671952,2025-07-05
c1757,45.289297,17.867933,86.64579548165132,2025-07-06
c1757,45.289297,17.867933,116.7965028274458,2025-07-07
c1757,45.289297,17.867933,67.32603873410014,2025-07-08
c1757,45.289297,17.867933,85.87873307376003,2025-07-09
c1757,45.289297,17.867933,75.35886591656734,2025-07-10
c1757,45.289297,17.867933,73.89620816185409,2025-07-11
c1757,45.289297,17.867933,82.86760321147861,2025-07-12
c1757,45.289297,17.867933,100.93986035807042,2025-07-13
c1757,45.289297,17.867933,79.31331536408484,2025-07-14
c1757,45.289297,17.867933,76.8166124801048,2025-07-15
c1757,45.289297,17.867933,58.865742553490506,2025-07-16
c1757,45.289297,17.867933,88.10042822460386,2025-07-17
c1757,45.289297,17.867933,80.9125093976068,2025-07-18
c1757,45.289297,17.867933,83.19841010132481,2025-07-19
c1757,45.289297,17.867933,82.97545686380836,2025-07-20
c1757,45.289297,17.867933,80.60662418557034,2025-07-21
c1757,45.289297,17.867933,64.5847081374942,2025-07-22
c1757,45.289297,17.867933,83.68178287282846,2025-07-23
c1757,45.289297,17.867933,84.25446314312848,2025-07-24
c1757,45.289297,17.867933,76.51223860983517,2025-07-25
c1757,45.289297,17.867933,98.86066023618628,2025-07-26
c1757,45.289297,17.867933,86.27728776909406,2025-07-27
c1757,45.289297,17.867933,78.39911449116451,2025-07-28
c1757,45.289297,17.867933,80.3703340941626,2025-07-29
c1757,45.289297,17.867933,71.96496669206392,2025-07-30
c1757,45.289297,17.867933,79.40427339743196,2025-07-31
c1757,45.289297,17.867933,81.38474271002686,2025-08-01
c1757,45.289297,17.867933,75.19050704523497,2025-08-02
c1757,45.289297,17.867933,61.07312779841039,2025-08-03
c1757,45.289297,17.867933,80.57099990648578,2025-08-04
c1757,45.289297,17.867933,86.21816438892976,2025-08-05
c1757,45.289297,17.867933,72.86777788722759,2025-08-06
c1757,45.289297,17.867933,80.60088215893816,2025-08-07
c1757,45.289297,17.867933,84.66390036072954,2025-08-08
c1757,45.289297,17.867933,83.69619925909268,2025-08-09
c1757,45.289297,17.867933,77.86299164065504,2025-08-10
c1757,45.289297,17.867933,83.70930324852519,2025-08-11
c1757,45.289297,17.867933,80.55497759688862,2025-08-12
c1757,45.289297,17.867933,85.48327719716086,2025-08-13
c1757,45.289297,17.867933,81.6811630861911,2025-08-14
c1757,45.289297,17.867933,79.99887254423516,2025-08-15
c1757,45.289297,17.867933,82.16998712483121,2025-08-16
c1757,45.289297,17.867933,75.93497369163022,2025-08-17
c1757,45.289297,17.867933,81.58132216275447,2025-08-18
c1757,45.289297,17.867933,79.30254071028207,2025-08-19
c1757,45.289297,17.867933,78.69783122970404,2025-08-20
c1757,45.289297,17.867933,89.25805341272445,2025-08-21
c1757,45.289297,17.867933,69.00224306342966,2025-08-22
c1757,45.289297,17.867933,77.86463618524768,2025-08-23
c1757,45.289297,17.867933,74.1899589234814,2025-08-24
c1757,45.289297,17.867933,71.92187757406737,2025-08-25
c1757,45.289297,17.867933,69.74018628879718,2025-08-26
c1757,45.289297,17.867933,78.59625909821935,2025-08-27
c1757,45.289297,17.867933,74.6410079486216,2025-08-28
c1757,45.289297,17.867933,83.07096266619958,2025-08-29
c1757,45.289297,17.867933,105.35261597769694,2025-08-30
c1757,45.289297,17.867933,74.410711225812,2025-08-31
c1757,45.289297,17.867933,79.95078002780684,2025-09-01
c1757,45.289297,17.867933,78.4551728617835,2025-09-02
c1757,45.289297,17.867933,68.61055616025136,2025-09-03
c1757,45.289297,17.867933,71.99108548336288,2025-09-04
c1757,45.289297,17.867933,75.26782651503834,2025-09-05
c1757,45.289297,17.867933,74.4720810732214,2025-09-06
c1757,45.289297,17.867933,68.80057057812726,2025-09-07
c1757,45.289297,17.867933,73.53222507030543,2025-09-08
c1757,45.289297,17.867933,76.01749859475923,2025-09-09
c1757,45.289297,17.867933,94.7668872046014,2025-09-10
c1757,45.289297,17.867933,65.47027191474876,2025-09-11
c1757,45.289297,17.867933,68.42614057343819,2025-09-12
c1757,45.289297,17.867933,82.09505623320283,2025-09-13
c1757,45.289297,17.867933,61.585118930190134,2025-09-14
c1757,45.289297,17.867933,73.24653023835096,2025-09-15
c1757,45.289297,17.867933,63.380073950060336,2025-09-16
c1757,45.289297,17.867933,62.54572610728717,2025-09-17
c1757,45.289297,17.867933,66.48893959376616,2025-09-18
c1757,45.289297,17.867933,76.2268875819029,2025-09-19
c1757,45.289297,17.867933,70.18366576160936,2025-09-20
c1757,45.289297,17.867933,71.43902714927034,2025-09-21
c1757,45.289297,17.867933,75.05662194053932,2025-09-22
c1757,45.289297,17.867933,81.93828652109042,2025-09-23
c1757,45.289297,17.867933,72.8306746264247,2025-09-24
c1757,45.289297,17.867933,66.14632605833997,2025-09-25
c1757,45.289297,17.867933,63.36783233324905,2025-09-26
c1757,45.289297,17.867933,70.83381971357993,2025-09-27
c1757,45.289297,17.867933,66.49382175720422,2025-09-28
c1757,45.289297,17.867933,62.34681654829667,2025-09-29
c1757,45.289297,17.867933,83.6371662924388,2025-09-30
c1757,45.289297,17.867933,86.40272025694705,2025-10-01
c1757,45.289297,17.867933,62.19878402805608,2025-10-02
c1757,45.289297,17.867933,79.22125339245251,2025-10-03
c1757,45.289297,17.867933,71.97035881123767,2025-10-04
c1757,45.289297,17.867933,86.03963798426739,2025-10-05
c1757,45.289297,17.867933,65.89493136855015,2025-10-06
c1757,45.289297,17.867933,63.231555777958576,2025-10-07
c1757,45.289297,17.867933,70.64238045947864,2025-10-08
c1757,45.289297,17.867933,,2025-10-09
c1757,45.289297,17.867933,71.2082430219361,2025-10-10
c1757,45.289297,17.867933,77.07198650631196,2025-10-11
c1757,45.289297,17.867933,56.65253066655296,2025-10-12
c1757,45.289297,17.867933,70.40980355877915,2025-10-13
c1757,45.289297,17.867933,60.40327256561477,2025-10-14
c1757,45.289297,17.867933,64.8529555453743,2025-10-15
c1757,45.289297,17.867933,69.34070260386554,2025-10-16
c1757,45.289297,17.867933,72.83039916987529,2025-10-17
c1757,45.289297,17.867933,65.230083557249,2025-10-18
c1757,45.289297,17.867933,60.33069616860361,2025-10-19
c1757,45.289297,17.867933,57.854647983339,2025-10-20
c1757,45.289297,17.867933,49.79246648718243,2025-10-21
c1757,45.289297,17.867933,67.15531789035491,2025-10-22
c1757,45.289297,17.867933,45.612345997947855,2025-10-23
c1757,45.289297,17.867933,68.18631934609951,2025-10-24
c1757,45.289297,17.867933,50.79875237216572,2025-10-25
c1757,45.289297,17.867933,119.43411849184444,2025-10-26
c1757,45.289297,17.867933,72.90814623068964,2025-10-27
c1757,45.289297,17.867933,69.19211417172633,2025-10-28
c1757,45.289297,17.867933,70.03785525746218,2025-10-29
c1757,45.289297,17.867933,72.29034031456668,2025-10-30
c1757,45.289297,17.867933,69.63726018216892,2025-10-31
c1757,45.289297,17.867933,64.7085141555401,2025-11-01
c1757,45.289297,17.867933,60.68710869343596,2025-11-02
c1757,45.289297,17.867933,95.60246339642092,2025-11-03
c1757,45.289297,17.867933,73.19690676452576,2025-11-04
c1757,45.289297,17.867933,60.47050382905675,2025-11-05
c1757,45.289297,17.867933,71.01995022366116,2025-11-06
c1757,45.289297,17.867933,73.29753092862542,2025-11-07
c1757,45.289297,17.867933,138.02950830015735,2025-11-08
c1757,45.289297,17.867933,57.018549749152115,2025-11-09
c1757,45.289297,17.867933,57.5378265024375,2025-11-10
c1757,45.289297,17.867933,52.12279965518464,2025-11-11
c1757,45.289297,17.867933,72.0022780235618,2025-11-12
c1757,45.289297,17.867933,64.86811634565177,2025-11-13
c1757,45.289297,17.867933,62.75249084266525,2025-11-14
c1757,45.289297,17.867933,53.88244187190691,2025-11-15
c1757,45.289297,17.867933,60.461382349974734,2025-11-16
c1757,45.289297,17.867933,58.63082618665535,2025-11-17
c1757,45.289297,17.867933,98.59805337993949,2025-11-18
c1757,45.289297,17.867933,63.40245648599267,2025-11-19
c1757,45.289297,17.867933,87.52191536115275,2025-11-20
c1757,45.289297,17.867933,,2025-11-21
c1757,45.289297,17.867933,,2025-11-22
c1757,45.289297,17.867933,88.53802339879459,2025-11-23
c1757,45.289297,17.867933,,2025-11-24
c1757,45.289297,17.867933,114.67663631612908,2025-11-25
c1757,45.289297,17.867933,70.51467811592589,2025-11-26
c1757,45.289297,17.867933,85.64224166521304,2025-11-27
c1757,45.289297,17.867933,88.01856073469874,2025-11-28
c1757,45.289297,17.867933,55.472188872074994,2025-11-30
c1757,45.289297,17.867933,77.85845780730965,2025-12-01
c1757,45.289297,17.867933,122.25265260886069,2025-12-02
c1757,45.289297,17.867933,128.068312867741,2025-12-03
c1757,45.289297,17.867933,,2025-12-04
c1757,45.289297,17.867933,216.9646442008581,2025-12-05
c1757,45.289297,17.867933,246.89968582311897,2025-12-06
c1757,45.289297,17.867933,54.568728829229656,2025-12-07
c1757,45.289297,17.867933,98.6534533200722,2025-12-08
c1757,45.289297,17.867933,55.65241390974921,2025-12-09
c1757,45.289297,17.867933,58.00955633927713,2025-12-10
c1757,45.289297,17.867933,74.17983985997877,2025-12-11
c1757,45.289297,17.867933,56.28504605689025,2025-12-12
c1757,45.289297,17.867933,48.79819387650624,2025-12-13
c1757,45.289297,17.867933,53.51155223330115,2025-12-14
c1757,45.289297,17.867933,50.70296829225618,2025-12-15
c1757,45.289297,17.867933,201.3636839128922,2025-12-16
c1757,45.289297,17.867933,77.53279999470766,2025-12-17
c1757,45.289297,17.867933,51.09602958881015,2025-12-18
c1757,45.289297,17.867933,58.7810054454121,2025-12-22
c1757,45.289297,17.867933,39.7479860072142,2025-12-23
c1757,45.289297,17.867933,,2025-12-24
c1757,45.289297,17.867933,44.88138633988466,2025-12-25
c1757,45.289297,17.867933,55.02657975804785,2025-12-26
c1757,45.289297,17.867933,51.11926222121866,2025-12-27
c1757,45.289297,17.867933,63.54732260130766,2025-12-28
c1757,45.289297,17.867933,53.26363817687239,2025-12-29
c1757,45.289297,17.867933,69.44272631057093,2025-12-30
