cell_id,lat_center,lon_center,mean,date
c0439,37.856865,18.46745,56.348882358523966,2019-01-01
c0439,37.856865,18.46745,44.231462788814056,2019-01-02
c0439,37.856865,18.46745,49.37028637317828,2019-01-03
c0439,37.856865,18.46745,43.54546513068911,2019-01-04
c0439,37.856865,18.46745,60.39441689984615,2019-01-05
c0439,37.856865,18.46745,45.39562265528233,2019-01-06
c0439,37.856865,18.46745,41.55408491695409,2019-01-07
c0439,37.856865,18.46745,36.06855548689421,2019-01-08
c0439,37.856865,18.46745,52.923732182465656,2019-01-09
c0439,37.856865,18.46745,45.78069994244315,2019-01-10
c0439,37.856865,18.46745,,2019-01-11
c0439,37.856865,18.46745,51.907941566335424,2019-01-12
c0439,37.856865,18.46745,51.48845434150215,2019-01-13
c0439,37.856865,18.46745,67.57161848056634,2019-01-14
c0439,37.856865,18.46745,59.832572259271195,2019-01-15
c0439,37.856865,18.46745,49.23236394134112,2019-01-16
c0439,37.856865,18.46745,,2019-01-17
c0439,37.856865,18.46745,42.25202416471142,2019-01-18
c0439,37.856865,18.46745,44.72845610338371,2019-01-19
c0439,37.856865,18.46745,52.03874003581648,2019-01-20
c0439,37.856865,18.46745,47.4206679840804,2019-01-21
c0439,37.856865,18.46745,,2019-01-22
c0439,37.856865,18.46745,102.9342316863246,2019-01-23
c0439,37.856865,18.46745,87.17335748716721,2019-01-24
c0439,37.856865,18.46745,56.642520914323754,2019-01-25
c0439,37.856865,18.46745,52.74601280512463,2019-01-26
c0439,37.856865,18.46745,45.62921619702197,2019-01-27
c0439,37.856865,18.46745,51.63472084715199,2019-01-28
c0439,37.856865,18.46745,43.63775048211385,2019-01-29
c0439,37.856865,18.46745,56.111340604297034,2019-01-30
c0439,37.856865,18.46745,54.43328259795591,2019-01-31
c0439,37.856865,18.46745,56.2165411386855,2019-02-01
c0439,37.856865,18.46745,49.670520145955685,2019-02-02
c0439,37.856865,18.46745,62.65712086807874,2019-02-03
c0439,37.856865,18.46745,44.638689192115656,2019-02-04
c0439,37.856865,18.46745,190.4927757467383,2019-02-05
c0439,37.856865,18.46745,79.43702973367644,2019-02-06
c0439,37.856865,18.46745,50.24548035223201,2019-02-07
c0439,37.856865,18.46745,57.75060175116758,2019-02-08
c0439,37.856865,18.46745,49.00443359946971,2019-02-09
c0439,37.856865,18.46745,54.327784350694834,2019-02-10
c0439,37.856865,18.46745,60.72100135127676,2019-02-11
c0439,37.856865,18.46745,64.21358124174972,2019-02-12
c0439,37.856865,18.46745,51.39945921661541,2019-02-13
c0439,37.856865,18.46745,54.83123650265086,2019-02-14
c0439,37.856865,18.46745,54.968834070319616,2019-02-15
c0439,37.856865,18.46745,57.955036032114975,2019-02-16
c0439,37.856865,18.46745,52.21770018315457,2019-02-17
c0439,37.856865,18.46745,53.70940572575111,2019-02-18
c0439,37.856865,18.46745,53.87000977611696,2019-02-19
c0439,37.856865,18.46745,56.00186093053472,2019-02-20
c0439,37.856865,18.46745,60.36149003163214,2019-02-21
c0439,37.856865,18.46745,59.055488687384646,2019-02-22
c0439,37.856865,18.46745,76.95554456044599,2019-02-23
c0439,37.856865,18.46745,88.3470266955486,2019-02-24
c0439,37.856865,18.46745,60.70984578819204,2019-02-25
c0439,37.856865,18.46745,64.50660970589858,2019-02-26
c0439,37.856865,18.46745,57.94730034646627,2019-02-27
c0439,37.856865,18.46745,56.07256485256777,2019-02-28
c0439,37.856865,18.46745,57.38776040801627,2019-03-01
c0439,37.856865,18.46745,60.5503930354116,2019-03-02
c0439,37.856865,18.46745,61.66642002700003,2019-03-03
c0439,37.856865,18.46745,59.54475746106998,2019-03-04
c0439,37.856865,18.46745,62.50501816065268,2019-03-05
c0439,37.856865,18.46745,51.413369251695066,2019-03-06
c0439,37.856865,18.46745,55.34299652511596,2019-03-07
c0439,37.856865,18.46745,46.53759342245273,2019-03-08
c0439,37.856865,18.46745,57.76012335794744,2019-03-09
c0439,37.856865,18.46745,57.788709946532435,2019-03-10
c0439,37.856865,18.46745,55.88952364960234,2019-03-11
c0439,37.856865,18.46745,60.33975122730112,2019-03-12
c0439,37.856865,18.46745,61.53036836041368,2019-03-13
c0439,37.856865,18.46745,63.2723109670535,2019-03-14
c0439,37.856865,18.46745,72.21537499864642,2019-03-15
c0439,37.856865,18.46745,69.19398365970628,2019-03-16
c0439,37.856865,18.46745,62.63995443462474,2019-03-17
c0439,37.856865,18.46745,62.250435566979114,2019-03-18
c0439,37.856865,18.46745,64.20923354477594,2019-03-19
c0439,37.856865,18.46745,61.132674711932225,2019-03-20
c0439,37.856865,18.46745,65.7613192152363,2019-03-21
c0439,37.856865,18.46745,62.43060160390142,2019-03-22
c0439,37.856865,18.46745,62.09361057543422,2019-03-23
c0439,37.856865,18.46745,65.08133069201104,2019-03-24
c0439,37.856865,18.46745,66.64378311779473,2019-03-25
c0439,37.856865,18.46745,67.08157890606306,2019-03-26
c0439,37.856865,18.46745,72.21800906284972,2019-03-27
c0439,37.856865,18.46745,75.21418158069775,2019-03-28
c0439,37.856865,18.46745,59.51330798572257,2019-03-29
c0439,37.856865,18.46745,62.98980503101284,2019-03-30
c0439,37.856865,18.46745,69.25495996448677,2019-03-31
c0439,37.856865,18.46745,65.70340951517629,2019-04-01
c0439,37.856865,18.46745,65.76491235962541,2019-04-02
c0439,37.856865,18.46745,60.843815060543875,2019-04-03
c0439,37.856865,18.46745,73.34388364907251,2019-04-04
c0439,37.856865,18.46745,65.13498854090129,2019-04-05
c0439,37.856865,18.46745,69.59277872809211,2019-04-06
c0439,37.856865,18.46745,60.20541104644752,2019-04-07
c0439,37.856865,18.46745,62.89578106226031,2019-04-08
c0439,37.856865,18.46745,69.49841715161418,2019-04-09
c0439,37.856865,18.46745,65.85194047098288,2019-04-10
c0439,37.856865,18.46745,55.201137130439335,2019-04-11
c0439,37.856865,18.46745,70.97203578213922,2019-04-12
c0439,37.856865,18.46745,78.04737916716594,2019-04-13
c0439,37.856865,18.46745,77.69603668897254,2019-04-14
c0439,37.856865,18.46745,73.77214121317257,2019-04-16
c0439,37.856865,18.46745,72.30326257772768,2019-04-17
c0439,37.856865,18.46745,74.9232556148415,2019-04-18
c0439,37.856865,18.46745,74.4089197069884,2019-04-19
c0439,37.856865,18.46745,79.8949748578578,2019-04-20
c0439,37.856865,18.46745,80.12544827466813,2019-04-21
c0439,37.856865,18.46745,101.22663944616389,2019-04-22
c0439,37.856865,18.46745,75.80845896337067,2019-04-23
c0439,37.856865,18.46745,71.87601319010568,2019-04-24
c0439,37.856865,18.46745,72.65133157908687,2019-04-25
c0439,37.856865,18.46745,75.53041376625663,2019-04-26
c0439,37.856865,18.46745,72.04286331651684,2019-04-27
c0439,37.856865,18.46745,72.3161754310256,2019-04-28
c0439,37.856865,18.46745,78.13639682924615,2019-04-29
c0439,37.856865,18.46745,78.74721957653963,2019-04-30
c0439,37.856865,18.46745,85.45685649852706,2019-05-01
c0439,37.856865,18.46745,80.38795845839103,2019-05-02
c0439,37.856865,18.46745,76.3121987039317,2019-05-03
c0439,37.856865,18.46745,71.39678911912848,2019-05-04
c0439,37.856865,18.46745,72.78374354064374,2019-05-05
c0439,37.856865,18.46745,76.57132545319323,2019-05-06
c0439,37.856865,18.46745,74.45603752697656,2019-05-07
c0439,37.856865,18.46745,72.04669818635028,2019-05-08
c0439,37.856865,18.46745,73.7976620788774,2019-05-09
c0439,37.856865,18.46745,75.00607410673244,2019-05-10
c0439,37.856865,18.46745,81.56811185155543,2019-05-11
c0439,37.856865,18.46745,59.10912884741834,2019-05-12
c0439,37.856865,18.46745,81.82129278760631,2019-05-13
c0439,37.856865,18.46745,73.55356374577521,2019-05-14
c0439,37.856865,18.46745,80.27406007241994,2019-05-15
c0439,37.856865,18.46745,84.45934856897073,2019-05-16
c0439,37.856865,18.46745,80.54900578041168,2019-05-17
c0439,37.856865,18.46745,80.90467435526983,2019-05-18
c0439,37.856865,18.46745,71.91023932811491,2019-05-19
c0439,37.856865,18.46745,76.85558115352104,2019-05-20
c0439,37.856865,18.46745,78.1248033374394,2019-05-21
c0439,37.856865,18.46745,97.27863080559582,2019-05-22
c0439,37.856865,18.46745,77.36160129920903,2019-05-23
c0439,37.856865,18.46745,87.21474726625233,2019-05-24
c0439,37.856865,18.46745,81.71030733713661,2019-05-25
c0439,37.856865,18.46745,80.49972112978007,2019-05-26
c0439,37.856865,18.46745,78.86334947451627,2019-05-27
c0439,37.856865,18.46745,74.45249333673884,2019-05-28
c0439,37.856865,18.46745,68.5004816632842,2019-05-29
c0439,37.856865,18.46745,69.8843132767918,2019-05-30
c0439,37.856865,18.46745,75.11985654121702,2019-05-31
c0439,37.856865,18.46745,76.2836338540492,2019-06-01
c0439,37.856865,18.46745,81.81103700903925,2019-06-02
c0439,37.856865,18.46745,78.98209975398034,2019-06-03
c0439,37.856865,18.46745,77.24526706513552,2019-06-04
c0439,37.856865,18.46745,84.79712117506794,2019-06-05
c0439,37.856865,18.46745,76.25225180856455,2019-06-06
c0439,37.856865,18.46745,77.19173652731328,2019-06-07
c0439,37.856865,18.46745,77.14907518289463,2019-06-08
c0439,37.856865,18.46745,75.73503656018735,2019-06-09
c0439,37.856865,18.46745,69.88703354333275,2019-06-10
c0439,37.856865,18.46745,74.63434444058099,2019-06-11
c0439,37.856865,18.46745,71.41902443023739,2019-06-12
c0439,37.856865,18.46745,72.48624239377293,2019-06-13
c0439,37.856865,18.46745,74.32083385748034,2019-06-14
c0439,37.856865,18.46745,66.1551193850635,2019-06-15
c0439,37.856865,18.46745,78.5463889969028,2019-06-16
c0439,37.856865,18.46745,74.90105083665755,2019-06-17
c0439,37.856865,18.46745,75.84032705871594,2019-06-18
c0439,37.856865,18.46745,71.60577179952541,2019-06-19
c0439,37.856865,18.46745,69.4605032096822,2019-06-20
c0439,37.856865,18.46745,76.65525139388939,2019-06-21
c0439,37.856865,18.46745,71.27610094481501,2019-06-22
c0439,37.856865,18.46745,54.1700379861763,2019-06-23
c0439,37.856865,18.46745,74.41426039440668,2019-06-24
c0439,37.856865,18.46745,91.53337147307973,2019-06-25
c0439,37.856865,18.46745,85.6598882835242,2019-06-26
c0439,37.856865,18.46745,80.15650528401979,2019-06-27
c0439,37.856865,18.46745,81.15285423221152,2019-06-28
c0439,37.856865,18.46745,74.28751530527782,2019-06-29
c0439,37.856865,18.46745,75.77076022143218,2019-06-30
c0439,37.856865,18.46745,73.49802874966254,2019-07-01
c0439,37.856865,18.46745,77.68500980473927,2019-07-02
c0439,37.856865,18.46745,79.63531790183123,2019-07-03
c0439,37.856865,18.46745,77.11424039158751,2019-07-04
c0439,37.856865,18.46745,77.7607021529913,2019-07-05
c0439,37.856865,18.46745,73.75517357107739,2019-07-06
c0439,37.856865,18.46745,78.04517823614327,2019-07-07
c0439,37.856865,18.46745,76.36278210510446,2019-07-08
c0439,37.856865,18.46745,71.85208954353381,2019-07-09
c0439,37.856865,18.46745,45.948600409647135,2019-07-10
c0439,37.856865,18.46745,79.09496705396342,2019-07-11
c0439,37.856865,18.46745,75.82618894714147,2019-07-12
c0439,37.856865,18.46745,74.45035786774478,2019-07-13
c0439,37.856865,18.46745,72.60569832345284,2019-07-14
c0439,37.856865,18.46745,84.45441835879058,2019-07-16
c0439,37.856865,18.46745,75.46523419079199,2019-07-17
c0439,37.856865,18.46745,72.50499850432658,2019-07-18
c0439,37.856865,18.46745,70.28586269507316,2019-07-19
c0439,37.856865,18.46745,75.81815954873407,2019-07-20
c0439,37.856865,18.46745,80.01220095602285,2019-07-21
c0439,37.856865,18.46745,73.58759874522796,2019-07-22
c0439,37.856865,18.46745,74.2735165960786,2019-07-23
c0439,37.856865,18.46745,73.14173122128754,2019-07-24
c0439,37.856865,18.46745,71.69775467701268,2019-07-25
c0439,37.856865,18.46745,69.44953854801334,2019-07-26
c0439,37.856865,18.46745,74.31583702766841,2019-07-27
c0439,37.856865,18.46745,68.27592585005314,2019-07-28
c0439,37.856865,18.46745,77.70446975934426,2019-07-29
c0439,37.856865,18.46745,73.83638916278076,2019-07-30
c0439,37.856865,18.46745,74.76884252335812,2019-07-31
c0439,37.856865,18.46745,73.79731176507927,2019-08-01
c0439,37.856865,18.46745,71.03759222952166,2019-08-02
c0439,37.856865,18.46745,76.64963028047073,2019-08-03
c0439,37.856865,18.46745,77.94873488772815,2019-08-04
c0439,37.856865,18.46745,76.32284412199354,2019-08-05
c0439,37.856865,18.46745,72.78587845324388,2019-08-06
c0439,37.856865,18.46745,74.14964776792797,2019-08-07
c0439,37.856865,18.46745,68.41525548310481,2019-08-08
c0439,37.856865,18.46745,72.48946698335453,2019-08-09
c0439,37.856865,18.46745,76.13288895492276,2019-08-10
c0439,37.856865,18.46745,76.33338472758562,2019-08-11
c0439,37.856865,18.46745,72.28376821991566,2019-08-12
c0439,37.856865,18.46745,69.85798398928382,2019-08-13
c0439,37.856865,18.46745,73.56355917776378,2019-08-14
c0439,37.856865,18.46745,75.68259173499537,2019-08-15
c0439,37.856865,18.46745,73.61504411200295,2019-08-16
c0439,37.856865,18.46745,73.59904022538981,2019-08-17
c0439,37.856865,18.46745,69.76983128149962,2019-08-18
c0439,37.856865,18.46745,68.54461110037288,2019-08-19
c0439,37.856865,18.46745,68.53200642848046,2019-08-20
c0439,37.856865,18.46745,66.51520684122588,2019-08-21
c0439,37.856865,18.46745,,2019-08-22
c0439,37.856865,18.46745,67.40579113599455,2019-08-23
c0439,37.856865,18.46745,73.08300010752353,2019-08-24
c0439,37.856865,18.46745,69.9064782008976,2019-08-25
c0439,37.856865,18.46745,65.78962917457697,2019-08-26
c0439,37.856865,18.46745,65.64862175110427,2019-08-27
c0439,37.856865,18.46745,62.74973443966247,2019-08-28
c0439,37.856865,18.46745,61.46611535498499,2019-08-29
c0439,37.856865,18.46745,66.14044634335238,2019-08-30
c0439,37.856865,18.46745,61.26298698881926,2019-08-31
c0439,37.856865,18.46745,75.29755426054072,2019-09-01
c0439,37.856865,18.46745,76.7946663454541,2019-09-02
c0439,37.856865,18.46745,59.19343731515785,2019-09-03
c0439,37.856865,18.46745,84.6847230141885,2019-09-04
c0439,37.856865,18.46745,74.0992119273098,2019-09-05
c0439,37.856865,18.46745,59.68684686407727,2019-09-06
c0439,37.856865,18.46745,58.10029585029133,2019-09-07
c0439,37.856865,18.46745,58.247797865289776,2019-09-08
c0439,37.856865,18.46745,76.14082379549247,2019-09-09
c0439,37.856865,18.46745,59.57579072224631,2019-09-10
c0439,37.856865,18.46745,89.18662317943937,2019-09-11
c0439,37.856865,18.46745,63.583758603773774,2019-09-12
c0439,37.856865,18.46745,68.88106123617949,2019-09-13
c0439,37.856865,18.46745,70.84054376562327,2019-09-14
c0439,37.856865,18.46745,74.6341272711228,2019-09-15
c0439,37.856865,18.46745,63.11133441792711,2019-09-16
c0439,37.856865,18.46745,63.77426297240484,2019-09-17
c0439,37.856865,18.46745,61.31082931932851,2019-09-18
c0439,37.856865,18.46745,53.48628868554079,2019-09-19
c0439,37.856865,18.46745,58.740742807396074,2019-09-20
c0439,37.856865,18.46745,57.61707211727022,2019-09-21
c0439,37.856865,18.46745,65.15537010741515,2019-09-22
c0439,37.856865,18.46745,50.72467857928595,2019-09-23
c0439,37.856865,18.46745,58.93189337803294,2019-09-24
c0439,37.856865,18.46745,60.68329837323737,2019-09-25
c0439,37.856865,18.46745,57.65970854015864,2019-09-26
c0439,37.856865,18.46745,62.94262862515508,2019-09-27
c0439,37.856865,18.46745,63.40368914988821,2019-09-28
c0439,37.856865,18.46745,60.54106773270052,2019-09-29
c0439,37.856865,18.46745,56.388495164902835,2019-09-30
c0439,37.856865,18.46745,60.56961017452398,2019-10-01
c0439,37.856865,18.46745,58.669157228281485,2019-10-02
c0439,37.856865,18.46745,57.39387305402044,2019-10-03
c0439,37.856865,18.46745,68.90756543430727,2019-10-04
c0439,37.856865,18.46745,57.06573109036495,2019-10-05
c0439,37.856865,18.46745,52.55292181896846,2019-10-06
c0439,37.856865,18.46745,47.49111264497215,2019-10-07
c0439,37.856865,18.46745,63.40441440018175,2019-10-08
c0439,37.856865,18.46745,45.45940966023799,2019-10-09
c0439,37.856865,18.46745,65.80695183913612,2019-10-10
c0439,37.856865,18.46745,52.08524092899899,2019-10-11
c0439,37.856865,18.46745,49.449740372662326,2019-10-12
c0439,37.856865,18.46745,52.39428719588728,2019-10-13
c0439,37.856865,18.46745,55.37070594329802,2019-10-14
c0439,37.856865,18.46745,48.63246235494342,2019-10-15
c0439,37.856865,18.46745,51.490346006565545,2019-10-16
c0439,37.856865,18.46745,58.973747622171935,2019-10-17
c0439,37.856865,18.46745,51.213268351015216,2019-10-18
c0439,37.856865,18.46745,49.4762041283493,2019-10-19
c0439,37.856865,18.46745,45.46131450969009,2019-10-20
c0439,37.856865,18.46745,51.32672958083359,2019-10-21
c0439,37.856865,18.46745,54.552510606441,2019-10-22
c0439,37.856865,18.46745,52.41947474966943,2019-10-23
c0439,37.856865,18.46745,51.878821550585826,2019-10-24
c0439,37.856865,18.46745,46.900669601403926,2019-10-25
c0439,37.856865,18.46745,50.52583714573612,2019-10-26
c0439,37.856865,18.46745,48.448393965110085,2019-10-27
c0439,37.856865,18.46745,48.39798583007841,2019-10-28
c0439,37.856865,18.46745,50.983890164378344,2019-10-29
c0439,37.856865,18.46745,67.29350336020127,2019-10-30
c0439,37.856865,18.46745,84.03898331930685,2019-10-31
c0439,37.856865,18.46745,48.24742373522237,2019-11-01
c0439,37.856865,18.46745,57.53810023225652,2019-11-02
c0439,37.856865,18.46745,44.8812250713832,2019-11-03
c0439,37.856865,18.46745,50.7872230434545,2019-11-04
c0439,37.856865,18.46745,56.98599900986253,2019-11-05
c0439,37.856865,18.46745,49.68295383766112,2019-11-06
c0439,37.856865,18.46745,114.85602422476433,2019-11-07
c0439,37.856865,18.46745,42.67239440756812,2019-11-08
c0439,37.856865,18.46745,50.284291688564714,2019-11-09
c0439,37.856865,18.46745,51.932297014675086,2019-11-10
c0439,37.856865,18.46745,56.99977141612297,2019-11-11
c0439,37.856865,18.46745,50.131587611387566,2019-11-13
c0439,37.856865,18.46745,52.13938847572442,2019-11-14
c0439,37.856865,18.46745,35.58258819664654,2019-11-15
c0439,37.856865,18.46745,36.61586262603552,2019-11-16
c0439,37.856865,18.46745,39.18260008584887,2019-11-17
c0439,37.856865,18.46745,55.97992406935025,2019-11-18
c0439,37.856865,18.46745,43.304234763672646,2019-11-19
c0439,37.856865,18.46745,48.35480421263004,2019-11-20
c0439,37.856865,18.46745,46.402237363550235,2019-11-21
c0439,37.856865,18.46745,50.489399563661834,2019-11-22
c0439,37.856865,18.46745,49.298650492678355,2019-11-23
c0439,37.856865,18.46745,58.50811223581648,2019-11-24
c0439,37.856865,18.46745,37.19950172581469,2019-11-25
c0439,37.856865,18.46745,46.72985534473684,2019-11-26
c0439,37.856865,18.46745,49.39349607957419,2019-11-27
c0439,37.856865,18.46745,67.80902683103824,2019-11-28
c0439,37.856865,18.46745,54.295205716024235,2019-11-29
c0439,37.856865,18.46745,60.83440079859849,2019-11-30
c0439,37.856865,18.46745,53.91502416646025,2019-12-01
c0439,37.856865,18.46745,61.269685859465504,2019-12-02
c0439,37.856865,18.46745,39.93604108069946,2019-12-03
c0439,37.856865,18.46745,47.83796371497878,2019-12-04
c0439,37.856865,18.46745,66.60842964031966,2019-12-05
c0439,37.856865,18.46745,61.64673484733285,2019-12-06
c0439,37.856865,18.46745,47.54573989455522,2019-12-07
c0439,37.856865,18.46745,46.67363830479493,2019-12-08
c0439,37.856865,18.46745,46.4866869468997,2019-12-09
c0439,37.856865,18.46745,40.29843051764455,2019-12-10
c0439,37.856865,18.46745,27.44386506043099,2019-12-11
c0439,37.856865,18.46745,50.26577683916206,2019-12-12
c0439,37.856865,18.46745,43.38262138756556,2019-12-13
c0439,37.856865,18.46745,83.34041969621683,2019-12-14
c0439,37.856865,18.46745,54.5294102937178,2019-12-15
c0439,37.856865,18.46745,53.11350140551147,2019-12-16
c0439,37.856865,18.46745,46.13001044081245,2019-12-17
c0439,37.856865,18.46745,48.37206633112451,2019-12-18
c0439,37.856865,18.46745,52.35833192603898,2019-12-19
c0439,37.856865,18.46745,52.318238223653125,2019-12-20
c0439,37.856865,18.46745,57.36322137806326,2019-12-21
c0439,37.856865,18.46745,57.06250164146532,2019-12-22
c0439,37.856865,18.46745,50.87406404813419,2019-12-23
c0439,37.856865,18.46745,59.12164480346112,2019-12-24
c0439,37.856865,18.46745,58.32774288136424,2019-12-25
c0439,37.856865,18.46745,45.09293272148248,2019-12-26
c0439,37.856865,18.46745,36.34397687163228,2019-12-27
c0439,37.856865,18.46745,41.26045066856748,2019-12-28
c0439,37.856865,18.46745,55.79796322469963,2019-12-29
c0439,37.856865,18.46745,37.9741432475385,2019-12-30
c0439,37.856865,18.46745,49.23538444400092,2019-12-31
c0439,37.856865,18.46745,51.646167860372785,2020-01-01
c0439,37.856865,18.46745,45.79022357841371,2020-01-02
c0439,37.856865,18.46745,49.88280850382017,2020-01-03
c0439,37.856865,18.46745,53.52830003395171,2020-01-04
c0439,37.856865,18.46745,50.13602883396769,2020-01-05
c0439,37.856865,18.46745,46.29183845458958,2020-01-06
c0439,37.856865,18.46745,44.03157931292367,2020-01-07
c0439,37.856865,18.46745,37.702550535210115,2020-01-08
c0439,37.856865,18.46745,39.22835683075968,2020-01-09
c0439,37.856865,18.46745,40.6261882912845,2020-01-10
c0439,37.856865,18.46745,40.68994460119903,2020-01-11
c0439,37.856865,18.46745,40.7033038713198,2020-01-12
c0439,37.856865,18.46745,43.05396339634844,2020-01-13
c0439,37.856865,18.46745,42.53439498849533,2020-01-14
c0439,37.856865,18.46745,44.42010476385809,2020-01-15
c0439,37.856865,18.46745,45.10221361049455,2020-01-16
c0439,37.856865,18.46745,48.9865926858253,2020-01-17
c0439,37.856865,18.46745,43.29864496026104,2020-01-18
c0439,37.856865,18.46745,48.439242078741415,2020-01-19
c0439,37.856865,18.46745,37.87886313180896,2020-01-20
c0439,37.856865,18.46745,42.89957341210284,2020-01-21
c0439,37.856865,18.46745,39.59591492293903,2020-01-22
c0439,37.856865,18.46745,38.916860052928016,2020-01-23
c0439,37.856865,18.46745,40.78163228150466,2020-01-24
c0439,37.856865,18.46745,43.49819302375701,2020-01-25
c0439,37.856865,18.46745,49.01882202005074,2020-01-26
c0439,37.856865,18.46745,46.25525209906302,2020-01-27
c0439,37.856865,18.46745,48.349534376515024,2020-01-28
c0439,37.856865,18.46745,45.47406892365041,2020-01-29
c0439,37.856865,18.46745,45.64263319684045,2020-01-30
c0439,37.856865,18.46745,45.76910039955027,2020-01-31
c0439,37.856865,18.46745,44.23549858536237,2020-02-01
c0439,37.856865,18.46745,45.26516907357676,2020-02-02
c0439,37.856865,18.46745,42.79296373439644,2020-02-03
c0439,37.856865,18.46745,46.54771134636759,2020-02-04
c0439,37.856865,18.46745,54.2924250387461,2020-02-05
c0439,37.856865,18.46745,43.57213259871251,2020-02-06
c0439,37.856865,18.46745,52.39986079112721,2020-02-07
c0439,37.856865,18.46745,48.45592478400578,2020-02-08
c0439,37.856865,18.46745,50.47715991905662,2020-02-09
c0439,37.856865,18.46745,46.69903925025826,2020-02-10
c0439,37.856865,18.46745,58.09477407281892,2020-02-11
c0439,37.856865,18.46745,70.10618700369879,2020-02-12
c0439,37.856865,18.46745,53.24989976379963,2020-02-13
c0439,37.856865,18.46745,48.7929908990324,2020-02-14
c0439,37.856865,18.46745,58.76608584044043,2020-02-15
c0439,37.856865,18.46745,50.58881864534898,2020-02-16
c0439,37.856865,18.46745,45.68808684772583,2020-02-17
c0439,37.856865,18.46745,56.55444836065589,2020-02-18
c0439,37.856865,18.46745,49.44032927593885,2020-02-19
c0439,37.856865,18.46745,52.600773198270495,2020-02-20
c0439,37.856865,18.46745,53.10191418962605,2020-02-21
c0439,37.856865,18.46745,58.19032353438423,2020-02-22
c0439,37.856865,18.46745,55.97976297565799,2020-02-23
c0439,37.856865,18.46745,52.01164207118774,2020-02-24
c0439,37.856865,18.46745,54.57084253659917,2020-02-25
c0439,37.856865,18.46745,61.32404329464987,2020-02-26
c0439,37.856865,18.46745,49.8779098255615,2020-02-27
c0439,37.856865,18.46745,49.97477758649491,2020-02-28
c0439,37.856865,18.46745,55.35053428041586,2020-02-29
c0439,37.856865,18.46745,47.13287450102738,2020-03-01
c0439,37.856865,18.46745,56.77353129557594,2020-03-02
c0439,37.856865,18.46745,,2020-03-03
c0439,37.856865,18.46745,19.329860479206932,2020-03-04
c0439,37.856865,18.46745,59.3749827232779,2020-03-05
c0439,37.856865,18.46745,48.303089656630846,2020-03-06
c0439,37.856865,18.46745,54.26534164653924,2020-03-07
c0439,37.856865,18.46745,54.11560589293263,2020-03-08
c0439,37.856865,18.46745,61.046833312872984,2020-03-09
c0439,37.856865,18.46745,55.57569375557614,2020-03-10
c0439,37.856865,18.46745,56.09456642748729,2020-03-11
c0439,37.856865,18.46745,53.886151154271005,2020-03-12
c0439,37.856865,18.46745,54.14244600479074,2020-03-13
c0439,37.856865,18.46745,53.11863578376999,2020-03-14
c0439,37.856865,18.46745,51.96600893845123,2020-03-15
c0439,37.856865,18.46745,53.54188833973736,2020-03-16
c0439,37.856865,18.46745,52.81721567382749,2020-03-17
c0439,37.856865,18.46745,55.38764833167292,2020-03-18
c0439,37.856865,18.46745,58.34233820368697,2020-03-19
c0439,37.856865,18.46745,53.93122731174072,2020-03-20
c0439,37.856865,18.46745,57.225732414285794,2020-03-21
c0439,37.856865,18.46745,54.59181904118645,2020-03-22
c0439,37.856865,18.46745,54.51964678589219,2020-03-23
c0439,37.856865,18.46745,58.08313656062458,2020-03-24
c0439,37.856865,18.46745,71.57660167015796,2020-03-25
c0439,37.856865,18.46745,56.78342141853149,2020-03-26
c0439,37.856865,18.46745,58.86825267947064,2020-03-27
c0439,37.856865,18.46745,58.00651258009606,2020-03-28
c0439,37.856865,18.46745,59.63308942746391,2020-03-29
c0439,37.856865,18.46745,49.52901483172917,2020-03-30
c0439,37.856865,18.46745,62.09294286364291,2020-03-31
c0439,37.856865,18.46745,56.49296636563329,2020-04-01
c0439,37.856865,18.46745,56.322796061340426,2020-04-02
c0439,37.856865,18.46745,,2020-04-03
c0439,37.856865,18.46745,57.83448124499291,2020-04-04
c0439,37.856865,18.46745,56.289552494384715,2020-04-05
c0439,37.856865,18.46745,59.2143912732837,2020-04-06
c0439,37.856865,18.46745,60.610427212609906,2020-04-07
c0439,37.856865,18.46745,60.461734682339966,2020-04-08
c0439,37.856865,18.46745,62.25754781990654,2020-04-09
c0439,37.856865,18.46745,62.704149281344726,2020-04-10
c0439,37.856865,18.46745,63.81537866188649,2020-04-11
c0439,37.856865,18.46745,64.58368510208237,2020-04-12
c0439,37.856865,18.46745,59.590528936688,2020-04-13
c0439,37.856865,18.46745,59.10913848242203,2020-04-14
c0439,37.856865,18.46745,63.05332461767209,2020-04-15
c0439,37.856865,18.46745,68.85985883551635,2020-04-16
c0439,37.856865,18.46745,66.70254465319208,2020-04-17
c0439,37.856865,18.46745,74.14231737485956,2020-04-18
c0439,37.856865,18.46745,58.94394646671825,2020-04-19
c0439,37.856865,18.46745,,2020-04-20
c0439,37.856865,18.46745,58.38660393397026,2020-04-21
c0439,37.856865,18.46745,61.20292661001916,2020-04-22
c0439,37.856865,18.46745,62.89677126047726,2020-04-23
c0439,37.856865,18.46745,60.036853649712526,2020-04-24
c0439,37.856865,18.46745,64.22449156293943,2020-04-25
c0439,37.856865,18.46745,66.32900917524825,2020-04-26
c0439,37.856865,18.46745,63.77147344777669,2020-04-27
c0439,37.856865,18.46745,67.91492355177267,2020-04-28
c0439,37.856865,18.46745,66.83162179331235,2020-04-29
c0439,37.856865,18.46745,65.92925083812698,2020-04-30
c0439,37.856865,18.46745,65.94523625022572,2020-05-01
c0439,37.856865,18.46745,68.62025739602069,2020-05-02
c0439,37.856865,18.46745,69.06525072139051,2020-05-03
c0439,37.856865,18.46745,72.0171689369234,2020-05-04
c0439,37.856865,18.46745,67.77416863289203,2020-05-05
c0439,37.856865,18.46745,65.10180871636484,2020-05-06
c0439,37.856865,18.46745,70.38846047578535,2020-05-07
c0439,37.856865,18.46745,69.8673994811493,2020-05-08
c0439,37.856865,18.46745,70.3920772575404,2020-05-09
c0439,37.856865,18.46745,66.27485750541399,2020-05-10
c0439,37.856865,18.46745,69.05323580152537,2020-05-11
c0439,37.856865,18.46745,72.91751449559969,2020-05-12
c0439,37.856865,18.46745,63.11084131662876,2020-05-13
c0439,37.856865,18.46745,61.15701075405673,2020-05-14
c0439,37.856865,18.46745,63.84856095977533,2020-05-15
c0439,37.856865,18.46745,58.73722619070752,2020-05-16
c0439,37.856865,18.46745,67.25124778036705,2020-05-17
c0439,37.856865,18.46745,67.25751203794003,2020-05-18
c0439,37.856865,18.46745,67.50791973678369,2020-05-19
c0439,37.856865,18.46745,70.65451463451474,2020-05-20
c0439,37.856865,18.46745,64.8788311943846,2020-05-21
c0439,37.856865,18.46745,74.68352769352629,2020-05-22
c0439,37.856865,18.46745,73.2935580015635,2020-05-23
c0439,37.856865,18.46745,71.50107504687132,2020-05-24
c0439,37.856865,18.46745,73.17238576224462,2020-05-25
c0439,37.856865,18.46745,73.3921834592228,2020-05-26
c0439,37.856865,18.46745,77.556335979095,2020-05-27
c0439,37.856865,18.46745,75.61530082494801,2020-05-28
c0439,37.856865,18.46745,69.20615515608358,2020-05-29
c0439,37.856865,18.46745,65.89170061575251,2020-05-30
c0439,37.856865,18.46745,69.84611254998832,2020-05-31
c0439,37.856865,18.46745,67.7522479752492,2020-06-01
c0439,37.856865,18.46745,74.52197586998984,2020-06-02
c0439,37.856865,18.46745,73.38457893336765,2020-06-03
c0439,37.856865,18.46745,72.75431393319175,2020-06-04
c0439,37.856865,18.46745,74.08563193277331,2020-06-05
c0439,37.856865,18.46745,66.21238927694735,2020-06-06
c0439,37.856865,18.46745,73.30061430271508,2020-06-07
c0439,37.856865,18.46745,64.81308107488675,2020-06-08
c0439,37.856865,18.46745,69.64616137127243,2020-06-09
c0439,37.856865,18.46745,69.97680829303212,2020-06-10
c0439,37.856865,18.46745,65.50428677359385,2020-06-11
c0439,37.856865,18.46745,77.77891372348094,2020-06-13
c0439,37.856865,18.46745,66.30212882279228,2020-06-14
c0439,37.856865,18.46745,68.39971917082963,2020-06-15
c0439,37.856865,18.46745,65.73799767634654,2020-06-16
c0439,37.856865,18.46745,66.62754586352924,2020-06-17
c0439,37.856865,18.46745,69.7225730574611,2020-06-18
c0439,37.856865,18.46745,68.27651255117507,2020-06-19
c0439,37.856865,18.46745,65.42985667831057,2020-06-20
c0439,37.856865,18.46745,73.17254059607619,2020-06-21
c0439,37.856865,18.46745,72.63588343393906,2020-06-22
c0439,37.856865,18.46745,80.10317653013684,2020-06-23
c0439,37.856865,18.46745,76.30017376774394,2020-06-24
c0439,37.856865,18.46745,68.31742370079361,2020-06-25
c0439,37.856865,18.46745,69.87234897935417,2020-06-26
c0439,37.856865,18.46745,71.45700133500455,2020-06-27
c0439,37.856865,18.46745,65.24143014440607,2020-06-28
c0439,37.856865,18.46745,74.0830847625249,2020-06-29
c0439,37.856865,18.46745,69.85028025592422,2020-06-30
c0439,37.856865,18.46745,70.64734496020706,2020-07-01
c0439,37.856865,18.46745,74.12476723072426,2020-07-02
c0439,37.856865,18.46745,69.17178981813298,2020-07-03
c0439,37.856865,18.46745,68.40235015283301,2020-07-05
c0439,37.856865,18.46745,80.49629467471036,2020-07-06
c0439,37.856865,18.46745,79.94373757710358,2020-07-07
c0439,37.856865,18.46745,68.67750768504595,2020-07-08
c0439,37.856865,18.46745,73.77016969757109,2020-07-09
c0439,37.856865,18.46745,68.63808969046852,2020-07-10
c0439,37.856865,18.46745,67.40897173805584,2020-07-11
c0439,37.856865,18.46745,66.41903251931706,2020-07-12
c0439,37.856865,18.46745,68.63606510868772,2020-07-13
c0439,37.856865,18.46745,73.65407513080513,2020-07-14
c0439,37.856865,18.46745,,2020-07-15
c0439,37.856865,18.46745,72.45991953444772,2020-07-16
c0439,37.856865,18.46745,71.14202541186626,2020-07-17
c0439,37.856865,18.46745,72.01830386936099,2020-07-18
c0439,37.856865,18.46745,73.96917817951851,2020-07-19
c0439,37.856865,18.46745,76.21538634932705,2020-07-20
c0439,37.856865,18.46745,75.47432781773173,2020-07-21
c0439,37.856865,18.46745,85.81330400429019,2020-07-22
c0439,37.856865,18.46745,68.67082665422335,2020-07-23
c0439,37.856865,18.46745,68.93681624459443,2020-07-24
c0439,37.856865,18.46745,69.1039888946454,2020-07-25
c0439,37.856865,18.46745,68.55738999936688,2020-07-26
c0439,37.856865,18.46745,72.99201937575417,2020-07-27
c0439,37.856865,18.46745,71.58173594431746,2020-07-28
c0439,37.856865,18.46745,72.21747889823381,2020-07-29
c0439,37.856865,18.46745,70.03677242491219,2020-07-30
c0439,37.856865,18.46745,69.8684278163243,2020-07-31
c0439,37.856865,18.46745,69.28391285543887,2020-08-02
c0439,37.856865,18.46745,69.0947047714349,2020-08-03
c0439,37.856865,18.46745,63.864786734845424,2020-08-04
c0439,37.856865,18.46745,66.09693230872459,2020-08-05
c0439,37.856865,18.46745,85.34746886719233,2020-08-06
c0439,37.856865,18.46745,71.15662463078769,2020-08-07
c0439,37.856865,18.46745,74.98288965754872,2020-08-08
c0439,37.856865,18.46745,76.57460257792201,2020-08-09
c0439,37.856865,18.46745,73.50120048083707,2020-08-10
c0439,37.856865,18.46745,67.6863299578285,2020-08-11
c0439,37.856865,18.46745,67.18924162758209,2020-08-12
c0439,37.856865,18.46745,69.5187378635976,2020-08-13
c0439,37.856865,18.46745,69.12559844459793,2020-08-14
c0439,37.856865,18.46745,66.74731094150236,2020-08-15
c0439,37.856865,18.46745,68.18498506574292,2020-08-16
c0439,37.856865,18.46745,63.77150802773957,2020-08-17
c0439,37.856865,18.46745,65.87506685573717,2020-08-18
c0439,37.856865,18.46745,76.83235202867392,2020-08-19
c0439,37.856865,18.46745,62.85846497686158,2020-08-20
c0439,37.856865,18.46745,70.14604940098498,2020-08-21
c0439,37.856865,18.46745,65.90425720388629,2020-08-22
c0439,37.856865,18.46745,63.15002355268363,2020-08-23
c0439,37.856865,18.46745,66.77413284090109,2020-08-24
c0439,37.856865,18.46745,63.27224991291426,2020-08-25
c0439,37.856865,18.46745,72.32757732756309,2020-08-26
c0439,37.856865,18.46745,62.82889116330015,2020-08-27
c0439,37.856865,18.46745,65.36250078037385,2020-08-28
c0439,37.856865,18.46745,63.0296813027778,2020-08-29
c0439,37.856865,18.46745,62.41933588593137,2020-08-30
c0439,37.856865,18.46745,60.37759124615614,2020-08-31
c0439,37.856865,18.46745,67.53483828737697,2020-09-01
c0439,37.856865,18.46745,61.78725824576018,2020-09-02
c0439,37.856865,18.46745,69.31933233054156,2020-09-03
c0439,37.856865,18.46745,66.22695322843241,2020-09-04
c0439,37.856865,18.46745,64.3084772895425,2020-09-05
c0439,37.856865,18.46745,65.82809388993138,2020-09-06
c0439,37.856865,18.46745,62.59645381479585,2020-09-07
c0439,37.856865,18.46745,61.62759215672014,2020-09-08
c0439,37.856865,18.46745,62.75528847195866,2020-09-09
c0439,37.856865,18.46745,63.02331445328473,2020-09-10
c0439,37.856865,18.46745,62.34141200591678,2020-09-11
c0439,37.856865,18.46745,57.37499391674457,2020-09-12
c0439,37.856865,18.46745,63.66458778442547,2020-09-13
c0439,37.856865,18.46745,81.03744665726681,2020-09-15
c0439,37.856865,18.46745,109.33267685816406,2020-09-16
c0439,37.856865,18.46745,66.08270260818435,2020-09-17
c0439,37.856865,18.46745,69.06638053644078,2020-09-18
c0439,37.856865,18.46745,60.848667291894664,2020-09-19
c0439,37.856865,18.46745,62.09624590643719,2020-09-20
c0439,37.856865,18.46745,58.30256224624386,2020-09-21
c0439,37.856865,18.46745,66.3519942899791,2020-09-22
c0439,37.856865,18.46745,47.41508543442711,2020-09-23
c0439,37.856865,18.46745,61.69215534881144,2020-09-24
c0439,37.856865,18.46745,62.902890016431165,2020-09-25
c0439,37.856865,18.46745,61.07052674648176,2020-09-26
c0439,37.856865,18.46745,59.05166247048375,2020-09-27
c0439,37.856865,18.46745,58.7480495801543,2020-09-28
c0439,37.856865,18.46745,64.30445326569995,2020-09-29
c0439,37.856865,18.46745,59.09946565500166,2020-09-30
c0439,37.856865,18.46745,58.08197307129378,2020-10-01
c0439,37.856865,18.46745,61.10525025393161,2020-10-02
c0439,37.856865,18.46745,59.62167386433882,2020-10-03
c0439,37.856865,18.46745,59.20857244197538,2020-10-04
c0439,37.856865,18.46745,55.2099946158292,2020-10-05
c0439,37.856865,18.46745,51.013363000941,2020-10-06
c0439,37.856865,18.46745,47.34503414767739,2020-10-07
c0439,37.856865,18.46745,56.3655076939374,2020-10-08
c0439,37.856865,18.46745,56.05770531361226,2020-10-09
c0439,37.856865,18.46745,61.33298477746695,2020-10-10
c0439,37.856865,18.46745,49.327494136600784,2020-10-11
c0439,37.856865,18.46745,229.85973529021936,2020-10-12
c0439,37.856865,18.46745,55.1154069666363,2020-10-13
c0439,37.856865,18.46745,51.12836031932719,2020-10-14
c0439,37.856865,18.46745,46.35233212816528,2020-10-15
c0439,37.856865,18.46745,50.50183108878211,2020-10-16
c0439,37.856865,18.46745,54.70120311072539,2020-10-17
c0439,37.856865,18.46745,50.881700184425206,2020-10-18
c0439,37.856865,18.46745,50.41769274369996,2020-10-19
c0439,37.856865,18.46745,49.07549733172422,2020-10-20
c0439,37.856865,18.46745,48.25175463700609,2020-10-21
c0439,37.856865,18.46745,52.486772434649765,2020-10-22
c0439,37.856865,18.46745,53.28432724900423,2020-10-23
c0439,37.856865,18.46745,54.67675622209324,2020-10-24
c0439,37.856865,18.46745,51.40424846723922,2020-10-25
c0439,37.856865,18.46745,45.81811761901649,2020-10-26
c0439,37.856865,18.46745,47.82406651399441,2020-10-27
c0439,37.856865,18.46745,64.81859966712739,2020-10-28
c0439,37.856865,18.46745,53.57652060396369,2020-10-29
c0439,37.856865,18.46745,47.6565520034444,2020-10-30
c0439,37.856865,18.46745,49.91949725091694,2020-10-31
c0439,37.856865,18.46745,50.57608859251505,2020-11-01
c0439,37.856865,18.46745,47.79802778880697,2020-11-02
c0439,37.856865,18.46745,46.59744424752684,2020-11-03
c0439,37.856865,18.46745,48.296757069866146,2020-11-04
c0439,37.856865,18.46745,43.461680851279624,2020-11-05
c0439,37.856865,18.46745,55.92000366296692,2020-11-06
c0439,37.856865,18.46745,54.647081354462664,2020-11-07
c0439,37.856865,18.46745,54.85422682670215,2020-11-08
c0439,37.856865,18.46745,52.26421603940326,2020-11-09
c0439,37.856865,18.46745,50.18382733785403,2020-11-10
c0439,37.856865,18.46745,53.657275301941745,2020-11-11
c0439,37.856865,18.46745,51.72234117049528,2020-11-12
c0439,37.856865,18.46745,52.99435766574138,2020-11-13
c0439,37.856865,18.46745,44.367488651763296,2020-11-14
c0439,37.856865,18.46745,42.587381046886534,2020-11-15
c0439,37.856865,18.46745,47.442104388682864,2020-11-16
c0439,37.856865,18.46745,70.47561221683719,2020-11-17
c0439,37.856865,18.46745,52.1922402707152,2020-11-18
c0439,37.856865,18.46745,51.37418746820814,2020-11-19
c0439,37.856865,18.46745,50.30814263503234,2020-11-20
c0439,37.856865,18.46745,62.591379037998685,2020-11-21
c0439,37.856865,18.46745,64.62954965071793,2020-11-22
c0439,37.856865,18.46745,43.06473970928005,2020-11-23
c0439,37.856865,18.46745,38.10075887090782,2020-11-24
c0439,37.856865,18.46745,38.84550604291396,2020-11-25
c0439,37.856865,18.46745,43.0442890082827,2020-11-26
c0439,37.856865,18.46745,52.78533008682057,2020-11-27
c0439,37.856865,18.46745,49.39889300561786,2020-11-28
c0439,37.856865,18.46745,90.9290722800398,2020-11-29
c0439,37.856865,18.46745,55.64915688515609,2020-11-30
c0439,37.856865,18.46745,48.52419531581117,2020-12-01
c0439,37.856865,18.46745,55.09768900659843,2020-12-02
c0439,37.856865,18.46745,46.57201431671103,2020-12-03
c0439,37.856865,18.46745,47.329495132723075,2020-12-04
c0439,37.856865,18.46745,43.2032058816047,2020-12-05
c0439,37.856865,18.46745,50.30106111413561,2020-12-06
c0439,37.856865,18.46745,55.621139454460014,2020-12-07
c0439,37.856865,18.46745,41.513477404346055,2020-12-08
c0439,37.856865,18.46745,54.447594720554264,2020-12-09
c0439,37.856865,18.46745,49.01802868791991,2020-12-10
c0439,37.856865,18.46745,45.23744123783233,2020-12-11
c0439,37.856865,18.46745,50.219423583263975,2020-12-12
c0439,37.856865,18.46745,50.19265839682043,2020-12-13
c0439,37.856865,18.46745,52.77484391482147,2020-12-14
c0439,37.856865,18.46745,52.7278120695137,2020-12-15
c0439,37.856865,18.46745,51.98962479121749,2020-12-16
c0439,37.856865,18.46745,44.65906136927174,2020-12-17
c0439,37.856865,18.46745,43.779712265095824,2020-12-18
c0439,37.856865,18.46745,48.94251338758147,2020-12-19
c0439,37.856865,18.46745,49.13799132589211,2020-12-20
c0439,37.856865,18.46745,50.3252686123059,2020-12-21
c0439,37.856865,18.46745,37.44528173762465,2020-12-22
c0439,37.856865,18.46745,37.085985208291035,2020-12-23
c0439,37.856865,18.46745,45.58175230912324,2020-12-24
c0439,37.856865,18.46745,37.098921883260246,2020-12-25
c0439,37.856865,18.46745,34.11978625467231,2020-12-26
c0439,37.856865,18.46745,52.53313156918061,2020-12-27
c0439,37.856865,18.46745,47.73193473552876,2020-12-28
c0439,37.856865,18.46745,60.02742734982907,2020-12-29
c0439,37.856865,18.46745,50.86462049966722,2020-12-30
c0439,37.856865,18.46745,52.67688062436759,2020-12-31
c0439,37.856865,18.46745,41.04791912178179,2021-01-02
c0439,37.856865,18.46745,28.521133473243623,2021-01-03
c0439,37.856865,18.46745,26.384579689767037,2021-01-04
c0439,37.856865,18.46745,35.48569137569199,2021-01-05
c0439,37.856865,18.46745,43.65161160023179,2021-01-06
c0439,37.856865,18.46745,48.63122241972794,2021-01-07
c0439,37.856865,18.46745,48.17812930607216,2021-01-08
c0439,37.856865,18.46745,43.355075428575034,2021-01-09
c0439,37.856865,18.46745,58.51714985371724,2021-01-10
c0439,37.856865,18.46745,63.505230311632104,2021-01-11
c0439,37.856865,18.46745,61.354133726702955,2021-01-12
c0439,37.856865,18.46745,49.92022578236073,2021-01-13
c0439,37.856865,18.46745,54.34880173409106,2021-01-14
c0439,37.856865,18.46745,58.91187180383356,2021-01-15
c0439,37.856865,18.46745,47.31445947831461,2021-01-16
c0439,37.856865,18.46745,55.11071709428856,2021-01-17
c0439,37.856865,18.46745,51.3619366340823,2021-01-18
c0439,37.856865,18.46745,59.69188990630017,2021-01-19
c0439,37.856865,18.46745,57.51794524202146,2021-01-20
c0439,37.856865,18.46745,49.22962825564472,2021-01-21
c0439,37.856865,18.46745,50.74140270493694,2021-01-22
c0439,37.856865,18.46745,77.81740335941711,2021-01-23
c0439,37.856865,18.46745,70.45560650979921,2021-01-24
c0439,37.856865,18.46745,68.73410528216183,2021-01-25
c0439,37.856865,18.46745,119.45144172827752,2021-01-26
c0439,37.856865,18.46745,50.79130950460774,2021-01-27
c0439,37.856865,18.46745,33.08705115422548,2021-01-28
c0439,37.856865,18.46745,,2021-01-29
c0439,37.856865,18.46745,48.46449225917635,2021-01-30
c0439,37.856865,18.46745,75.28685063017757,2021-01-31
c0439,37.856865,18.46745,47.241700993500565,2021-02-01
c0439,37.856865,18.46745,47.35262549623235,2021-02-02
c0439,37.856865,18.46745,44.89002075774995,2021-02-03
c0439,37.856865,18.46745,57.41997075654079,2021-02-04
c0439,37.856865,18.46745,47.736658589080584,2021-02-05
c0439,37.856865,18.46745,55.43393401497648,2021-02-06
c0439,37.856865,18.46745,73.75541642210167,2021-02-07
c0439,37.856865,18.46745,58.04297749025245,2021-02-08
c0439,37.856865,18.46745,50.2272728258825,2021-02-09
c0439,37.856865,18.46745,57.895717988030256,2021-02-10
c0439,37.856865,18.46745,60.61374087459606,2021-02-11
c0439,37.856865,18.46745,58.551248491823465,2021-02-12
c0439,37.856865,18.46745,67.39186571487124,2021-02-13
c0439,37.856865,18.46745,48.430805636144086,2021-02-14
c0439,37.856865,18.46745,48.05782423051545,2021-02-15
c0439,37.856865,18.46745,52.52458935880026,2021-02-16
c0439,37.856865,18.46745,52.374584782334296,2021-02-17
c0439,37.856865,18.46745,53.02936739182952,2021-02-18
c0439,37.856865,18.46745,48.1459913906625,2021-02-19
c0439,37.856865,18.46745,50.187984645982105,2021-02-20
c0439,37.856865,18.46745,46.341564449714774,2021-02-21
c0439,37.856865,18.46745,46.02026795932138,2021-02-22
c0439,37.856865,18.46745,47.21336722281079,2021-02-23
c0439,37.856865,18.46745,48.1646327502137,2021-02-24
c0439,37.856865,18.46745,45.791465306114304,2021-02-25
c0439,37.856865,18.46745,55.87531410452765,2021-02-26
c0439,37.856865,18.46745,53.53434103046758,2021-02-27
c0439,37.856865,18.46745,56.11591417632166,2021-02-28
c0439,37.856865,18.46745,60.20784861616462,2021-03-01
c0439,37.856865,18.46745,59.00161303887189,2021-03-02
c0439,37.856865,18.46745,56.608537073528126,2021-03-03
c0439,37.856865,18.46745,54.63986676988688,2021-03-04
c0439,37.856865,18.46745,60.15124167706784,2021-03-05
c0439,37.856865,18.46745,56.212025795407705,2021-03-06
c0439,37.856865,18.46745,55.55726711907686,2021-03-07
c0439,37.856865,18.46745,70.01570922386108,2021-03-08
c0439,37.856865,18.46745,63.22585939176283,2021-03-09
c0439,37.856865,18.46745,65.5153013791997,2021-03-10
c0439,37.856865,18.46745,62.4535203629924,2021-03-11
c0439,37.856865,18.46745,63.55689488137683,2021-03-12
c0439,37.856865,18.46745,63.51122835064885,2021-03-13
c0439,37.856865,18.46745,63.12402928693401,2021-03-14
c0439,37.856865,18.46745,60.23134592513925,2021-03-15
c0439,37.856865,18.46745,62.698402522021,2021-03-16
c0439,37.856865,18.46745,72.7003135088355,2021-03-17
c0439,37.856865,18.46745,60.76105376978351,2021-03-18
c0439,37.856865,18.46745,63.06613690024579,2021-03-19
c0439,37.856865,18.46745,61.07609029281089,2021-03-20
c0439,37.856865,18.46745,60.1884252253401,2021-03-21
c0439,37.856865,18.46745,71.97847289882526,2021-03-22
c0439,37.856865,18.46745,71.19664161872275,2021-03-23
c0439,37.856865,18.46745,61.644283688874246,2021-03-24
c0439,37.856865,18.46745,65.47919383246466,2021-03-25
c0439,37.856865,18.46745,65.9054619762747,2021-03-26
c0439,37.856865,18.46745,64.27027265458156,2021-03-27
c0439,37.856865,18.46745,67.16454945285386,2021-03-28
c0439,37.856865,18.46745,62.83740734318623,2021-03-29
c0439,37.856865,18.46745,67.78843817488297,2021-03-30
c0439,37.856865,18.46745,70.30205755643495,2021-03-31
c0439,37.856865,18.46745,69.86534843362931,2021-04-01
c0439,37.856865,18.46745,64.323416603595,2021-04-02
c0439,37.856865,18.46745,55.135486330998766,2021-04-03
c0439,37.856865,18.46745,64.84720491605498,2021-04-04
c0439,37.856865,18.46745,48.628391037129035,2021-04-05
c0439,37.856865,18.46745,66.97333905543708,2021-04-06
c0439,37.856865,18.46745,70.2967681991216,2021-04-07
c0439,37.856865,18.46745,68.10481760869807,2021-04-08
c0439,37.856865,18.46745,61.88130426416509,2021-04-09
c0439,37.856865,18.46745,65.92832204394153,2021-04-10
c0439,37.856865,18.46745,62.91915058266483,2021-04-11
c0439,37.856865,18.46745,60.507804314935015,2021-04-12
c0439,37.856865,18.46745,60.13455469972618,2021-04-13
c0439,37.856865,18.46745,67.84272454539276,2021-04-14
c0439,37.856865,18.46745,68.82140932293868,2021-04-15
c0439,37.856865,18.46745,69.13850139462556,2021-04-16
c0439,37.856865,18.46745,64.70709562029741,2021-04-17
c0439,37.856865,18.46745,60.3090131025285,2021-04-18
c0439,37.856865,18.46745,71.28987552590544,2021-04-19
c0439,37.856865,18.46745,65.94325727543085,2021-04-20
c0439,37.856865,18.46745,71.10033977906657,2021-04-21
c0439,37.856865,18.46745,66.05131750771558,2021-04-22
c0439,37.856865,18.46745,54.603736732972514,2021-04-23
c0439,37.856865,18.46745,58.92689013001823,2021-04-24
c0439,37.856865,18.46745,67.26066836307592,2021-04-25
c0439,37.856865,18.46745,66.79403920333775,2021-04-26
c0439,37.856865,18.46745,60.88766021454333,2021-04-27
c0439,37.856865,18.46745,59.91793889587734,2021-04-28
c0439,37.856865,18.46745,57.9527442526074,2021-04-29
c0439,37.856865,18.46745,62.1177279951384,2021-04-30
c0439,37.856865,18.46745,57.13061981141714,2021-05-01
c0439,37.856865,18.46745,57.85176183063233,2021-05-02
c0439,37.856865,18.46745,59.69884684942749,2021-05-03
c0439,37.856865,18.46745,60.7785903597358,2021-05-04
c0439,37.856865,18.46745,70.73435576492011,2021-05-05
c0439,37.856865,18.46745,67.19362036375175,2021-05-06
c0439,37.856865,18.46745,64.08242414204277,2021-05-07
c0439,37.856865,18.46745,69.65536665286717,2021-05-08
c0439,37.856865,18.46745,73.36247621591515,2021-05-09
c0439,37.856865,18.46745,68.75651253795806,2021-05-10
c0439,37.856865,18.46745,68.54875620336296,2021-05-11
c0439,37.856865,18.46745,70.78855093927612,2021-05-12
c0439,37.856865,18.46745,70.80194744850482,2021-05-13
c0439,37.856865,18.46745,72.90091114602888,2021-05-14
c0439,37.856865,18.46745,73.21569968778199,2021-05-15
c0439,37.856865,18.46745,70.79767537886212,2021-05-16
c0439,37.856865,18.46745,72.59757927916334,2021-05-17
c0439,37.856865,18.46745,71.23063046610825,2021-05-18
c0439,37.856865,18.46745,71.67181468431143,2021-05-19
c0439,37.856865,18.46745,73.14107110767434,2021-05-20
c0439,37.856865,18.46745,84.04093322627368,2021-05-21
c0439,37.856865,18.46745,77.00106317988123,2021-05-22
c0439,37.856865,18.46745,71.75673669788497,2021-05-23
c0439,37.856865,18.46745,71.45146340691466,2021-05-24
c0439,37.856865,18.46745,72.01322371545457,2021-05-25
c0439,37.856865,18.46745,76.68434189017125,2021-05-26
c0439,37.856865,18.46745,68.24098393079399,2021-05-27
c0439,37.856865,18.46745,74.26674172052833,2021-05-28
c0439,37.856865,18.46745,71.34720406896739,2021-05-29
c0439,37.856865,18.46745,72.22010881851433,2021-05-30
c0439,37.856865,18.46745,69.64529160757235,2021-05-31
c0439,37.856865,18.46745,77.9052798818245,2021-06-01
c0439,37.856865,18.46745,79.11294629369078,2021-06-02
c0439,37.856865,18.46745,78.24665468605416,2021-06-03
c0439,37.856865,18.46745,74.12411714336669,2021-06-04
c0439,37.856865,18.46745,78.96134382818425,2021-06-05
c0439,37.856865,18.46745,71.18002337303108,2021-06-06
c0439,37.856865,18.46745,71.15405564203742,2021-06-07
c0439,37.856865,18.46745,72.63695382580586,2021-06-08
c0439,37.856865,18.46745,77.22913728909461,2021-06-09
c0439,37.856865,18.46745,76.46146495748897,2021-06-10
c0439,37.856865,18.46745,76.5026232092966,2021-06-11
c0439,37.856865,18.46745,76.13401087494944,2021-06-12
c0439,37.856865,18.46745,73.47393203062431,2021-06-13
c0439,37.856865,18.46745,81.01916292134734,2021-06-14
c0439,37.856865,18.46745,84.00448390736238,2021-06-15
c0439,37.856865,18.46745,72.63952480125546,2021-06-16
c0439,37.856865,18.46745,71.6255918175935,2021-06-17
c0439,37.856865,18.46745,75.7343972686263,2021-06-18
c0439,37.856865,18.46745,84.2462898500209,2021-06-19
c0439,37.856865,18.46745,72.32420184569824,2021-06-20
c0439,37.856865,18.46745,69.78453607936721,2021-06-21
c0439,37.856865,18.46745,60.91137458564302,2021-06-22
c0439,37.856865,18.46745,72.86897343520272,2021-06-23
c0439,37.856865,18.46745,67.38635304027791,2021-06-24
c0439,37.856865,18.46745,67.077801791234,2021-06-25
c0439,37.856865,18.46745,70.31749998253515,2021-06-26
c0439,37.856865,18.46745,67.49025787426784,2021-06-27
c0439,37.856865,18.46745,69.54934835162794,2021-06-28
c0439,37.856865,18.46745,70.6245088415644,2021-06-29
c0439,37.856865,18.46745,73.01579025247517,2021-06-30
c0439,37.856865,18.46745,73.23538629924977,2021-07-01
c0439,37.856865,18.46745,70.52839452674635,2021-07-02
c0439,37.856865,18.46745,72.86705804952872,2021-07-03
c0439,37.856865,18.46745,73.1653041944676,2021-07-04
c0439,37.856865,18.46745,73.98584977036687,2021-07-05
c0439,37.856865,18.46745,76.1335560721207,2021-07-06
c0439,37.856865,18.46745,78.00394773313099,2021-07-07
c0439,37.856865,18.46745,76.48044499142496,2021-07-08
c0439,37.856865,18.46745,73.5247211839513,2021-07-09
c0439,37.856865,18.46745,75.41825127748471,2021-07-10
c0439,37.856865,18.46745,74.38532335713174,2021-07-11
c0439,37.856865,18.46745,81.28584914438275,2021-07-12
c0439,37.856865,18.46745,75.1056698827963,2021-07-13
c0439,37.856865,18.46745,73.13917202324512,2021-07-14
c0439,37.856865,18.46745,78.44649571154574,2021-07-15
c0439,37.856865,18.46745,80.36898189841313,2021-07-16
c0439,37.856865,18.46745,77.02307949974973,2021-07-17
c0439,37.856865,18.46745,78.9712017259579,2021-07-18
c0439,37.856865,18.46745,80.1903148981962,2021-07-19
c0439,37.856865,18.46745,79.77093683149053,2021-07-20
c0439,37.856865,18.46745,83.1258779230627,2021-07-21
c0439,37.856865,18.46745,81.07031301292461,2021-07-22
c0439,37.856865,18.46745,80.75587097189344,2021-07-23
c0439,37.856865,18.46745,80.49925461117203,2021-07-24
c0439,37.856865,18.46745,74.05523968420857,2021-07-25
c0439,37.856865,18.46745,69.41154705209671,2021-07-26
c0439,37.856865,18.46745,68.03948417737558,2021-07-27
c0439,37.856865,18.46745,72.75476906919408,2021-07-28
c0439,37.856865,18.46745,71.60992109841114,2021-07-29
c0439,37.856865,18.46745,77.34857224768574,2021-07-30
c0439,37.856865,18.46745,75.9921919449313,2021-07-31
c0439,37.856865,18.46745,70.00259716846499,2021-08-01
c0439,37.856865,18.46745,71.41969163988745,2021-08-02
c0439,37.856865,18.46745,71.77447245584793,2021-08-03
c0439,37.856865,18.46745,67.31683146423704,2021-08-04
c0439,37.856865,18.46745,68.97488671484332,2021-08-05
c0439,37.856865,18.46745,72.77637568588872,2021-08-06
c0439,37.856865,18.46745,73.6266265609163,2021-08-07
c0439,37.856865,18.46745,68.34249298588452,2021-08-08
c0439,37.856865,18.46745,71.07992545803995,2021-08-09
c0439,37.856865,18.46745,73.12365503654684,2021-08-10
c0439,37.856865,18.46745,72.84305062547723,2021-08-11
c0439,37.856865,18.46745,75.59794372153227,2021-08-12
c0439,37.856865,18.46745,75.64725971975984,2021-08-13
c0439,37.856865,18.46745,71.98005843213213,2021-08-14
c0439,37.856865,18.46745,71.77901960333249,2021-08-15
c0439,37.856865,18.46745,71.32541286419384,2021-08-16
c0439,37.856865,18.46745,73.80835619626323,2021-08-17
c0439,37.856865,18.46745,68.44751376363163,2021-08-18
c0439,37.856865,18.46745,71.42678849077826,2021-08-19
c0439,37.856865,18.46745,70.87056531127277,2021-08-20
c0439,37.856865,18.46745,71.55649033463749,2021-08-21
c0439,37.856865,18.46745,71.62456891998336,2021-08-22
c0439,37.856865,18.46745,68.60264798981144,2021-08-23
c0439,37.856865,18.46745,71.0677824491185,2021-08-24
c0439,37.856865,18.46745,74.01142875829083,2021-08-25
c0439,37.856865,18.46745,61.573643100309994,2021-08-26
c0439,37.856865,18.46745,69.49746368948205,2021-08-27
c0439,37.856865,18.46745,71.15472415791274,2021-08-28
c0439,37.856865,18.46745,71.14547525449096,2021-08-29
c0439,37.856865,18.46745,74.16433884740535,2021-08-30
c0439,37.856865,18.46745,71.14946552083273,2021-08-31
c0439,37.856865,18.46745,76.91757518243807,2021-09-01
c0439,37.856865,18.46745,80.89703718840057,2021-09-02
c0439,37.856865,18.46745,79.97832385322883,2021-09-03
c0439,37.856865,18.46745,82.81448820623623,2021-09-04
c0439,37.856865,18.46745,61.77556831377644,2021-09-05
c0439,37.856865,18.46745,67.59765339848828,2021-09-06
c0439,37.856865,18.46745,86.78430620321441,2021-09-07
c0439,37.856865,18.46745,75.60314712289684,2021-09-08
c0439,37.856865,18.46745,72.58343250108906,2021-09-09
c0439,37.856865,18.46745,72.57971826445161,2021-09-10
c0439,37.856865,18.46745,100.45055987555754,2021-09-11
c0439,37.856865,18.46745,61.69065673695353,2021-09-12
c0439,37.856865,18.46745,61.81853987225117,2021-09-13
c0439,37.856865,18.46745,64.06339542402044,2021-09-14
c0439,37.856865,18.46745,65.87272211476585,2021-09-15
c0439,37.856865,18.46745,60.92331791448221,2021-09-16
c0439,37.856865,18.46745,59.65457087009434,2021-09-17
c0439,37.856865,18.46745,56.06914471395133,2021-09-18
c0439,37.856865,18.46745,58.59853295732278,2021-09-19
c0439,37.856865,18.46745,63.31278878883057,2021-09-20
c0439,37.856865,18.46745,65.19250594386862,2021-09-21
c0439,37.856865,18.46745,74.85426349805068,2021-09-22
c0439,37.856865,18.46745,66.82152028557968,2021-09-23
c0439,37.856865,18.46745,71.65931695722604,2021-09-24
c0439,37.856865,18.46745,67.64311540147042,2021-09-25
c0439,37.856865,18.46745,59.67204538067079,2021-09-26
c0439,37.856865,18.46745,60.82639337002605,2021-09-27
c0439,37.856865,18.46745,64.76966085387781,2021-09-28
c0439,37.856865,18.46745,61.73726284112605,2021-09-30
c0439,37.856865,18.46745,60.068155669242195,2021-10-01
c0439,37.856865,18.46745,79.37800566379762,2021-10-02
c0439,37.856865,18.46745,77.39796781235322,2021-10-03
c0439,37.856865,18.46745,60.38213046070059,2021-10-04
c0439,37.856865,18.46745,56.78671768975596,2021-10-05
c0439,37.856865,18.46745,39.65139734780789,2021-10-06
c0439,37.856865,18.46745,51.681285956610104,2021-10-07
c0439,37.856865,18.46745,57.55292119557425,2021-10-08
c0439,37.856865,18.46745,53.08012693658327,2021-10-09
c0439,37.856865,18.46745,74.07661467205243,2021-10-10
c0439,37.856865,18.46745,56.82670703650029,2021-10-11
c0439,37.856865,18.46745,60.38877539759889,2021-10-12
c0439,37.856865,18.46745,52.01166211732421,2021-10-13
c0439,37.856865,18.46745,,2021-10-14
c0439,37.856865,18.46745,80.0658099969787,2021-10-15
c0439,37.856865,18.46745,54.73361790976576,2021-10-16
c0439,37.856865,18.46745,48.69780028402828,2021-10-17
c0439,37.856865,18.46745,58.9322582903492,2021-10-18
c0439,37.856865,18.46745,56.93991564997623,2021-10-19
c0439,37.856865,18.46745,58.92232278342875,2021-10-20
c0439,37.856865,18.46745,57.472217415013,2021-10-21
c0439,37.856865,18.46745,58.6972950247561,2021-10-22
c0439,37.856865,18.46745,49.35364951562289,2021-10-23
c0439,37.856865,18.46745,50.66409750252664,2021-10-24
c0439,37.856865,18.46745,129.2586723832301,2021-10-25
c0439,37.856865,18.46745,,2021-10-26
c0439,37.856865,18.46745,59.46363258639459,2021-10-27
c0439,37.856865,18.46745,73.41186694008496,2021-10-28
c0439,37.856865,18.46745,112.44203514028256,2021-10-29
c0439,37.856865,18.46745,53.11169854519522,2021-10-30
c0439,37.856865,18.46745,50.234071821853185,2021-10-31
c0439,37.856865,18.46745,54.74608518128659,2021-11-01
c0439,37.856865,18.46745,52.91704114488529,2021-11-02
c0439,37.856865,18.46745,53.38226347101233,2021-11-03
c0439,37.856865,18.46745,45.036268471307466,2021-11-04
c0439,37.856865,18.46745,57.29510520513691,2021-11-05
c0439,37.856865,18.46745,50.59283039935339,2021-11-06
c0439,37.856865,18.46745,57.98152856436006,2021-11-07
c0439,37.856865,18.46745,61.1467898018333,2021-11-08
c0439,37.856865,18.46745,65.00643614000454,2021-11-09
c0439,37.856865,18.46745,62.808845239097415,2021-11-10
c0439,37.856865,18.46745,51.88508991566676,2021-11-11
c0439,37.856865,18.46745,57.11730601348798,2021-11-12
c0439,37.856865,18.46745,47.17910620065937,2021-11-13
c0439,37.856865,18.46745,70.02814435960619,2021-11-14
c0439,37.856865,18.46745,162.86471718157892,2021-11-15
c0439,37.856865,18.46745,104.88184132679412,2021-11-16
c0439,37.856865,18.46745,84.13812056164709,2021-11-17
c0439,37.856865,18.46745,63.23895477382508,2021-11-18
c0439,37.856865,18.46745,54.25475149977977,2021-11-19
c0439,37.856865,18.46745,53.91638972380429,2021-11-20
c0439,37.856865,18.46745,50.95575150723312,2021-11-21
c0439,37.856865,18.46745,66.20464444597715,2021-11-22
c0439,37.856865,18.46745,56.41744551413253,2021-11-23
c0439,37.856865,18.46745,60.73741434817188,2021-11-24
c0439,37.856865,18.46745,83.42679005718104,2021-11-25
c0439,37.856865,18.46745,60.999680999267326,2021-11-26
c0439,37.856865,18.46745,60.023153345887664,2021-11-27
c0439,37.856865,18.46745,55.001778131246496,2021-11-28
c0439,37.856865,18.46745,58.45625856487287,2021-11-29
c0439,37.856865,18.46745,61.53539661098481,2021-11-30
c0439,37.856865,18.46745,54.62765472366864,2021-12-01
c0439,37.856865,18.46745,53.08069142949813,2021-12-02
c0439,37.856865,18.46745,33.97082492922198,2021-12-03
c0439,37.856865,18.46745,57.10627491664959,2021-12-04
c0439,37.856865,18.46745,60.70856565898859,2021-12-05
c0439,37.856865,18.46745,52.28229244534863,2021-12-06
c0439,37.856865,18.46745,62.970094022240154,2021-12-07
c0439,37.856865,18.46745,62.25696857224947,2021-12-08
c0439,37.856865,18.46745,59.75121752143668,2021-12-09
c0439,37.856865,18.46745,53.87522912459512,2021-12-10
c0439,37.856865,18.46745,,2021-12-11
c0439,37.856865,18.46745,56.09673131589732,2021-12-12
c0439,37.856865,18.46745,60.8850539295983,2021-12-13
c0439,37.856865,18.46745,53.74256519691546,2021-12-14
c0439,37.856865,18.46745,50.126500836983006,2021-12-15
c0439,37.856865,18.46745,46.01299254531691,2021-12-16
c0439,37.856865,18.46745,44.997195271217656,2021-12-17
c0439,37.856865,18.46745,48.599125171596185,2021-12-18
c0439,37.856865,18.46745,54.79819021946547,2021-12-19
c0439,37.856865,18.46745,49.74849022674525,2021-12-20
c0439,37.856865,18.46745,45.525196043538,2021-12-21
c0439,37.856865,18.46745,45.6415961480428,2021-12-22
c0439,37.856865,18.46745,50.79532514393693,2021-12-23
c0439,37.856865,18.46745,49.76103481217983,2021-12-24
c0439,37.856865,18.46745,50.130899101493526,2021-12-25
c0439,37.856865,18.46745,53.41686364882489,2021-12-26
c0439,37.856865,18.46745,57.5285552973497,2021-12-27
c0439,37.856865,18.46745,58.15512930227024,2021-12-28
c0439,37.856865,18.46745,41.93516055025282,2021-12-29
c0439,37.856865,18.46745,58.116047551200715,2021-12-30
c0439,37.856865,18.46745,53.424980607867,2021-12-31
c0439,37.856865,18.46745,62.503780067056894,2022-01-01
c0439,37.856865,18.46745,53.362536859805445,2022-01-02
c0439,37.856865,18.46745,45.155674713008224,2022-01-03
c0439,37.856865,18.46745,45.01492422853858,2022-01-04
c0439,37.856865,18.46745,50.86989103375318,2022-01-05
c0439,37.856865,18.46745,41.28945906307998,2022-01-06
c0439,37.856865,18.46745,47.587596559575566,2022-01-07
c0439,37.856865,18.46745,53.97154971937111,2022-01-08
c0439,37.856865,18.46745,43.19959814781952,2022-01-09
c0439,37.856865,18.46745,35.55164696703741,2022-01-10
c0439,37.856865,18.46745,116.76244396477352,2022-01-11
c0439,37.856865,18.46745,74.05059940089072,2022-01-12
c0439,37.856865,18.46745,48.680100192658806,2022-01-13
c0439,37.856865,18.46745,42.72229161041077,2022-01-14
c0439,37.856865,18.46745,55.0962667936995,2022-01-15
c0439,37.856865,18.46745,39.56059218430608,2022-01-16
c0439,37.856865,18.46745,39.39523608679384,2022-01-17
c0439,37.856865,18.46745,49.492482170402226,2022-01-18
c0439,37.856865,18.46745,35.597954325338705,2022-01-19
c0439,37.856865,18.46745,37.98077092025358,2022-01-20
c0439,37.856865,18.46745,46.96735618021768,2022-01-21
c0439,37.856865,18.46745,48.34410289136394,2022-01-22
c0439,37.856865,18.46745,49.58932531698385,2022-01-23
c0439,37.856865,18.46745,46.622821979563014,2022-01-24
c0439,37.856865,18.46745,53.66297284894099,2022-01-25
c0439,37.856865,18.46745,54.75866366943985,2022-01-26
c0439,37.856865,18.46745,56.800390351744525,2022-01-27
c0439,37.856865,18.46745,51.25082275944268,2022-01-28
c0439,37.856865,18.46745,57.80769568708095,2022-01-29
c0439,37.856865,18.46745,49.99183591810896,2022-01-30
c0439,37.856865,18.46745,48.71957267066979,2022-01-31
c0439,37.856865,18.46745,46.91770329026115,2022-02-01
c0439,37.856865,18.46745,65.31094872258238,2022-02-02
c0439,37.856865,18.46745,58.71791945100492,2022-02-03
c0439,37.856865,18.46745,52.73623766817193,2022-02-04
c0439,37.856865,18.46745,55.17376446258003,2022-02-05
c0439,37.856865,18.46745,48.685366699295386,2022-02-06
c0439,37.856865,18.46745,56.461994721448114,2022-02-07
c0439,37.856865,18.46745,56.65933963181228,2022-02-08
c0439,37.856865,18.46745,55.293083824772026,2022-02-09
c0439,37.856865,18.46745,51.313621718925305,2022-02-10
c0439,37.856865,18.46745,53.09323417378355,2022-02-11
c0439,37.856865,18.46745,45.79000040631159,2022-02-12
c0439,37.856865,18.46745,47.97516729874195,2022-02-13
c0439,37.856865,18.46745,49.21487143610528,2022-02-14
c0439,37.856865,18.46745,50.18378737676095,2022-02-15
c0439,37.856865,18.46745,58.41841844809796,2022-02-16
c0439,37.856865,18.46745,57.1531160559985,2022-02-17
c0439,37.856865,18.46745,61.32631002870465,2022-02-18
c0439,37.856865,18.46745,51.741488034477825,2022-02-19
c0439,37.856865,18.46745,,2022-02-20
c0439,37.856865,18.46745,69.85153220117672,2022-02-22
c0439,37.856865,18.46745,60.5845438271474,2022-02-23
c0439,37.856865,18.46745,57.420021626770485,2022-02-24
c0439,37.856865,18.46745,65.49085028856909,2022-02-25
c0439,37.856865,18.46745,54.75729050899779,2022-02-26
c0439,37.856865,18.46745,59.102784000101906,2022-02-27
c0439,37.856865,18.46745,57.02562642193555,2022-02-28
c0439,37.856865,18.46745,47.461384953542456,2022-03-01
c0439,37.856865,18.46745,51.42739580162624,2022-03-02
c0439,37.856865,18.46745,58.77399266042814,2022-03-03
c0439,37.856865,18.46745,50.04428490514048,2022-03-04
c0439,37.856865,18.46745,47.339652113316454,2022-03-05
c0439,37.856865,18.46745,55.4407746411667,2022-03-06
c0439,37.856865,18.46745,45.72863195177619,2022-03-07
c0439,37.856865,18.46745,48.07108092312373,2022-03-08
c0439,37.856865,18.46745,52.146742628548914,2022-03-09
c0439,37.856865,18.46745,56.134227334721224,2022-03-10
c0439,37.856865,18.46745,59.599423043812045,2022-03-11
c0439,37.856865,18.46745,54.50263590016287,2022-03-12
c0439,37.856865,18.46745,58.50519273000562,2022-03-13
c0439,37.856865,18.46745,50.71608625207146,2022-03-14
c0439,37.856865,18.46745,53.02018834013996,2022-03-15
c0439,37.856865,18.46745,51.35936562681212,2022-03-16
c0439,37.856865,18.46745,53.28424381971468,2022-03-17
c0439,37.856865,18.46745,52.401744411101674,2022-03-18
c0439,37.856865,18.46745,46.37322847595111,2022-03-19
c0439,37.856865,18.46745,42.190225559534795,2022-03-20
c0439,37.856865,18.46745,58.49701134584697,2022-03-21
c0439,37.856865,18.46745,65.42215149109516,2022-03-22
c0439,37.856865,18.46745,63.8799201630353,2022-03-23
c0439,37.856865,18.46745,67.20195933399728,2022-03-24
c0439,37.856865,18.46745,58.49274206848986,2022-03-25
c0439,37.856865,18.46745,54.17920344175186,2022-03-26
c0439,37.856865,18.46745,51.737077440185736,2022-03-27
c0439,37.856865,18.46745,52.815918438080345,2022-03-28
c0439,37.856865,18.46745,57.4288477788381,2022-03-29
c0439,37.856865,18.46745,52.924108345162,2022-03-30
c0439,37.856865,18.46745,44.485005528153245,2022-03-31
c0439,37.856865,18.46745,64.89884748893411,2022-04-01
c0439,37.856865,18.46745,67.30076978696488,2022-04-02
c0439,37.856865,18.46745,70.4477948672313,2022-04-03
c0439,37.856865,18.46745,56.89560080674342,2022-04-04
c0439,37.856865,18.46745,59.56407774364939,2022-04-05
c0439,37.856865,18.46745,60.831741398110374,2022-04-06
c0439,37.856865,18.46745,63.64039521156636,2022-04-07
c0439,37.856865,18.46745,64.54184423471897,2022-04-08
c0439,37.856865,18.46745,59.01103705797226,2022-04-09
c0439,37.856865,18.46745,64.18565703594486,2022-04-10
c0439,37.856865,18.46745,65.48614378158942,2022-04-11
c0439,37.856865,18.46745,57.81782254361431,2022-04-12
c0439,37.856865,18.46745,62.106247621610414,2022-04-13
c0439,37.856865,18.46745,62.89879633040104,2022-04-14
c0439,37.856865,18.46745,76.64744168848077,2022-04-15
c0439,37.856865,18.46745,60.73093504669467,2022-04-16
c0439,37.856865,18.46745,80.50568888133817,2022-04-17
c0439,37.856865,18.46745,74.39204971501044,2022-04-18
c0439,37.856865,18.46745,69.87672563216766,2022-04-19
c0439,37.856865,18.46745,70.89944162011489,2022-04-20
c0439,37.856865,18.46745,74.75143101311633,2022-04-21
c0439,37.856865,18.46745,71.59444564033005,2022-04-22
c0439,37.856865,18.46745,71.769764185638,2022-04-23
c0439,37.856865,18.46745,64.95667895684572,2022-04-24
c0439,37.856865,18.46745,66.85444012862112,2022-04-25
c0439,37.856865,18.46745,67.49172244367847,2022-04-26
c0439,37.856865,18.46745,68.01177022519343,2022-04-27
c0439,37.856865,18.46745,62.12598779004848,2022-04-28
c0439,37.856865,18.46745,63.83108431618861,2022-04-29
c0439,37.856865,18.46745,72.33219873805423,2022-04-30
c0439,37.856865,18.46745,58.95805155443608,2022-05-01
c0439,37.856865,18.46745,72.62593873713254,2022-05-02
c0439,37.856865,18.46745,67.54717463908092,2022-05-03
c0439,37.856865,18.46745,70.55779814143759,2022-05-04
c0439,37.856865,18.46745,67.32731135072765,2022-05-05
c0439,37.856865,18.46745,65.02091980344602,2022-05-06
c0439,37.856865,18.46745,69.73474094693125,2022-05-07
c0439,37.856865,18.46745,73.21418540170973,2022-05-08
c0439,37.856865,18.46745,68.84206837785607,2022-05-09
c0439,37.856865,18.46745,67.50037160378628,2022-05-10
c0439,37.856865,18.46745,70.81817920428544,2022-05-11
c0439,37.856865,18.46745,71.85791594274706,2022-05-12
c0439,37.856865,18.46745,56.28433769229745,2022-05-13
c0439,37.856865,18.46745,73.59786541457977,2022-05-14
c0439,37.856865,18.46745,74.17254867421896,2022-05-15
c0439,37.856865,18.46745,71.31897281887035,2022-05-16
c0439,37.856865,18.46745,65.08135903984962,2022-05-17
c0439,37.856865,18.46745,78.9829751544199,2022-05-18
c0439,37.856865,18.46745,71.79006225740389,2022-05-19
c0439,37.856865,18.46745,75.81109597695935,2022-05-20
c0439,37.856865,18.46745,76.94892162874592,2022-05-21
c0439,37.856865,18.46745,69.2762644938942,2022-05-22
c0439,37.856865,18.46745,71.75528716500482,2022-05-23
c0439,37.856865,18.46745,75.53846296050068,2022-05-24
c0439,37.856865,18.46745,67.24727105772078,2022-05-25
c0439,37.856865,18.46745,64.62598175821851,2022-05-26
c0439,37.856865,18.46745,62.55179774742618,2022-05-27
c0439,37.856865,18.46745,74.77390441755301,2022-05-28
c0439,37.856865,18.46745,75.71546590296906,2022-05-29
c0439,37.856865,18.46745,67.11818064012323,2022-05-30
c0439,37.856865,18.46745,67.80097259958693,2022-05-31
c0439,37.856865,18.46745,72.34522695554944,2022-06-01
c0439,37.856865,18.46745,68.20231880811687,2022-06-02
c0439,37.856865,18.46745,73.40138510623068,2022-06-03
c0439,37.856865,18.46745,59.07180314093009,2022-06-04
c0439,37.856865,18.46745,63.72373804441332,2022-06-05
c0439,37.856865,18.46745,67.76425938327849,2022-06-06
c0439,37.856865,18.46745,71.88897151952597,2022-06-07
c0439,37.856865,18.46745,70.51861185875302,2022-06-08
c0439,37.856865,18.46745,62.884078188705914,2022-06-09
c0439,37.856865,18.46745,80.45725057833987,2022-06-10
c0439,37.856865,18.46745,84.2506386737504,2022-06-11
c0439,37.856865,18.46745,76.8818807544161,2022-06-12
c0439,37.856865,18.46745,78.49982660825297,2022-06-13
c0439,37.856865,18.46745,70.37949121029844,2022-06-14
c0439,37.856865,18.46745,69.1747517326396,2022-06-15
c0439,37.856865,18.46745,73.36876282950897,2022-06-16
c0439,37.856865,18.46745,74.3137181240786,2022-06-17
c0439,37.856865,18.46745,75.45134260304044,2022-06-18
c0439,37.856865,18.46745,68.02843428654577,2022-06-19
c0439,37.856865,18.46745,69.42630487944619,2022-06-20
c0439,37.856865,18.46745,72.10772129962287,2022-06-21
c0439,37.856865,18.46745,,2022-06-22
c0439,37.856865,18.46745,61.1930630572622,2022-06-23
c0439,37.856865,18.46745,68.23375752788135,2022-06-24
c0439,37.856865,18.46745,63.70730421839689,2022-06-25
c0439,37.856865,18.46745,65.20964786086942,2022-06-26
c0439,37.856865,18.46745,66.88709296958285,2022-06-27
c0439,37.856865,18.46745,67.63129885231356,2022-06-28
c0439,37.856865,18.46745,66.9199769991827,2022-06-29
c0439,37.856865,18.46745,69.41520533605534,2022-06-30
c0439,37.856865,18.46745,65.59243619139032,2022-07-01
c0439,37.856865,18.46745,68.51149228760475,2022-07-02
c0439,37.856865,18.46745,76.25308743017281,2022-07-03
c0439,37.856865,18.46745,74.15345807562275,2022-07-04
c0439,37.856865,18.46745,73.39344827442673,2022-07-05
c0439,37.856865,18.46745,70.8681263715622,2022-07-06
c0439,37.856865,18.46745,71.25968411952034,2022-07-07
c0439,37.856865,18.46745,69.37768937230014,2022-07-08
c0439,37.856865,18.46745,73.8421914327125,2022-07-09
c0439,37.856865,18.46745,79.91916779365866,2022-07-10
c0439,37.856865,18.46745,77.14196491808471,2022-07-11
c0439,37.856865,18.46745,75.44484018229372,2022-07-12
c0439,37.856865,18.46745,78.43203160573191,2022-07-13
c0439,37.856865,18.46745,72.24089856030858,2022-07-14
c0439,37.856865,18.46745,72.32857672384083,2022-07-15
c0439,37.856865,18.46745,73.67383223555629,2022-07-16
c0439,37.856865,18.46745,72.90471194498981,2022-07-17
c0439,37.856865,18.46745,76.65525530543152,2022-07-18
c0439,37.856865,18.46745,73.58030574354942,2022-07-19
c0439,37.856865,18.46745,69.10402784084248,2022-07-20
c0439,37.856865,18.46745,74.87525722847923,2022-07-21
c0439,37.856865,18.46745,72.7915505414471,2022-07-22
c0439,37.856865,18.46745,72.54847713927091,2022-07-23
c0439,37.856865,18.46745,72.86483775293648,2022-07-24
c0439,37.856865,18.46745,69.12786029935619,2022-07-25
c0439,37.856865,18.46745,74.76397661577546,2022-07-26
c0439,37.856865,18.46745,68.58403301985864,2022-07-27
c0439,37.856865,18.46745,71.71908626882755,2022-07-28
c0439,37.856865,18.46745,67.71562173394052,2022-07-29
c0439,37.856865,18.46745,70.893136059112,2022-07-30
c0439,37.856865,18.46745,70.30363061618732,2022-07-31
c0439,37.856865,18.46745,74.45979540499611,2022-08-01
c0439,37.856865,18.46745,67.72520208855452,2022-08-02
c0439,37.856865,18.46745,71.0716499016005,2022-08-03
c0439,37.856865,18.46745,70.50621328264526,2022-08-04
c0439,37.856865,18.46745,67.99143027622114,2022-08-05
c0439,37.856865,18.46745,72.04256753328997,2022-08-06
c0439,37.856865,18.46745,74.70419727107912,2022-08-07
c0439,37.856865,18.46745,74.6340024832071,2022-08-08
c0439,37.856865,18.46745,73.62814441207449,2022-08-09
c0439,37.856865,18.46745,77.73058523304165,2022-08-10
c0439,37.856865,18.46745,74.58596871361772,2022-08-11
c0439,37.856865,18.46745,111.5405789814487,2022-08-12
c0439,37.856865,18.46745,76.6574725045228,2022-08-13
c0439,37.856865,18.46745,75.25987641983416,2022-08-14
c0439,37.856865,18.46745,73.66353273068401,2022-08-15
c0439,37.856865,18.46745,70.0396177035585,2022-08-16
c0439,37.856865,18.46745,69.52254007726945,2022-08-17
c0439,37.856865,18.46745,62.464867521932824,2022-08-18
c0439,37.856865,18.46745,67.0655974489397,2022-08-19
c0439,37.856865,18.46745,70.7664636988428,2022-08-20
c0439,37.856865,18.46745,67.30359699361141,2022-08-21
c0439,37.856865,18.46745,73.95605687092115,2022-08-22
c0439,37.856865,18.46745,78.12212101906618,2022-08-23
c0439,37.856865,18.46745,78.18794667003084,2022-08-24
c0439,37.856865,18.46745,90.57643576213344,2022-08-25
c0439,37.856865,18.46745,70.48735694300697,2022-08-26
c0439,37.856865,18.46745,69.83962052814985,2022-08-27
c0439,37.856865,18.46745,65.0558744781822,2022-08-28
c0439,37.856865,18.46745,65.80814940049726,2022-08-29
c0439,37.856865,18.46745,71.24242768917719,2022-08-31
c0439,37.856865,18.46745,66.02585214760995,2022-09-01
c0439,37.856865,18.46745,67.28705347330961,2022-09-02
c0439,37.856865,18.46745,74.5058048845653,2022-09-03
c0439,37.856865,18.46745,62.16711670056059,2022-09-04
c0439,37.856865,18.46745,65.51846492700844,2022-09-05
c0439,37.856865,18.46745,65.72441002758009,2022-09-06
c0439,37.856865,18.46745,72.72007029363051,2022-09-07
c0439,37.856865,18.46745,60.584137604964425,2022-09-08
c0439,37.856865,18.46745,57.85226324474324,2022-09-09
c0439,37.856865,18.46745,62.85771344114511,2022-09-10
c0439,37.856865,18.46745,61.464654143448,2022-09-11
c0439,37.856865,18.46745,65.63704922158198,2022-09-12
c0439,37.856865,18.46745,64.41629723822412,2022-09-13
c0439,37.856865,18.46745,69.28220644916969,2022-09-14
c0439,37.856865,18.46745,62.94965722503172,2022-09-15
c0439,37.856865,18.46745,61.9764859489416,2022-09-16
c0439,37.856865,18.46745,60.87479717889754,2022-09-17
c0439,37.856865,18.46745,60.01391052822798,2022-09-18
c0439,37.856865,18.46745,56.61397903051899,2022-09-19
c0439,37.856865,18.46745,60.74117868023813,2022-09-20
c0439,37.856865,18.46745,61.78576357286502,2022-09-21
c0439,37.856865,18.46745,55.537570287687906,2022-09-22
c0439,37.856865,18.46745,64.11603817440138,2022-09-23
c0439,37.856865,18.46745,,2022-09-24
c0439,37.856865,18.46745,51.51170360096801,2022-09-25
c0439,37.856865,18.46745,52.79604689661897,2022-09-26
c0439,37.856865,18.46745,48.61113935738029,2022-09-27
c0439,37.856865,18.46745,62.60223694501118,2022-09-28
c0439,37.856865,18.46745,60.4231893100133,2022-09-29
c0439,37.856865,18.46745,61.60089411133025,2022-09-30
c0439,37.856865,18.46745,64.73258629564164,2022-10-01
c0439,37.856865,18.46745,62.15585931493769,2022-10-02
c0439,37.856865,18.46745,57.0243128227807,2022-10-03
c0439,37.856865,18.46745,60.40129196023657,2022-10-04
c0439,37.856865,18.46745,66.07516968135386,2022-10-05
c0439,37.856865,18.46745,54.55786438357672,2022-10-06
c0439,37.856865,18.46745,61.328857159268374,2022-10-07
c0439,37.856865,18.46745,63.20481628240212,2022-10-08
c0439,37.856865,18.46745,60.951126833218,2022-10-09
c0439,37.856865,18.46745,61.002668802652096,2022-10-10
c0439,37.856865,18.46745,60.18224195174616,2022-10-11
c0439,37.856865,18.46745,57.998737355632755,2022-10-12
c0439,37.856865,18.46745,71.29652819540901,2022-10-13
c0439,37.856865,18.46745,55.575794789079936,2022-10-14
c0439,37.856865,18.46745,55.061720157948976,2022-10-15
c0439,37.856865,18.46745,59.07770881917225,2022-10-16
c0439,37.856865,18.46745,56.91341777653316,2022-10-17
c0439,37.856865,18.46745,59.841772396261334,2022-10-18
c0439,37.856865,18.46745,57.11976036119352,2022-10-19
c0439,37.856865,18.46745,57.03604603585754,2022-10-20
c0439,37.856865,18.46745,63.402407535139375,2022-10-21
c0439,37.856865,18.46745,57.38611557696007,2022-10-22
c0439,37.856865,18.46745,59.20154877739984,2022-10-23
c0439,37.856865,18.46745,57.256012802396576,2022-10-24
c0439,37.856865,18.46745,53.55178809002258,2022-10-25
c0439,37.856865,18.46745,49.24233665407453,2022-10-26
c0439,37.856865,18.46745,51.73573981463448,2022-10-27
c0439,37.856865,18.46745,51.42621045635705,2022-10-28
c0439,37.856865,18.46745,60.76107748175366,2022-10-29
c0439,37.856865,18.46745,58.044914200055686,2022-10-30
c0439,37.856865,18.46745,54.56119795659459,2022-10-31
c0439,37.856865,18.46745,54.963536599207195,2022-11-01
c0439,37.856865,18.46745,51.0394992094076,2022-11-02
c0439,37.856865,18.46745,49.2805017819822,2022-11-03
c0439,37.856865,18.46745,45.73403975692158,2022-11-04
c0439,37.856865,18.46745,65.97309805478857,2022-11-05
c0439,37.856865,18.46745,56.89737045454857,2022-11-06
c0439,37.856865,18.46745,51.3278843695597,2022-11-07
c0439,37.856865,18.46745,57.635540216699965,2022-11-08
c0439,37.856865,18.46745,55.12617120480292,2022-11-09
c0439,37.856865,18.46745,49.78021535217049,2022-11-10
c0439,37.856865,18.46745,46.00548142661581,2022-11-11
c0439,37.856865,18.46745,57.27316627103112,2022-11-12
c0439,37.856865,18.46745,81.07249704521527,2022-11-13
c0439,37.856865,18.46745,53.41073503490934,2022-11-14
c0439,37.856865,18.46745,56.33213682078773,2022-11-15
c0439,37.856865,18.46745,,2022-11-16
c0439,37.856865,18.46745,56.76869035950566,2022-11-17
c0439,37.856865,18.46745,51.550141296128025,2022-11-18
c0439,37.856865,18.46745,60.649302224050395,2022-11-19
c0439,37.856865,18.46745,57.33111587496969,2022-11-20
c0439,37.856865,18.46745,50.19812577460293,2022-11-21
c0439,37.856865,18.46745,44.657294616394445,2022-11-22
c0439,37.856865,18.46745,58.415054464567376,2022-11-23
c0439,37.856865,18.46745,56.332213830276515,2022-11-24
c0439,37.856865,18.46745,57.96411113092663,2022-11-25
c0439,37.856865,18.46745,98.56921827830868,2022-11-26
c0439,37.856865,18.46745,77.68162913206928,2022-11-27
c0439,37.856865,18.46745,40.66433248362048,2022-11-28
c0439,37.856865,18.46745,41.79508300490897,2022-11-29
c0439,37.856865,18.46745,37.41716032570441,2022-11-30
c0439,37.856865,18.46745,59.38453577009588,2022-12-01
c0439,37.856865,18.46745,43.649609517601625,2022-12-02
c0439,37.856865,18.46745,60.38679188707783,2022-12-03
c0439,37.856865,18.46745,62.68542754976644,2022-12-04
c0439,37.856865,18.46745,49.33067802542152,2022-12-05
c0439,37.856865,18.46745,54.98965403175126,2022-12-06
c0439,37.856865,18.46745,52.78038427014001,2022-12-07
c0439,37.856865,18.46745,54.791466808557935,2022-12-08
c0439,37.856865,18.46745,70.72857938757551,2022-12-09
c0439,37.856865,18.46745,52.42556810982284,2022-12-10
c0439,37.856865,18.46745,53.969746226598225,2022-12-11
c0439,37.856865,18.46745,68.3983214651519,2022-12-12
c0439,37.856865,18.46745,71.45464237864462,2022-12-13
c0439,37.856865,18.46745,67.77948485316347,2022-12-14
c0439,37.856865,18.46745,48.40810438000189,2022-12-15
c0439,37.856865,18.46745,40.35107516075575,2022-12-16
c0439,37.856865,18.46745,57.85627883757134,2022-12-17
c0439,37.856865,18.46745,42.384303966402,2022-12-18
c0439,37.856865,18.46745,42.22861833711539,2022-12-19
c0439,37.856865,18.46745,49.129471730158286,2022-12-20
c0439,37.856865,18.46745,49.720175972762064,2022-12-21
c0439,37.856865,18.46745,45.59246721852539,2022-12-22
c0439,37.856865,18.46745,56.29574047175942,2022-12-23
c0439,37.856865,18.46745,64.7721264255523,2022-12-24
c0439,37.856865,18.46745,53.04803647059616,2022-12-25
c0439,37.856865,18.46745,51.859130361613474,2022-12-26
c0439,37.856865,18.46745,56.237220878747145,2022-12-27
c0439,37.856865,18.46745,38.319557611448865,2022-12-28
c0439,37.856865,18.46745,37.10685505035079,2022-12-29
c0439,37.856865,18.46745,41.78203033014673,2022-12-30
c0439,37.856865,18.46745,44.11269270546247,2022-12-31
c0439,37.856865,18.46745,41.50385789460081,2023-01-01
c0439,37.856865,18.46745,46.289323391269754,2023-01-02
c0439,37.856865,18.46745,52.07090261507916,2023-01-03
c0439,37.856865,18.46745,44.56243980843205,2023-01-04
c0439,37.856865,18.46745,45.640922569956295,2023-01-05
c0439,37.856865,18.46745,50.34106218058246,2023-01-06
c0439,37.856865,18.46745,51.90558511911061,2023-01-07
c0439,37.856865,18.46745,49.96529074759899,2023-01-08
c0439,37.856865,18.46745,49.34711724399098,2023-01-09
c0439,37.856865,18.46745,55.05919825712565,2023-01-10
c0439,37.856865,18.46745,58.039790792525906,2023-01-11
c0439,37.856865,18.46745,56.313746248776035,2023-01-12
c0439,37.856865,18.46745,56.70019159503739,2023-01-13
c0439,37.856865,18.46745,47.81213623154884,2023-01-14
c0439,37.856865,18.46745,52.13706289452983,2023-01-15
c0439,37.856865,18.46745,59.164449437454664,2023-01-16
c0439,37.856865,18.46745,65.93876926076685,2023-01-18
c0439,37.856865,18.46745,59.29684365807883,2023-01-19
c0439,37.856865,18.46745,55.23242031281882,2023-01-20
c0439,37.856865,18.46745,54.05376136249853,2023-01-21
c0439,37.856865,18.46745,55.349264965670166,2023-01-22
c0439,37.856865,18.46745,42.47770370433382,2023-01-23
c0439,37.856865,18.46745,47.98929344119995,2023-01-24
c0439,37.856865,18.46745,48.52753478359137,2023-01-25
c0439,37.856865,18.46745,48.432129384540445,2023-01-26
c0439,37.856865,18.46745,61.75782631663214,2023-01-27
c0439,37.856865,18.46745,70.44891636710446,2023-01-28
c0439,37.856865,18.46745,56.09876329528237,2023-01-29
c0439,37.856865,18.46745,55.20758246372026,2023-01-30
c0439,37.856865,18.46745,58.850478484860794,2023-01-31
c0439,37.856865,18.46745,57.839555933848786,2023-02-01
c0439,37.856865,18.46745,53.88994040727089,2023-02-02
c0439,37.856865,18.46745,93.09330616936256,2023-02-03
c0439,37.856865,18.46745,62.32182796094356,2023-02-04
c0439,37.856865,18.46745,55.084496541526974,2023-02-05
c0439,37.856865,18.46745,43.456218768737024,2023-02-06
c0439,37.856865,18.46745,47.84450944350578,2023-02-07
c0439,37.856865,18.46745,44.14158734554755,2023-02-08
c0439,37.856865,18.46745,66.25280489076967,2023-02-09
c0439,37.856865,18.46745,60.963834514687605,2023-02-10
c0439,37.856865,18.46745,55.09243786726176,2023-02-11
c0439,37.856865,18.46745,60.5958017362465,2023-02-12
c0439,37.856865,18.46745,49.31024359194289,2023-02-13
c0439,37.856865,18.46745,46.867618990508376,2023-02-14
c0439,37.856865,18.46745,49.4512235124674,2023-02-15
c0439,37.856865,18.46745,46.58583134818691,2023-02-16
c0439,37.856865,18.46745,54.76575973646197,2023-02-17
c0439,37.856865,18.46745,50.08440376474248,2023-02-18
c0439,37.856865,18.46745,60.615307402328014,2023-02-19
c0439,37.856865,18.46745,41.192923855887024,2023-02-20
c0439,37.856865,18.46745,44.99035581530888,2023-02-21
c0439,37.856865,18.46745,40.98341564558405,2023-02-22
c0439,37.856865,18.46745,47.418403814306075,2023-02-23
c0439,37.856865,18.46745,46.40468459447213,2023-02-24
c0439,37.856865,18.46745,42.28297374697431,2023-02-25
c0439,37.856865,18.46745,58.215924667507245,2023-02-26
c0439,37.856865,18.46745,54.15545160000549,2023-02-27
c0439,37.856865,18.46745,58.32983876548972,2023-02-28
c0439,37.856865,18.46745,53.48841702209771,2023-03-01
c0439,37.856865,18.46745,51.74246303707419,2023-03-02
c0439,37.856865,18.46745,54.09656888540015,2023-03-03
c0439,37.856865,18.46745,63.556914894118286,2023-03-04
c0439,37.856865,18.46745,60.591189501766486,2023-03-05
c0439,37.856865,18.46745,63.66149046011996,2023-03-06
c0439,37.856865,18.46745,65.46523877106948,2023-03-07
c0439,37.856865,18.46745,58.93200567385801,2023-03-08
c0439,37.856865,18.46745,62.75787480326116,2023-03-09
c0439,37.856865,18.46745,46.98450008483189,2023-03-10
c0439,37.856865,18.46745,49.80406698991475,2023-03-11
c0439,37.856865,18.46745,59.23645581058663,2023-03-12
c0439,37.856865,18.46745,63.53555629522828,2023-03-13
c0439,37.856865,18.46745,65.51437652626517,2023-03-14
c0439,37.856865,18.46745,57.81867092463163,2023-03-15
c0439,37.856865,18.46745,77.26640900866393,2023-03-16
c0439,37.856865,18.46745,64.31602602889807,2023-03-17
c0439,37.856865,18.46745,63.9906797586261,2023-03-18
c0439,37.856865,18.46745,57.43220128957177,2023-03-19
c0439,37.856865,18.46745,67.89968877685467,2023-03-20
c0439,37.856865,18.46745,67.49699287126097,2023-03-21
c0439,37.856865,18.46745,62.5466023498312,2023-03-22
c0439,37.856865,18.46745,63.10396123544795,2023-03-23
c0439,37.856865,18.46745,64.45709071237908,2023-03-24
c0439,37.856865,18.46745,66.49974601425711,2023-03-25
c0439,37.856865,18.46745,70.46871569438635,2023-03-26
c0439,37.856865,18.46745,68.29226976704543,2023-03-27
c0439,37.856865,18.46745,71.49788257647879,2023-03-28
c0439,37.856865,18.46745,68.0614195929869,2023-03-29
c0439,37.856865,18.46745,67.27840811214824,2023-03-30
c0439,37.856865,18.46745,67.3399917168691,2023-03-31
c0439,37.856865,18.46745,69.8280138335526,2023-04-01
c0439,37.856865,18.46745,67.60066330396728,2023-04-02
c0439,37.856865,18.46745,75.25739156851793,2023-04-03
c0439,37.856865,18.46745,77.31827247917984,2023-04-04
c0439,37.856865,18.46745,69.25934410493882,2023-04-05
c0439,37.856865,18.46745,73.76681486357002,2023-04-06
c0439,37.856865,18.46745,69.86591387687638,2023-04-07
c0439,37.856865,18.46745,71.72551769978614,2023-04-08
c0439,37.856865,18.46745,76.26376280326292,2023-04-09
c0439,37.856865,18.46745,63.025746609402496,2023-04-10
c0439,37.856865,18.46745,74.27452835615976,2023-04-11
c0439,37.856865,18.46745,75.15975763561764,2023-04-12
c0439,37.856865,18.46745,71.64396900438608,2023-04-13
c0439,37.856865,18.46745,58.817296966745396,2023-04-14
c0439,37.856865,18.46745,63.04349540878478,2023-04-15
c0439,37.856865,18.46745,92.62958192960888,2023-04-16
c0439,37.856865,18.46745,73.76884526083833,2023-04-17
c0439,37.856865,18.46745,76.93805674418506,2023-04-18
c0439,37.856865,18.46745,78.17324368087148,2023-04-19
c0439,37.856865,18.46745,71.21902501806852,2023-04-20
c0439,37.856865,18.46745,72.60182534941423,2023-04-21
c0439,37.856865,18.46745,81.2174806975249,2023-04-22
c0439,37.856865,18.46745,73.59025812119768,2023-04-23
c0439,37.856865,18.46745,79.3351890123555,2023-04-24
c0439,37.856865,18.46745,75.03580418223173,2023-04-25
c0439,37.856865,18.46745,77.57937055749916,2023-04-26
c0439,37.856865,18.46745,69.45166131003019,2023-04-27
c0439,37.856865,18.46745,67.65507844011536,2023-04-28
c0439,37.856865,18.46745,70.9860665063789,2023-04-29
c0439,37.856865,18.46745,62.10400198383593,2023-04-30
c0439,37.856865,18.46745,72.71935222987979,2023-05-01
c0439,37.856865,18.46745,61.076884163873984,2023-05-02
c0439,37.856865,18.46745,66.58537979014743,2023-05-03
c0439,37.856865,18.46745,73.7679155537003,2023-05-04
c0439,37.856865,18.46745,75.91868098071755,2023-05-05
c0439,37.856865,18.46745,75.46926574957574,2023-05-06
c0439,37.856865,18.46745,77.68447541283417,2023-05-07
c0439,37.856865,18.46745,74.20014747244758,2023-05-08
c0439,37.856865,18.46745,54.57964156506142,2023-05-09
c0439,37.856865,18.46745,77.60985863322476,2023-05-10
c0439,37.856865,18.46745,79.33473575891675,2023-05-11
c0439,37.856865,18.46745,67.78998274553024,2023-05-12
c0439,37.856865,18.46745,50.08482551679513,2023-05-13
c0439,37.856865,18.46745,55.76267871810761,2023-05-14
c0439,37.856865,18.46745,68.77474619188186,2023-05-15
c0439,37.856865,18.46745,75.9530293910047,2023-05-16
c0439,37.856865,18.46745,83.83775816424297,2023-05-17
c0439,37.856865,18.46745,81.1196218018094,2023-05-18
c0439,37.856865,18.46745,79.09250132334812,2023-05-19
c0439,37.856865,18.46745,75.50087434584755,2023-05-20
c0439,37.856865,18.46745,73.11847757059199,2023-05-21
c0439,37.856865,18.46745,73.00036090026185,2023-05-22
c0439,37.856865,18.46745,80.2486201813454,2023-05-23
c0439,37.856865,18.46745,80.84120948566812,2023-05-24
c0439,37.856865,18.46745,75.36784764868882,2023-05-25
c0439,37.856865,18.46745,80.1411146423746,2023-05-26
c0439,37.856865,18.46745,85.67045869074862,2023-05-27
c0439,37.856865,18.46745,82.89429721281866,2023-05-28
c0439,37.856865,18.46745,81.35782180740038,2023-05-29
c0439,37.856865,18.46745,75.54253826066346,2023-05-30
c0439,37.856865,18.46745,75.80765483094572,2023-05-31
c0439,37.856865,18.46745,74.53224961160478,2023-06-01
c0439,37.856865,18.46745,78.96749881034461,2023-06-02
c0439,37.856865,18.46745,76.85609142497488,2023-06-03
c0439,37.856865,18.46745,75.38143198980075,2023-06-04
c0439,37.856865,18.46745,70.26773094468282,2023-06-05
c0439,37.856865,18.46745,66.49379039209735,2023-06-06
c0439,37.856865,18.46745,65.91350699564263,2023-06-07
c0439,37.856865,18.46745,75.74760553525256,2023-06-08
c0439,37.856865,18.46745,77.54151195925729,2023-06-09
c0439,37.856865,18.46745,71.23921290393356,2023-06-10
c0439,37.856865,18.46745,79.37070594104514,2023-06-11
c0439,37.856865,18.46745,80.19548501947709,2023-06-12
c0439,37.856865,18.46745,80.97509448931497,2023-06-13
c0439,37.856865,18.46745,78.09159278791002,2023-06-14
c0439,37.856865,18.46745,64.55134373963129,2023-06-15
c0439,37.856865,18.46745,83.0491573151932,2023-06-16
c0439,37.856865,18.46745,84.08150245998839,2023-06-17
c0439,37.856865,18.46745,78.56785346116219,2023-06-18
c0439,37.856865,18.46745,78.72723972169375,2023-06-19
c0439,37.856865,18.46745,82.88746932323318,2023-06-20
c0439,37.856865,18.46745,78.42146631473189,2023-06-21
c0439,37.856865,18.46745,79.02852973403871,2023-06-22
c0439,37.856865,18.46745,73.01701686936053,2023-06-23
c0439,37.856865,18.46745,74.29806586450114,2023-06-24
c0439,37.856865,18.46745,85.42155667664657,2023-06-25
c0439,37.856865,18.46745,74.40982401815741,2023-06-26
c0439,37.856865,18.46745,84.37543743684179,2023-06-27
c0439,37.856865,18.46745,81.6089880350815,2023-06-28
c0439,37.856865,18.46745,84.8379392106873,2023-06-29
c0439,37.856865,18.46745,77.59049688246661,2023-06-30
c0439,37.856865,18.46745,74.03488052617381,2023-07-01
c0439,37.856865,18.46745,79.52038364713958,2023-07-02
c0439,37.856865,18.46745,81.02617937275645,2023-07-03
c0439,37.856865,18.46745,76.18510238985445,2023-07-04
c0439,37.856865,18.46745,79.23921518899253,2023-07-05
c0439,37.856865,18.46745,75.49516658423289,2023-07-06
c0439,37.856865,18.46745,74.54879463733734,2023-07-07
c0439,37.856865,18.46745,77.01743271389076,2023-07-08
c0439,37.856865,18.46745,73.38887865661736,2023-07-09
c0439,37.856865,18.46745,76.96162782656967,2023-07-10
c0439,37.856865,18.46745,76.20244945692735,2023-07-11
c0439,37.856865,18.46745,76.50460516786852,2023-07-12
c0439,37.856865,18.46745,75.45498659427088,2023-07-13
c0439,37.856865,18.46745,74.53818578770664,2023-07-14
c0439,37.856865,18.46745,74.5803839802758,2023-07-15
c0439,37.856865,18.46745,75.80140826580805,2023-07-16
c0439,37.856865,18.46745,70.90535652695227,2023-07-17
c0439,37.856865,18.46745,76.94707503933576,2023-07-18
c0439,37.856865,18.46745,71.27863779095328,2023-07-20
c0439,37.856865,18.46745,73.43214184040444,2023-07-21
c0439,37.856865,18.46745,70.9819561233105,2023-07-22
c0439,37.856865,18.46745,68.09033468186094,2023-07-23
c0439,37.856865,18.46745,71.0534058203281,2023-07-24
c0439,37.856865,18.46745,70.9144375668193,2023-07-25
c0439,37.856865,18.46745,71.50684769307927,2023-07-26
c0439,37.856865,18.46745,79.44242244144472,2023-07-27
c0439,37.856865,18.46745,72.41908533230607,2023-07-28
c0439,37.856865,18.46745,79.92668079508772,2023-07-29
c0439,37.856865,18.46745,77.57318303197121,2023-07-30
c0439,37.856865,18.46745,78.53529511001412,2023-07-31
c0439,37.856865,18.46745,74.55986758640297,2023-08-01
c0439,37.856865,18.46745,73.56839520569521,2023-08-02
c0439,37.856865,18.46745,75.05713498760004,2023-08-03
c0439,37.856865,18.46745,73.06235779601259,2023-08-04
c0439,37.856865,18.46745,74.95177932143223,2023-08-05
c0439,37.856865,18.46745,75.10164704992305,2023-08-06
c0439,37.856865,18.46745,79.56178567086172,2023-08-07
c0439,37.856865,18.46745,72.80338318942395,2023-08-10
c0439,37.856865,18.46745,74.3373333085684,2023-08-11
c0439,37.856865,18.46745,74.89971345429464,2023-08-12
c0439,37.856865,18.46745,73.77618884214392,2023-08-13
c0439,37.856865,18.46745,81.39140205231841,2023-08-14
c0439,37.856865,18.46745,,2023-08-15
c0439,37.856865,18.46745,76.97159240965468,2023-08-16
c0439,37.856865,18.46745,77.5208217608962,2023-08-17
c0439,37.856865,18.46745,74.24490319319882,2023-08-18
c0439,37.856865,18.46745,74.1086566108557,2023-08-19
c0439,37.856865,18.46745,78.49584103112957,2023-08-20
c0439,37.856865,18.46745,80.68900153889633,2023-08-21
c0439,37.856865,18.46745,92.95889725678992,2023-08-22
c0439,37.856865,18.46745,86.7935733936917,2023-08-23
c0439,37.856865,18.46745,76.98127987618291,2023-08-24
c0439,37.856865,18.46745,75.09855331583594,2023-08-25
c0439,37.856865,18.46745,76.90702992665501,2023-08-26
c0439,37.856865,18.46745,81.68898075613042,2023-08-27
c0439,37.856865,18.46745,71.35161143099707,2023-08-28
c0439,37.856865,18.46745,69.47443995771741,2023-08-29
c0439,37.856865,18.46745,68.48718559649686,2023-08-30
c0439,37.856865,18.46745,66.8577781896055,2023-08-31
c0439,37.856865,18.46745,68.43435296668089,2023-09-01
c0439,37.856865,18.46745,75.46538036722623,2023-09-02
c0439,37.856865,18.46745,68.22010793355214,2023-09-03
c0439,37.856865,18.46745,70.06946612216326,2023-09-04
c0439,37.856865,18.46745,113.65411632607766,2023-09-05
c0439,37.856865,18.46745,80.70821030255176,2023-09-06
c0439,37.856865,18.46745,104.73515925408812,2023-09-07
c0439,37.856865,18.46745,52.29690915357221,2023-09-08
c0439,37.856865,18.46745,66.28723097727824,2023-09-09
c0439,37.856865,18.46745,70.49308146479044,2023-09-10
c0439,37.856865,18.46745,73.85485395095839,2023-09-11
c0439,37.856865,18.46745,75.35692877725721,2023-09-12
c0439,37.856865,18.46745,70.43676331148414,2023-09-13
c0439,37.856865,18.46745,58.70779839723511,2023-09-14
c0439,37.856865,18.46745,65.79342416589088,2023-09-15
c0439,37.856865,18.46745,62.231713889439405,2023-09-16
c0439,37.856865,18.46745,80.68006097616035,2023-09-17
c0439,37.856865,18.46745,67.62301475941301,2023-09-18
c0439,37.856865,18.46745,60.08785444909186,2023-09-19
c0439,37.856865,18.46745,60.79628745954654,2023-09-20
c0439,37.856865,18.46745,57.706443891310414,2023-09-21
c0439,37.856865,18.46745,57.41018794786817,2023-09-22
c0439,37.856865,18.46745,60.70985191372856,2023-09-23
c0439,37.856865,18.46745,64.93506973522001,2023-09-24
c0439,37.856865,18.46745,64.13184430121538,2023-09-25
c0439,37.856865,18.46745,86.13617617797895,2023-09-26
c0439,37.856865,18.46745,118.29156459744364,2023-09-27
c0439,37.856865,18.46745,70.98038422069172,2023-09-28
c0439,37.856865,18.46745,77.34416708641423,2023-09-29
c0439,37.856865,18.46745,75.23473733670247,2023-09-30
c0439,37.856865,18.46745,71.5264535917435,2023-10-01
c0439,37.856865,18.46745,70.1739497955616,2023-10-02
c0439,37.856865,18.46745,72.7845279468005,2023-10-03
c0439,37.856865,18.46745,63.927508544791145,2023-10-04
c0439,37.856865,18.46745,68.11790432058064,2023-10-05
c0439,37.856865,18.46745,66.31198930445221,2023-10-06
c0439,37.856865,18.46745,61.50859043714634,2023-10-07
c0439,37.856865,18.46745,62.5796614949745,2023-10-08
c0439,37.856865,18.46745,60.95808779761739,2023-10-09
c0439,37.856865,18.46745,61.7498897218491,2023-10-10
c0439,37.856865,18.46745,60.691269974695615,2023-10-11
c0439,37.856865,18.46745,63.2861415458142,2023-10-12
c0439,37.856865,18.46745,56.50591110527364,2023-10-13
c0439,37.856865,18.46745,58.11166093746424,2023-10-14
c0439,37.856865,18.46745,59.5625473472296,2023-10-15
c0439,37.856865,18.46745,58.07964556237029,2023-10-16
c0439,37.856865,18.46745,66.04639982230151,2023-10-17
c0439,37.856865,18.46745,60.355688705982466,2023-10-18
c0439,37.856865,18.46745,61.155144996269854,2023-10-19
c0439,37.856865,18.46745,57.781218315496176,2023-10-20
c0439,37.856865,18.46745,61.38735442369101,2023-10-21
c0439,37.856865,18.46745,62.52636003682128,2023-10-22
c0439,37.856865,18.46745,55.95926604950883,2023-10-23
c0439,37.856865,18.46745,56.72462579963546,2023-10-24
c0439,37.856865,18.46745,47.82825200978873,2023-10-25
c0439,37.856865,18.46745,53.02031163620069,2023-10-26
c0439,37.856865,18.46745,53.715755724691654,2023-10-27
c0439,37.856865,18.46745,53.2036249463563,2023-10-28
c0439,37.856865,18.46745,67.56013070536328,2023-10-29
c0439,37.856865,18.46745,62.16053840466702,2023-10-30
c0439,37.856865,18.46745,57.22454206906677,2023-10-31
c0439,37.856865,18.46745,57.958776295724576,2023-11-01
c0439,37.856865,18.46745,53.529893680383346,2023-11-02
c0439,37.856865,18.46745,48.96915620874488,2023-11-03
c0439,37.856865,18.46745,60.09229330469657,2023-11-04
c0439,37.856865,18.46745,54.82148115008675,2023-11-05
c0439,37.856865,18.46745,56.07940516359597,2023-11-06
c0439,37.856865,18.46745,46.40217544110224,2023-11-07
c0439,37.856865,18.46745,47.04006885524236,2023-11-08
c0439,37.856865,18.46745,44.23943609168833,2023-11-09
c0439,37.856865,18.46745,53.02293978124981,2023-11-10
c0439,37.856865,18.46745,30.974143078929448,2023-11-11
c0439,37.856865,18.46745,47.255123510514856,2023-11-12
c0439,37.856865,18.46745,54.41140718061489,2023-11-13
c0439,37.856865,18.46745,54.76366303272054,2023-11-14
c0439,37.856865,18.46745,54.75782602977258,2023-11-15
c0439,37.856865,18.46745,54.61881308399078,2023-11-16
c0439,37.856865,18.46745,61.279825543391624,2023-11-17
c0439,37.856865,18.46745,55.29263695494325,2023-11-18
c0439,37.856865,18.46745,57.01214465832596,2023-11-19
c0439,37.856865,18.46745,46.749653847488965,2023-11-20
c0439,37.856865,18.46745,44.779170486147414,2023-11-21
c0439,37.856865,18.46745,50.69913310225033,2023-11-23
c0439,37.856865,18.46745,69.93398299257274,2023-11-24
c0439,37.856865,18.46745,52.64353147833019,2023-11-25
c0439,37.856865,18.46745,63.78176803425627,2023-11-26
c0439,37.856865,18.46745,61.738436355346586,2023-11-27
c0439,37.856865,18.46745,62.86166966686722,2023-11-28
c0439,37.856865,18.46745,59.16865402239497,2023-11-29
c0439,37.856865,18.46745,51.20461776006687,2023-11-30
c0439,37.856865,18.46745,47.19361301841497,2023-12-01
c0439,37.856865,18.46745,54.57460246068834,2023-12-02
c0439,37.856865,18.46745,41.24570807125546,2023-12-03
c0439,37.856865,18.46745,50.020102754794856,2023-12-04
c0439,37.856865,18.46745,53.78022639501346,2023-12-05
c0439,37.856865,18.46745,42.36492941455118,2023-12-06
c0439,37.856865,18.46745,40.63744456733587,2023-12-07
c0439,37.856865,18.46745,44.925173586599854,2023-12-08
c0439,37.856865,18.46745,27.45357032901497,2023-12-09
c0439,37.856865,18.46745,30.422343109113857,2023-12-10
c0439,37.856865,18.46745,45.88589335031949,2023-12-11
c0439,37.856865,18.46745,33.57612728216931,2023-12-12
c0439,37.856865,18.46745,67.68462387200425,2023-12-13
c0439,37.856865,18.46745,82.61442816885955,2023-12-14
c0439,37.856865,18.46745,54.930809064332955,2023-12-15
c0439,37.856865,18.46745,59.28606211084492,2023-12-16
c0439,37.856865,18.46745,50.10660351449456,2023-12-17
c0439,37.856865,18.46745,47.66134993355784,2023-12-18
c0439,37.856865,18.46745,47.04675484517332,2023-12-19
c0439,37.856865,18.46745,52.922903339602534,2023-12-20
c0439,37.856865,18.46745,46.077324279398226,2023-12-21
c0439,37.856865,18.46745,57.44876382390053,2023-12-22
c0439,37.856865,18.46745,57.02468291668221,2023-12-23
c0439,37.856865,18.46745,63.64887546533946,2023-12-24
c0439,37.856865,18.46745,50.97626793447326,2023-12-25
c0439,37.856865,18.46745,48.39052534862756,2023-12-26
c0439,37.856865,18.46745,54.10870485635106,2023-12-27
c0439,37.856865,18.46745,44.247177045337885,2023-12-28
c0439,37.856865,18.46745,39.21058356094247,2023-12-29
c0439,37.856865,18.46745,35.400329043656264,2023-12-30
c0439,37.856865,18.46745,33.85068462824697,2023-12-31
c0439,37.856865,18.46745,42.9063273830416,2024-01-01
c0439,37.856865,18.46745,39.34036395398689,2024-01-02
c0439,37.856865,18.46745,27.354249067592924,2024-01-03
c0439,37.856865,18.46745,35.71945556258102,2024-01-04
c0439,37.856865,18.46745,56.803660298791534,2024-01-05
c0439,37.856865,18.46745,39.50481808857859,2024-01-06
c0439,37.856865,18.46745,58.35449386076242,2024-01-07
c0439,37.856865,18.46745,46.57804652958061,2024-01-08
c0439,37.856865,18.46745,43.65605129605444,2024-01-09
c0439,37.856865,18.46745,49.629663278998855,2024-01-10
c0439,37.856865,18.46745,40.19791891035708,2024-01-11
c0439,37.856865,18.46745,37.61132829206552,2024-01-12
c0439,37.856865,18.46745,40.71433433310755,2024-01-13
c0439,37.856865,18.46745,42.71872991791613,2024-01-14
c0439,37.856865,18.46745,,2024-01-15
c0439,37.856865,18.46745,56.458917330370525,2024-01-16
c0439,37.856865,18.46745,37.86041836799599,2024-01-17
c0439,37.856865,18.46745,59.37616459407188,2024-01-18
c0439,37.856865,18.46745,19.774602179136732,2024-01-19
c0439,37.856865,18.46745,29.19021131280073,2024-01-20
c0439,37.856865,18.46745,39.6470767331635,2024-01-21
c0439,37.856865,18.46745,26.174172331868675,2024-01-22
c0439,37.856865,18.46745,35.52308347292451,2024-01-23
c0439,37.856865,18.46745,39.54705697976283,2024-01-24
c0439,37.856865,18.46745,50.88533661719384,2024-01-25
c0439,37.856865,18.46745,47.565319206718975,2024-01-26
c0439,37.856865,18.46745,51.62537335929666,2024-01-27
c0439,37.856865,18.46745,41.19099644810218,2024-01-28
c0439,37.856865,18.46745,28.30644863768539,2024-01-29
c0439,37.856865,18.46745,32.4364248126912,2024-01-30
c0439,37.856865,18.46745,52.227215721295984,2024-01-31
c0439,37.856865,18.46745,42.147620921978536,2024-02-01
c0439,37.856865,18.46745,39.88810746690443,2024-02-02
c0439,37.856865,18.46745,45.097925553447816,2024-02-03
c0439,37.856865,18.46745,45.04059461684133,2024-02-04
c0439,37.856865,18.46745,41.344136433163754,2024-02-05
c0439,37.856865,18.46745,45.77790354849273,2024-02-06
c0439,37.856865,18.46745,56.34841951123337,2024-02-07
c0439,37.856865,18.46745,54.18784057969738,2024-02-08
c0439,37.856865,18.46745,49.57692915333018,2024-02-09
c0439,37.856865,18.46745,68.63399944593425,2024-02-10
c0439,37.856865,18.46745,48.99930244852427,2024-02-11
c0439,37.856865,18.46745,51.48512151327948,2024-02-12
c0439,37.856865,18.46745,59.42663102550937,2024-02-13
c0439,37.856865,18.46745,57.837884228384674,2024-02-14
c0439,37.856865,18.46745,57.79471713937514,2024-02-15
c0439,37.856865,18.46745,53.61053294832363,2024-02-16
c0439,37.856865,18.46745,49.88678768937804,2024-02-17
c0439,37.856865,18.46745,47.48411342532372,2024-02-18
c0439,37.856865,18.46745,54.50296021354667,2024-02-19
c0439,37.856865,18.46745,50.22367401980254,2024-02-20
c0439,37.856865,18.46745,56.35332997335687,2024-02-21
c0439,37.856865,18.46745,55.479855224282296,2024-02-22
c0439,37.856865,18.46745,53.88154215186281,2024-02-23
c0439,37.856865,18.46745,52.2279502267863,2024-02-24
c0439,37.856865,18.46745,62.078405064992275,2024-02-25
c0439,37.856865,18.46745,59.78796927420724,2024-02-26
c0439,37.856865,18.46745,66.81681151301936,2024-02-27
c0439,37.856865,18.46745,55.831294743500074,2024-02-28
c0439,37.856865,18.46745,58.49240417855432,2024-02-29
c0439,37.856865,18.46745,59.358009840266426,2024-03-01
c0439,37.856865,18.46745,54.92649180408173,2024-03-02
c0439,37.856865,18.46745,50.27577302142074,2024-03-03
c0439,37.856865,18.46745,65.37416404687045,2024-03-04
c0439,37.856865,18.46745,54.74779652095802,2024-03-05
c0439,37.856865,18.46745,54.68143380779667,2024-03-06
c0439,37.856865,18.46745,48.95290824423525,2024-03-07
c0439,37.856865,18.46745,57.65249567403091,2024-03-08
c0439,37.856865,18.46745,55.30915006983825,2024-03-09
c0439,37.856865,18.46745,43.07692020655165,2024-03-10
c0439,37.856865,18.46745,50.68895838381702,2024-03-11
c0439,37.856865,18.46745,58.61527594913533,2024-03-12
c0439,37.856865,18.46745,63.96831883980534,2024-03-13
c0439,37.856865,18.46745,60.98455418724463,2024-03-14
c0439,37.856865,18.46745,57.62738592736171,2024-03-15
c0439,37.856865,18.46745,55.780497691049774,2024-03-16
c0439,37.856865,18.46745,66.57673920119511,2024-03-17
c0439,37.856865,18.46745,61.83690510054716,2024-03-18
c0439,37.856865,18.46745,65.43980567711954,2024-03-19
c0439,37.856865,18.46745,69.74564285449911,2024-03-20
c0439,37.856865,18.46745,58.29911049511023,2024-03-21
c0439,37.856865,18.46745,58.6886801863681,2024-03-22
c0439,37.856865,18.46745,65.1556070712251,2024-03-23
c0439,37.856865,18.46745,69.45148603826321,2024-03-24
c0439,37.856865,18.46745,66.42182406991074,2024-03-25
c0439,37.856865,18.46745,47.65715950273495,2024-03-26
c0439,37.856865,18.46745,56.308986910924204,2024-03-27
c0439,37.856865,18.46745,62.01254560799345,2024-03-28
c0439,37.856865,18.46745,57.550068130071175,2024-03-29
c0439,37.856865,18.46745,56.82994737106758,2024-03-30
c0439,37.856865,18.46745,55.89726908614335,2024-03-31
c0439,37.856865,18.46745,63.77525143645103,2024-04-01
c0439,37.856865,18.46745,70.44100815543227,2024-04-02
c0439,37.856865,18.46745,63.18924866871423,2024-04-03
c0439,37.856865,18.46745,58.25722202363882,2024-04-04
c0439,37.856865,18.46745,70.59367756401637,2024-04-05
c0439,37.856865,18.46745,65.5062126495422,2024-04-06
c0439,37.856865,18.46745,69.82842177219803,2024-04-07
c0439,37.856865,18.46745,73.84478013953594,2024-04-08
c0439,37.856865,18.46745,65.54080573275144,2024-04-09
c0439,37.856865,18.46745,67.36011287792924,2024-04-10
c0439,37.856865,18.46745,69.65506876093686,2024-04-11
c0439,37.856865,18.46745,66.24968457939408,2024-04-12
c0439,37.856865,18.46745,71.49337880008162,2024-04-13
c0439,37.856865,18.46745,68.56042628806344,2024-04-14
c0439,37.856865,18.46745,73.24105275040328,2024-04-15
c0439,37.856865,18.46745,64.74019824163025,2024-04-16
c0439,37.856865,18.46745,65.79319788728452,2024-04-17
c0439,37.856865,18.46745,70.40758657687469,2024-04-18
c0439,37.856865,18.46745,66.62385088954726,2024-04-19
c0439,37.856865,18.46745,64.03134300813608,2024-04-20
c0439,37.856865,18.46745,74.6176861179019,2024-04-21
c0439,37.856865,18.46745,60.71892617878179,2024-04-22
c0439,37.856865,18.46745,63.54020180808751,2024-04-23
c0439,37.856865,18.46745,69.41851949622841,2024-04-24
c0439,37.856865,18.46745,70.85311310279363,2024-04-25
c0439,37.856865,18.46745,73.37746381221757,2024-04-26
c0439,37.856865,18.46745,65.85478680246861,2024-04-27
c0439,37.856865,18.46745,70.0619267131185,2024-04-28
c0439,37.856865,18.46745,69.04081565529563,2024-04-29
c0439,37.856865,18.46745,67.2502185983546,2024-04-30
c0439,37.856865,18.46745,54.973264962267265,2024-05-01
c0439,37.856865,18.46745,67.53015181200189,2024-05-02
c0439,37.856865,18.46745,67.75850917910563,2024-05-03
c0439,37.856865,18.46745,75.33044174128395,2024-05-04
c0439,37.856865,18.46745,74.28735215416359,2024-05-05
c0439,37.856865,18.46745,68.69688058631282,2024-05-06
c0439,37.856865,18.46745,69.04147670250788,2024-05-07
c0439,37.856865,18.46745,64.76375137853485,2024-05-08
c0439,37.856865,18.46745,69.94562729209711,2024-05-09
c0439,37.856865,18.46745,72.0248448111405,2024-05-10
c0439,37.856865,18.46745,69.7585902471806,2024-05-13
c0439,37.856865,18.46745,62.865534906996686,2024-05-14
c0439,37.856865,18.46745,51.721022387926695,2024-05-15
c0439,37.856865,18.46745,70.54053552534072,2024-05-16
c0439,37.856865,18.46745,74.78640971436678,2024-05-17
c0439,37.856865,18.46745,69.8331462718967,2024-05-18
c0439,37.856865,18.46745,65.42920220463326,2024-05-19
c0439,37.856865,18.46745,64.8977176845537,2024-05-20
c0439,37.856865,18.46745,65.90540197292152,2024-05-21
c0439,37.856865,18.46745,66.38961350391065,2024-05-22
c0439,37.856865,18.46745,72.2098311295859,2024-05-23
c0439,37.856865,18.46745,66.53509063862087,2024-05-24
c0439,37.856865,18.46745,53.13640470995114,2024-05-25
c0439,37.856865,18.46745,71.15091731867672,2024-05-26
c0439,37.856865,18.46745,70.81312254088465,2024-05-27
c0439,37.856865,18.46745,76.63522762638233,2024-05-28
c0439,37.856865,18.46745,75.66102460175543,2024-05-29
c0439,37.856865,18.46745,70.1690685863604,2024-05-30
c0439,37.856865,18.46745,65.62696577812038,2024-05-31
c0439,37.856865,18.46745,70.42873551800247,2024-06-01
c0439,37.856865,18.46745,64.21116073837712,2024-06-02
c0439,37.856865,18.46745,68.52089462097116,2024-06-03
c0439,37.856865,18.46745,58.64871761576796,2024-06-04
c0439,37.856865,18.46745,57.549755732734205,2024-06-05
c0439,37.856865,18.46745,74.69473171257977,2024-06-06
c0439,37.856865,18.46745,74.62316960087493,2024-06-07
c0439,37.856865,18.46745,73.76959236736867,2024-06-08
c0439,37.856865,18.46745,65.60632125298402,2024-06-09
c0439,37.856865,18.46745,66.66023881692941,2024-06-10
c0439,37.856865,18.46745,64.17159399081855,2024-06-11
c0439,37.856865,18.46745,35.365747429740814,2024-06-12
c0439,37.856865,18.46745,47.49126392253415,2024-06-13
c0439,37.856865,18.46745,72.41035680745068,2024-06-14
c0439,37.856865,18.46745,72.24696654234187,2024-06-15
c0439,37.856865,18.46745,17.56494805376856,2024-06-16
c0439,37.856865,18.46745,65.81770532237273,2024-06-17
c0439,37.856865,18.46745,69.49714991596566,2024-06-18
c0439,37.856865,18.46745,68.34687494976019,2024-06-19
c0439,37.856865,18.46745,68.6560886760464,2024-06-20
c0439,37.856865,18.46745,70.39801649571925,2024-06-21
c0439,37.856865,18.46745,69.52908520404019,2024-06-22
c0439,37.856865,18.46745,66.5283763186134,2024-06-23
c0439,37.856865,18.46745,69.08451931597084,2024-06-24
c0439,37.856865,18.46745,65.38455003986552,2024-06-25
c0439,37.856865,18.46745,67.76795151078755,2024-06-26
c0439,37.856865,18.46745,74.32453838810498,2024-06-27
c0439,37.856865,18.46745,74.81893965777891,2024-06-28
c0439,37.856865,18.46745,77.94000387022211,2024-06-29
c0439,37.856865,18.46745,70.03402400253863,2024-06-30
c0439,37.856865,18.46745,68.8878459116828,2024-07-01
c0439,37.856865,18.46745,74.10181931584455,2024-07-02
c0439,37.856865,18.46745,71.81021022243709,2024-07-03
c0439,37.856865,18.46745,72.06246489317093,2024-07-04
c0439,37.856865,18.46745,73.82561166670384,2024-07-05
c0439,37.856865,18.46745,71.0564204616717,2024-07-06
c0439,37.856865,18.46745,65.24591501140789,2024-07-07
c0439,37.856865,18.46745,65.268952712703,2024-07-08
c0439,37.856865,18.46745,69.24621663698929,2024-07-09
c0439,37.856865,18.46745,71.84038856807521,2024-07-10
c0439,37.856865,18.46745,73.53386385359528,2024-07-11
c0439,37.856865,18.46745,68.87506127612578,2024-07-12
c0439,37.856865,18.46745,68.71834269467374,2024-07-13
c0439,37.856865,18.46745,65.84606097980517,2024-07-14
c0439,37.856865,18.46745,71.12080814639181,2024-07-15
c0439,37.856865,18.46745,68.80653679238848,2024-07-16
c0439,37.856865,18.46745,75.14975872267878,2024-07-17
c0439,37.856865,18.46745,74.94446436623237,2024-07-18
c0439,37.856865,18.46745,75.32563712341735,2024-07-19
c0439,37.856865,18.46745,70.74120182854715,2024-07-20
c0439,37.856865,18.46745,68.29937809514624,2024-07-21
c0439,37.856865,18.46745,67.21418908911792,2024-07-22
c0439,37.856865,18.46745,77.38982353973125,2024-07-23
c0439,37.856865,18.46745,75.45907781991716,2024-07-24
c0439,37.856865,18.46745,74.2907595481183,2024-07-25
c0439,37.856865,18.46745,68.28422900333584,2024-07-28
c0439,37.856865,18.46745,74.43828587701363,2024-07-29
c0439,37.856865,18.46745,78.62603106654096,2024-07-31
c0439,37.856865,18.46745,78.94971870091219,2024-08-01
c0439,37.856865,18.46745,69.4414740795905,2024-08-03
c0439,37.856865,18.46745,69.88004578520615,2024-08-04
c0439,37.856865,18.46745,68.38294965936336,2024-08-05
c0439,37.856865,18.46745,72.38564830471888,2024-08-06
c0439,37.856865,18.46745,66.78785258793802,2024-08-07
c0439,37.856865,18.46745,70.33262848640187,2024-08-08
c0439,37.856865,18.46745,73.84672190255488,2024-08-09
c0439,37.856865,18.46745,70.24111159959043,2024-08-10
c0439,37.856865,18.46745,72.7501621410122,2024-08-11
c0439,37.856865,18.46745,71.95837780282619,2024-08-12
c0439,37.856865,18.46745,72.56301478320079,2024-08-13
c0439,37.856865,18.46745,67.8927177255758,2024-08-14
c0439,37.856865,18.46745,67.13839249255382,2024-08-15
c0439,37.856865,18.46745,67.01806568845748,2024-08-16
c0439,37.856865,18.46745,,2024-08-17
c0439,37.856865,18.46745,70.19325588136017,2024-08-18
c0439,37.856865,18.46745,67.6047398392951,2024-08-19
c0439,37.856865,18.46745,82.03431844666589,2024-08-20
c0439,37.856865,18.46745,77.09279774911191,2024-08-21
c0439,37.856865,18.46745,71.05889255847876,2024-08-22
c0439,37.856865,18.46745,66.09742495728224,2024-08-23
c0439,37.856865,18.46745,65.04250607323121,2024-08-24
c0439,37.856865,18.46745,63.93042580456991,2024-08-25
c0439,37.856865,18.46745,67.42198849340697,2024-08-26
c0439,37.856865,18.46745,68.44752354195958,2024-08-27
c0439,37.856865,18.46745,64.83436683859823,2024-08-28
c0439,37.856865,18.46745,68.9101875824832,2024-08-29
c0439,37.856865,18.46745,73.04399806066408,2024-08-30
c0439,37.856865,18.46745,70.70246534761557,2024-08-31
c0439,37.856865,18.46745,70.49146916139101,2024-09-01
c0439,37.856865,18.46745,68.59492776692059,2024-09-02
c0439,37.856865,18.46745,80.32588879123982,2024-09-03
c0439,37.856865,18.46745,61.54037201895661,2024-09-04
c0439,37.856865,18.46745,61.79441356969312,2024-09-05
c0439,37.856865,18.46745,61.772245318621245,2024-09-06
c0439,37.856865,18.46745,55.94526800352896,2024-09-07
c0439,37.856865,18.46745,69.89925662277717,2024-09-08
c0439,37.856865,18.46745,75.63933017824594,2024-09-09
c0439,37.856865,18.46745,68.08740038243047,2024-09-10
c0439,37.856865,18.46745,67.07774311399805,2024-09-11
c0439,37.856865,18.46745,59.18012433984641,2024-09-12
c0439,37.856865,18.46745,55.08538821495182,2024-09-13
c0439,37.856865,18.46745,59.16677385347382,2024-09-14
c0439,37.856865,18.46745,67.8260278078366,2024-09-15
c0439,37.856865,18.46745,67.21261144821821,2024-09-16
c0439,37.856865,18.46745,61.32225206225961,2024-09-17
c0439,37.856865,18.46745,62.3742636328562,2024-09-18
c0439,37.856865,18.46745,61.43236955520224,2024-09-19
c0439,37.856865,18.46745,60.19941457264595,2024-09-20
c0439,37.856865,18.46745,59.66996694959002,2024-09-21
c0439,37.856865,18.46745,61.90217598885057,2024-09-22
c0439,37.856865,18.46745,70.71451939148517,2024-09-23
c0439,37.856865,18.46745,,2024-09-24
c0439,37.856865,18.46745,52.336273922832355,2024-09-25
c0439,37.856865,18.46745,58.20999075514302,2024-09-26
c0439,37.856865,18.46745,56.672791934875896,2024-09-27
c0439,37.856865,18.46745,55.22801880947871,2024-09-28
c0439,37.856865,18.46745,58.907696230873434,2024-09-29
c0439,37.856865,18.46745,62.160395830938725,2024-09-30
c0439,37.856865,18.46745,62.113469338725345,2024-10-01
c0439,37.856865,18.46745,59.66161836997743,2024-10-02
c0439,37.856865,18.46745,55.09509595771005,2024-10-03
c0439,37.856865,18.46745,61.187825124040465,2024-10-04
c0439,37.856865,18.46745,63.47833609675799,2024-10-05
c0439,37.856865,18.46745,57.08797309301854,2024-10-06
c0439,37.856865,18.46745,59.51651830258662,2024-10-07
c0439,37.856865,18.46745,60.564340204450794,2024-10-08
c0439,37.856865,18.46745,48.63687341348384,2024-10-09
c0439,37.856865,18.46745,48.8084609934812,2024-10-10
c0439,37.856865,18.46745,49.46666990116065,2024-10-11
c0439,37.856865,18.46745,53.25233953076395,2024-10-12
c0439,37.856865,18.46745,64.43636603669265,2024-10-13
c0439,37.856865,18.46745,58.13158433719985,2024-10-14
c0439,37.856865,18.46745,48.23210964886701,2024-10-15
c0439,37.856865,18.46745,54.09403451315118,2024-10-16
c0439,37.856865,18.46745,51.88005405798245,2024-10-17
c0439,37.856865,18.46745,48.67989846505392,2024-10-18
c0439,37.856865,18.46745,64.1432981005634,2024-10-19
c0439,37.856865,18.46745,,2024-10-20
c0439,37.856865,18.46745,50.94858756634849,2024-10-21
c0439,37.856865,18.46745,55.18043124407833,2024-10-22
c0439,37.856865,18.46745,59.85823376205313,2024-10-23
c0439,37.856865,18.46745,54.576401216477215,2024-10-24
c0439,37.856865,18.46745,51.42191130665813,2024-10-25
c0439,37.856865,18.46745,57.0541272787355,2024-10-26
c0439,37.856865,18.46745,49.625703862914705,2024-10-27
c0439,37.856865,18.46745,48.62574114269913,2024-10-28
c0439,37.856865,18.46745,54.02856385099366,2024-10-29
c0439,37.856865,18.46745,56.97455694797121,2024-10-30
c0439,37.856865,18.46745,53.512963705918274,2024-10-31
c0439,37.856865,18.46745,55.19130431343234,2024-11-02
c0439,37.856865,18.46745,49.38668795579655,2024-11-03
c0439,37.856865,18.46745,53.542751203467624,2024-11-04
c0439,37.856865,18.46745,51.18764647341592,2024-11-05
c0439,37.856865,18.46745,53.082626198144176,2024-11-06
c0439,37.856865,18.46745,52.14638997661234,2024-11-07
c0439,37.856865,18.46745,62.58931915571,2024-11-08
c0439,37.856865,18.46745,50.78860025243104,2024-11-09
c0439,37.856865,18.46745,46.63471142726916,2024-11-10
c0439,37.856865,18.46745,49.07685584291879,2024-11-11
c0439,37.856865,18.46745,,2024-11-12
c0439,37.856865,18.46745,53.40871038912655,2024-11-13
c0439,37.856865,18.46745,53.48540751989458,2024-11-14
c0439,37.856865,18.46745,53.489179708359366,2024-11-15
c0439,37.856865,18.46745,58.84928055205611,2024-11-16
c0439,37.856865,18.46745,52.1750412619506,2024-11-17
c0439,37.856865,18.46745,53.97647768778746,2024-11-18
c0439,37.856865,18.46745,57.11638897926331,2024-11-19
c0439,37.856865,18.46745,53.88050309863508,2024-11-20
c0439,37.856865,18.46745,35.590301445289086,2024-11-21
c0439,37.856865,18.46745,,2024-11-22
c0439,37.856865,18.46745,48.10746083242432,2024-11-23
c0439,37.856865,18.46745,57.77002413889611,2024-11-24
c0439,37.856865,18.46745,51.26601361539618,2024-11-25
c0439,37.856865,18.46745,45.40034010620745,2024-11-26
c0439,37.856865,18.46745,45.989039364899405,2024-11-27
c0439,37.856865,18.46745,37.44699961845441,2024-11-28
c0439,37.856865,18.46745,52.227430198883106,2024-11-29
c0439,37.856865,18.46745,53.548393356770504,2024-11-30
c0439,37.856865,18.46745,62.3861230135197,2024-12-01
c0439,37.856865,18.46745,64.86666758361493,2024-12-02
c0439,37.856865,18.46745,,2024-12-03
c0439,37.856865,18.46745,54.72640093863739,2024-12-04
c0439,37.856865,18.46745,161.03119075607154,2024-12-05
c0439,37.856865,18.46745,44.743303814599976,2024-12-06
c0439,37.856865,18.46745,42.40041354492651,2024-12-07
c0439,37.856865,18.46745,57.02273108697764,2024-12-08
c0439,37.856865,18.46745,52.35311646155155,2024-12-09
c0439,37.856865,18.46745,49.04760405906025,2024-12-10
c0439,37.856865,18.46745,61.74828422138096,2024-12-11
c0439,37.856865,18.46745,51.5547779263904,2024-12-12
c0439,37.856865,18.46745,50.63051830596778,2024-12-13
c0439,37.856865,18.46745,49.8337370170534,2024-12-14
c0439,37.856865,18.46745,45.691179645710385,2024-12-15
c0439,37.856865,18.46745,54.29340938094449,2024-12-16
c0439,37.856865,18.46745,55.73178015909156,2024-12-17
c0439,37.856865,18.46745,54.51427138024949,2024-12-18
c0439,37.856865,18.46745,48.436379948222424,2024-12-19
c0439,37.856865,18.46745,65.68474146914971,2024-12-20
c0439,37.856865,18.46745,59.155002590560834,2024-12-21
c0439,37.856865,18.46745,48.81896392105867,2024-12-22
c0439,37.856865,18.46745,45.65300805458809,2024-12-23
c0439,37.856865,18.46745,58.81731549437323,2024-12-24
c0439,37.856865,18.46745,58.09764290746827,2024-12-25
c0439,37.856865,18.46745,72.76434909346843,2024-12-26
c0439,37.856865,18.46745,66.96626489381062,2024-12-27
c0439,37.856865,18.46745,53.71245454165472,2024-12-28
c0439,37.856865,18.46745,47.63548447007655,2024-12-29
c0439,37.856865,18.46745,45.3460818951986,2024-12-30
c0439,37.856865,18.46745,41.7724319590432,2025-01-01
c0439,37.856865,18.46745,42.68853224739659,2025-01-02
c0439,37.856865,18.46745,52.56080777873189,2025-01-03
c0439,37.856865,18.46745,46.1217673418515,2025-01-04
c0439,37.856865,18.46745,50.96429962757976,2025-01-05
c0439,37.856865,18.46745,52.4374930656208,2025-01-06
c0439,37.856865,18.46745,50.34072022218608,2025-01-07
c0439,37.856865,18.46745,46.96721125748121,2025-01-08
c0439,37.856865,18.46745,48.088594932855976,2025-01-09
c0439,37.856865,18.46745,43.07721090684936,2025-01-10
c0439,37.856865,18.46745,54.330203201286814,2025-01-11
c0439,37.856865,18.46745,51.694246172391075,2025-01-12
c0439,37.856865,18.46745,62.30362442750814,2025-01-13
c0439,37.856865,18.46745,51.86845751567109,2025-01-14
c0439,37.856865,18.46745,50.83095044374948,2025-01-15
c0439,37.856865,18.46745,48.86142046823889,2025-01-16
c0439,37.856865,18.46745,67.84695480943796,2025-01-17
c0439,37.856865,18.46745,71.38448177770086,2025-01-18
c0439,37.856865,18.46745,45.06377893877473,2025-01-19
c0439,37.856865,18.46745,154.00187268027764,2025-01-20
c0439,37.856865,18.46745,43.00824910268568,2025-01-21
c0439,37.856865,18.46745,58.51681436766091,2025-01-22
c0439,37.856865,18.46745,60.49764845627397,2025-01-23
c0439,37.856865,18.46745,50.415370205874126,2025-01-24
c0439,37.856865,18.46745,55.57380169551087,2025-01-25
c0439,37.856865,18.46745,56.2376903857187,2025-01-26
c0439,37.856865,18.46745,48.020698153017754,2025-01-27
c0439,37.856865,18.46745,53.72508095054598,2025-01-28
c0439,37.856865,18.46745,50.140079758779024,2025-01-29
c0439,37.856865,18.46745,62.66664466129745,2025-01-30
c0439,37.856865,18.46745,42.33392150804661,2025-01-31
c0439,37.856865,18.46745,45.695513939909944,2025-02-01
c0439,37.856865,18.46745,41.761726468744186,2025-02-02
c0439,37.856865,18.46745,55.73960675690868,2025-02-03
c0439,37.856865,18.46745,48.30248882249261,2025-02-04
c0439,37.856865,18.46745,43.89904367113887,2025-02-05
c0439,37.856865,18.46745,52.66995396701637,2025-02-06
c0439,37.856865,18.46745,60.84613383256705,2025-02-07
c0439,37.856865,18.46745,51.20328051808723,2025-02-08
c0439,37.856865,18.46745,43.55614790041827,2025-02-09
c0439,37.856865,18.46745,52.52626407688263,2025-02-10
c0439,37.856865,18.46745,47.84897388453202,2025-02-11
c0439,37.856865,18.46745,49.576184655009186,2025-02-12
c0439,37.856865,18.46745,52.97417019974743,2025-02-13
c0439,37.856865,18.46745,48.31944172559024,2025-02-14
c0439,37.856865,18.46745,45.17411737948702,2025-02-15
c0439,37.856865,18.46745,51.95565395087809,2025-02-16
c0439,37.856865,18.46745,50.62980734913575,2025-02-17
c0439,37.856865,18.46745,53.168302427443464,2025-02-18
c0439,37.856865,18.46745,53.72476512075022,2025-02-19
c0439,37.856865,18.46745,48.31765204155884,2025-02-20
c0439,37.856865,18.46745,55.528769339755115,2025-02-21
c0439,37.856865,18.46745,52.15235887579268,2025-02-22
c0439,37.856865,18.46745,55.280307895847514,2025-02-23
c0439,37.856865,18.46745,50.24921461381125,2025-02-24
c0439,37.856865,18.46745,48.34998929048038,2025-02-25
c0439,37.856865,18.46745,54.003693254588086,2025-02-26
c0439,37.856865,18.46745,56.01370361941563,2025-02-27
c0439,37.856865,18.46745,53.59528963937287,2025-02-28
c0439,37.856865,18.46745,51.011140712150755,2025-03-01
c0439,37.856865,18.46745,24.573798607732662,2025-03-02
c0439,37.856865,18.46745,54.406407505026046,2025-03-03
c0439,37.856865,18.46745,49.68813070231795,2025-03-04
c0439,37.856865,18.46745,61.44428049877872,2025-03-05
c0439,37.856865,18.46745,56.12862883161719,2025-03-06
c0439,37.856865,18.46745,49.8819001301152,2025-03-07
c0439,37.856865,18.46745,52.88835947656277,2025-03-08
c0439,37.856865,18.46745,54.23660571032395,2025-03-09
c0439,37.856865,18.46745,50.10580834710107,2025-03-10
c0439,37.856865,18.46745,49.33034173349454,2025-03-11
c0439,37.856865,18.46745,52.762261605484866,2025-03-12
c0439,37.856865,18.46745,53.94491133995744,2025-03-13
c0439,37.856865,18.46745,41.48482418887957,2025-03-14
c0439,37.856865,18.46745,57.434108664262865,2025-03-15
c0439,37.856865,18.46745,55.65507331388962,2025-03-16
c0439,37.856865,18.46745,60.15448526896295,2025-03-17
c0439,37.856865,18.46745,56.9609447892361,2025-03-18
c0439,37.856865,18.46745,67.32009217816409,2025-03-19
c0439,37.856865,18.46745,57.11907602445781,2025-03-20
c0439,37.856865,18.46745,52.23231564603995,2025-03-22
c0439,37.856865,18.46745,76.1042242806172,2025-03-24
c0439,37.856865,18.46745,71.65097691905844,2025-03-25
c0439,37.856865,18.46745,62.964227665502264,2025-03-26
c0439,37.856865,18.46745,64.27606891476903,2025-03-27
c0439,37.856865,18.46745,55.61992198531121,2025-03-28
c0439,37.856865,18.46745,55.175346332101824,2025-03-29
c0439,37.856865,18.46745,55.62617482462846,2025-03-30
c0439,37.856865,18.46745,59.24839553388649,2025-03-31
c0439,37.856865,18.46745,62.25769642225943,2025-04-01
c0439,37.856865,18.46745,69.28097582979669,2025-04-02
c0439,37.856865,18.46745,72.49150717553773,2025-04-03
c0439,37.856865,18.46745,61.21712145519571,2025-04-04
c0439,37.856865,18.46745,66.36850523570384,2025-04-05
c0439,37.856865,18.46745,65.5103913912906,2025-04-06
c0439,37.856865,18.46745,65.22718917840974,2025-04-07
c0439,37.856865,18.46745,61.86907046279123,2025-04-08
c0439,37.856865,18.46745,65.84670374414246,2025-04-09
c0439,37.856865,18.46745,67.76291798124466,2025-04-10
c0439,37.856865,18.46745,62.463174137522486,2025-04-11
c0439,37.856865,18.46745,68.43716963480144,2025-04-12
c0439,37.856865,18.46745,62.56520977441993,2025-04-13
c0439,37.856865,18.46745,73.38368366149045,2025-04-14
c0439,37.856865,18.46745,63.69980977194736,2025-04-15
c0439,37.856865,18.46745,49.76756364300027,2025-04-16
c0439,37.856865,18.46745,46.09427138174235,2025-04-17
c0439,37.856865,18.46745,67.14286063652727,2025-04-18
c0439,37.856865,18.46745,65.18743489624211,2025-04-19
c0439,37.856865,18.46745,57.71440854497156,2025-04-20
c0439,37.856865,18.46745,56.64689645141133,2025-04-21
c0439,37.856865,18.46745,67.38216315482921,2025-04-22
c0439,37.856865,18.46745,62.958549959759914,2025-04-23
c0439,37.856865,18.46745,74.93098155641849,2025-04-24
c0439,37.856865,18.46745,69.2551909711126,2025-04-25
c0439,37.856865,18.46745,63.13869051969813,2025-04-26
c0439,37.856865,18.46745,67.69050872823398,2025-04-27
c0439,37.856865,18.46745,73.09892254301059,2025-04-28
c0439,37.856865,18.46745,70.81844800208172,2025-04-29
c0439,37.856865,18.46745,73.36844413565278,2025-04-30
c0439,37.856865,18.46745,73.71283086103193,2025-05-01
c0439,37.856865,18.46745,72.46646200662465,2025-05-02
c0439,37.856865,18.46745,73.47845109629117,2025-05-03
c0439,37.856865,18.46745,71.66468742616054,2025-05-04
c0439,37.856865,18.46745,61.614910199151986,2025-05-06
c0439,37.856865,18.46745,72.59678394743631,2025-05-07
c0439,37.856865,18.46745,75.71737960308374,2025-05-08
c0439,37.856865,18.46745,67.78209903366749,2025-05-09
c0439,37.856865,18.46745,70.68915428345984,2025-05-10
c0439,37.856865,18.46745,73.19640788656542,2025-05-11
c0439,37.856865,18.46745,66.21082991979968,2025-05-12
c0439,37.856865,18.46745,73.52113884107612,2025-05-13
c0439,37.856865,18.46745,75.41260599665726,2025-05-14
c0439,37.856865,18.46745,116.93836125628316,2025-05-15
c0439,37.856865,18.46745,68.0586179223829,2025-05-16
c0439,37.856865,18.46745,70.69395030899015,2025-05-17
c0439,37.856865,18.46745,71.30805366637026,2025-05-18
c0439,37.856865,18.46745,73.46254518976784,2025-05-19
c0439,37.856865,18.46745,75.90522246864533,2025-05-20
c0439,37.856865,18.46745,70.0716068261822,2025-05-21
c0439,37.856865,18.46745,72.43335208388591,2025-05-23
c0439,37.856865,18.46745,79.78696352982975,2025-05-24
c0439,37.856865,18.46745,57.080108794075265,2025-05-25
c0439,37.856865,18.46745,75.3661591084147,2025-05-26
c0439,37.856865,18.46745,75.78549795298589,2025-05-27
c0439,37.856865,18.46745,78.58955573408127,2025-05-28
c0439,37.856865,18.46745,66.0069452356887,2025-05-29
c0439,37.856865,18.46745,85.21021883711934,2025-05-30
c0439,37.856865,18.46745,82.86582412640158,2025-05-31
c0439,37.856865,18.46745,73.44222239332653,2025-06-01
c0439,37.856865,18.46745,75.69351731118739,2025-06-02
c0439,37.856865,18.46745,72.22148066372158,2025-06-03
c0439,37.856865,18.46745,74.29255998807423,2025-06-04
c0439,37.856865,18.46745,68.20336507057154,2025-06-05
c0439,37.856865,18.46745,73.9449335289869,2025-06-06
c0439,37.856865,18.46745,75.19406294820513,2025-06-07
c0439,37.856865,18.46745,69.89084518900327,2025-06-08
c0439,37.856865,18.46745,69.38316953473071,2025-06-09
c0439,37.856865,18.46745,66.86082150323813,2025-06-10
c0439,37.856865,18.46745,73.43132520189899,2025-06-11
c0439,37.856865,18.46745,76.20038601652006,2025-06-12
c0439,37.856865,18.46745,72.13726475972487,2025-06-13
c0439,37.856865,18.46745,76.65849590248031,2025-06-14
c0439,37.856865,18.46745,73.88605917560965,2025-06-15
c0439,37.856865,18.46745,75.50019283345276,2025-06-16
c0439,37.856865,18.46745,71.53546404941545,2025-06-17
c0439,37.856865,18.46745,74.97550489073302,2025-06-18
c0439,37.856865,18.46745,74.40876605771416,2025-06-19
c0439,37.856865,18.46745,79.43883937734076,2025-06-20
c0439,37.856865,18.46745,78.00850729295108,2025-06-21
c0439,37.856865,18.46745,87.26456800749185,2025-06-22
c0439,37.856865,18.46745,79.83749187087562,2025-06-23
c0439,37.856865,18.46745,74.22906761212569,2025-06-24
c0439,37.856865,18.46745,77.17747868779881,2025-06-25
c0439,37.856865,18.46745,75.23894294342522,2025-06-26
c0439,37.856865,18.46745,74.30409040488672,2025-06-27
c0439,37.856865,18.46745,80.79913419336692,2025-06-28
c0439,37.856865,18.46745,69.89829602986879,2025-06-29
c0439,37.856865,18.46745,76.83269386087805,2025-06-30
c0439,37.856865,18.46745,70.54735637326063,2025-07-01
c0439,37.856865,18.46745,73.7578902645151,2025-07-02
c0439,37.856865,18.46745,71.80268950933295,2025-07-03
c0439,37.856865,18.46745,67.66867783358276,2025-07-04
c0439,37.856865,18.46745,69.97692030074091,2025-07-05
c0439,37.856865,18.46745,69.32754649911925,2025-07-06
c0439,37.856865,18.46745,77.2987567846578,2025-07-07
c0439,37.856865,18.46745,71.68546007967917,2025-07-08
c0439,37.856865,18.46745,75.59444557471545,2025-07-09
c0439,37.856865,18.46745,72.85867946358299,2025-07-10
c0439,37.856865,18.46745,75.88292906912801,2025-07-11
c0439,37.856865,18.46745,74.32673114521764,2025-07-12
c0439,37.856865,18.46745,79.4735559931625,2025-07-13
c0439,37.856865,18.46745,76.46684485659809,2025-07-14
c0439,37.856865,18.46745,77.7064015221736,2025-07-15
c0439,37.856865,18.46745,76.17576778660326,2025-07-16
c0439,37.856865,18.46745,72.0510916586428,2025-07-17
c0439,37.856865,18.46745,77.25620886315544,2025-07-18
c0439,37.856865,18.46745,78.32527238030364,2025-07-19
c0439,37.856865,18.46745,71.10251756469013,2025-07-20
c0439,37.856865,18.46745,73.25202186206872,2025-07-21
c0439,37.856865,18.46745,74.60229435506268,2025-07-22
c0439,37.856865,18.46745,74.13267606621626,2025-07-23
c0439,37.856865,18.46745,72.95861493518551,2025-07-24
c0439,37.856865,18.46745,68.15350417184774,2025-07-25
c0439,37.856865,18.46745,66.30544936535269,2025-07-26
c0439,37.856865,18.46745,77.37387435390133,2025-07-27
c0439,37.856865,18.46745,69.49122454906575,2025-07-28
c0439,37.856865,18.46745,73.27574196923938,2025-07-29
c0439,37.856865,18.46745,74.19270051975775,2025-07-30
c0439,37.856865,18.46745,77.18990606456104,2025-07-31
c0439,37.856865,18.46745,78.57741614523704,2025-08-01
c0439,37.856865,18.46745,78.77116620850424,2025-08-02
c0439,37.856865,18.46745,78.84491525506161,2025-08-03
c0439,37.856865,18.46745,78.61840608939151,2025-08-04
c0439,37.856865,18.46745,79.02439136632488,2025-08-05
c0439,37.856865,18.46745,80.55678703198808,2025-08-06
c0439,37.856865,18.46745,73.77537078252816,2025-08-07
c0439,37.856865,18.46745,82.31540497821663,2025-08-08
c0439,37.856865,18.46745,80.85455082236155,2025-08-09
c0439,37.856865,18.46745,76.0579230305502,2025-08-10
c0439,37.856865,18.46745,68.5657746547556,2025-08-11
c0439,37.856865,18.46745,71.3710579295328,2025-08-12
c0439,37.856865,18.46745,71.31979261104088,2025-08-13
c0439,37.856865,18.46745,72.97939796289579,2025-08-14
c0439,37.856865,18.46745,71.41186403646437,2025-08-15
c0439,37.856865,18.46745,74.1824487553462,2025-08-16
c0439,37.856865,18.46745,92.55059826835516,2025-08-17
c0439,37.856865,18.46745,70.95506389140063,2025-08-18
c0439,37.856865,18.46745,74.92547073000976,2025-08-19
c0439,37.856865,18.46745,74.75045494816652,2025-08-20
c0439,37.856865,18.46745,68.47239817999609,2025-08-21
c0439,37.856865,18.46745,72.18876284160098,2025-08-22
c0439,37.856865,18.46745,72.94065733319803,2025-08-23
c0439,37.856865,18.46745,72.66212595270646,2025-08-24
c0439,37.856865,18.46745,68.44935889891978,2025-08-25
c0439,37.856865,18.46745,67.70387896696487,2025-08-26
c0439,37.856865,18.46745,66.24232118354297,2025-08-27
c0439,37.856865,18.46745,70.38358908870148,2025-08-28
c0439,37.856865,18.46745,59.86549531790168,2025-08-29
c0439,37.856865,18.46745,67.48758022919651,2025-08-30
c0439,37.856865,18.46745,63.87429141755453,2025-08-31
c0439,37.856865,18.46745,71.02388766715897,2025-09-01
c0439,37.856865,18.46745,67.43503211360314,2025-09-02
c0439,37.856865,18.46745,64.48778737299111,2025-09-03
c0439,37.856865,18.46745,69.43478658703464,2025-09-04
c0439,37.856865,18.46745,66.26110908022757,2025-09-05
c0439,37.856865,18.46745,75.2837944058851,2025-09-06
c0439,37.856865,18.46745,73.1365948270574,2025-09-07
c0439,37.856865,18.46745,65.13804492243678,2025-09-08
c0439,37.856865,18.46745,64.74772760016236,2025-09-09
c0439,37.856865,18.46745,59.634866092327314,2025-09-10
c0439,37.856865,18.46745,60.86494261552477,2025-09-11
c0439,37.856865,18.46745,65.5361481737511,2025-09-12
c0439,37.856865,18.46745,66.52913913752278,2025-09-13
c0439,37.856865,18.46745,67.28524324792855,2025-09-14
c0439,37.856865,18.46745,66.92482629506858,2025-09-15
c0439,37.856865,18.46745,60.74032060861823,2025-09-16
c0439,37.856865,18.46745,65.56035738922631,2025-09-17
c0439,37.856865,18.46745,72.45522401271073,2025-09-18
c0439,37.856865,18.46745,66.7176113851816,2025-09-19
c0439,37.856865,18.46745,69.25366280549284,2025-09-20
c0439,37.856865,18.46745,66.48869427854268,2025-09-21
c0439,37.856865,18.46745,66.19479306804182,2025-09-22
c0439,37.856865,18.46745,63.92673340485022,2025-09-23
c0439,37.856865,18.46745,64.77441576035197,2025-09-24
c0439,37.856865,18.46745,66.21510273283528,2025-09-25
c0439,37.856865,18.46745,66.52558108642488,2025-09-26
c0439,37.856865,18.46745,53.747550749682375,2025-09-27
c0439,37.856865,18.46745,60.22284680034456,2025-09-28
c0439,37.856865,18.46745,56.261292063599214,2025-09-29
c0439,37.856865,18.46745,56.145321238336095,2025-09-30
c0439,37.856865,18.46745,99.83486507064173,2025-10-01
c0439,37.856865,18.46745,61.05573746794376,2025-10-02
c0439,37.856865,18.46745,61.41993750255786,2025-10-03
c0439,37.856865,18.46745,64.64681268832378,2025-10-04
c0439,37.856865,18.46745,58.18722690035649,2025-10-05
c0439,37.856865,18.46745,59.08773718043988,2025-10-06
c0439,37.856865,18.46745,64.58268312485748,2025-10-07
c0439,37.856865,18.46745,59.46821983265599,2025-10-08
c0439,37.856865,18.46745,,2025-10-09
c0439,37.856865,18.46745,56.29179677377657,2025-10-10
c0439,37.856865,18.46745,60.343332544417315,2025-10-11
c0439,37.856865,18.46745,54.50086994188193,2025-10-12
c0439,37.856865,18.46745,64.45938733451783,2025-10-13
c0439,37.856865,18.46745,56.98847637668721,2025-10-14
c0439,37.856865,18.46745,76.9090452200875,2025-10-15
c0439,37.856865,18.46745,90.57118358613592,2025-10-16
c0439,37.856865,18.46745,60.32382851520107,2025-10-17
c0439,37.856865,18.46745,58.89277677924709,2025-10-18
c0439,37.856865,18.46745,55.30757989713736,2025-10-19
c0439,37.856865,18.46745,64.7150314979006,2025-10-20
c0439,37.856865,18.46745,58.19243447465253,2025-10-21
c0439,37.856865,18.46745,56.213633459869435,2025-10-22
c0439,37.856865,18.46745,53.39839793441386,2025-10-23
c0439,37.856865,18.46745,62.9926895782431,2025-10-24
c0439,37.856865,18.46745,55.49544381137396,2025-10-25
c0439,37.856865,18.46745,56.27213658079445,2025-10-26
c0439,37.856865,18.46745,65.32727907204237,2025-10-27
c0439,37.856865,18.46745,54.4331993700903,2025-10-28
c0439,37.856865,18.46745,58.369448748085965,2025-10-29
c0439,37.856865,18.46745,47.76594928365567,2025-10-30
c0439,37.856865,18.46745,70.6560618248992,2025-10-31
c0439,37.856865,18.46745,62.10011942289162,2025-11-01
c0439,37.856865,18.46745,54.31809708307887,2025-11-02
c0439,37.856865,18.46745,45.048486542110474,2025-11-03
c0439,37.856865,18.46745,54.665170789267435,2025-11-04
c0439,37.856865,18.46745,60.87139952434307,2025-11-05
c0439,37.856865,18.46745,59.125519904276615,2025-11-06
c0439,37.856865,18.46745,51.407818205786846,2025-11-07
c0439,37.856865,18.46745,46.68571573922839,2025-11-08
c0439,37.856865,18.46745,45.933925600831095,2025-11-09
c0439,37.856865,18.46745,51.33227395865576,2025-11-10
c0439,37.856865,18.46745,55.15416855160029,2025-11-11
c0439,37.856865,18.46745,53.40213169944365,2025-11-12
c0439,37.856865,18.46745,52.97096049583742,2025-11-13
c0439,37.856865,18.46745,59.47602783571575,2025-11-14
c0439,37.856865,18.46745,57.68580991155093,2025-11-15
c0439,37.856865,18.46745,50.74216853231525,2025-11-16
c0439,37.856865,18.46745,54.366215231457105,2025-11-17
c0439,37.856865,18.46745,61.27207156802031,2025-11-18
c0439,37.856865,18.46745,57.040267323159846,2025-11-19
c0439,37.856865,18.46745,43.364539254498624,2025-11-20
c0439,37.856865,18.46745,44.661081887350264,2025-11-21
c0439,37.856865,18.46745,40.16955309640576,2025-11-22
c0439,37.856865,18.46745,50.91860436113557,2025-11-23
c0439,37.856865,18.46745,36.28151089237778,2025-11-24
c0439,37.856865,18.46745,46.326448928604414,2025-11-25
c0439,37.856865,18.46745,42.74188727498617,2025-11-26
c0439,37.856865,18.46745,45.69444610909595,2025-11-27
c0439,37.856865,18.46745,55.39463635372135,2025-11-28
c0439,37.856865,18.46745,48.23132984170396,2025-11-30
c0439,37.856865,18.46745,37.58343255114734,2025-12-01
c0439,37.856865,18.46745,31.312451658808396,2025-12-02
c0439,37.856865,18.46745,47.48959001591634,2025-12-03
c0439,37.856865,18.46745,26.0798224562362,2025-12-04
c0439,37.856865,18.46745,51.7958875087116,2025-12-05
c0439,37.856865,18.46745,60.818451546609424,2025-12-06
c0439,37.856865,18.46745,53.28998638636465,2025-12-07
c0439,37.856865,18.46745,52.33950815868197,2025-12-08
c0439,37.856865,18.46745,54.98238796342662,2025-12-09
c0439,37.856865,18.46745,41.97936610965487,2025-12-10
c0439,37.856865,18.46745,38.92994072178494,2025-12-11
c0439,37.856865,18.46745,39.190987006207344,2025-12-12
c0439,37.856865,18.46745,48.32494948955241,2025-12-13
c0439,37.856865,18.46745,58.60777388994256,2025-12-14
c0439,37.856865,18.46745,49.007485027449945,2025-12-15
c0439,37.856865,18.46745,75.64576643303812,2025-12-16
c0439,37.856865,18.46745,35.69434990302859,2025-12-17
c0439,37.856865,18.46745,36.44418129481996,2025-12-18
c0439,37.856865,18.46745,40.95435031239645,2025-12-22
c0439,37.856865,18.46745,40.45721701116831,2025-12-23
c0439,37.856865,18.46745,45.213348678945664,2025-12-24
c0439,37.856865,18.46745,33.433124460418526,2025-12-25
c0439,37.856865,18.46745,34.7880283806245,2025-12-26
c0439,37.856865,18.46745,41.28026278874512,2025-12-27
c0439,37.856865,18.46745,40.571555002244374,2025-12-28
c0439,37.856865,18.46745,44.791428443621015,2025-12-29
c0439,37.856865,18.46745,46.8196902949878,2025-12-30
