cell_id,lat_center,lon_center,mean,date
c1999,46.640649,18.46745,1.0279487179487596,2019-01-01
c1999,46.640649,18.46745,3.773217391304383,2019-01-02
c1999,46.640649,18.46745,-1.0202608695651991,2019-01-03
c1999,46.640649,18.46745,-3.609999999999957,2019-01-04
c1999,46.640649,18.46745,,2019-01-05
c1999,46.640649,18.46745,-0.7409473684210443,2019-01-06
c1999,46.640649,18.46745,-5.005391304347805,2019-01-07
c1999,46.640649,18.46745,,2019-01-08
c1999,46.640649,18.46745,-2.133565217391274,2019-01-09
c1999,46.640649,18.46745,,2019-01-10
c1999,46.640649,18.46745,-2.0447945205479297,2019-01-11
c1999,46.640649,18.46745,,2019-01-12
c1999,46.640649,18.46745,0.9779130434782696,2019-01-13
c1999,46.640649,18.46745,4.836869565217421,2019-01-14
c1999,46.640649,18.46745,0.1423595505618346,2019-01-15
c1999,46.640649,18.46745,4.019028571428608,2019-01-16
c1999,46.640649,18.46745,7.717217391304393,2019-01-17
c1999,46.640649,18.46745,,2019-01-18
c1999,46.640649,18.46745,,2019-01-19
c1999,46.640649,18.46745,,2019-01-20
c1999,46.640649,18.46745,0.117391304347851,2019-01-21
c1999,46.640649,18.46745,-14.909999999999968,2019-01-22
c1999,46.640649,18.46745,,2019-01-23
c1999,46.640649,18.46745,,2019-01-24
c1999,46.640649,18.46745,,2019-01-25
c1999,46.640649,18.46745,,2019-01-26
c1999,46.640649,18.46745,-3.499999999999961,2019-01-27
c1999,46.640649,18.46745,,2019-01-28
c1999,46.640649,18.46745,,2019-01-29
c1999,46.640649,18.46745,,2019-01-30
c1999,46.640649,18.46745,,2019-01-31
c1999,46.640649,18.46745,4.606323529411803,2019-02-01
c1999,46.640649,18.46745,,2019-02-02
c1999,46.640649,18.46745,,2019-02-03
c1999,46.640649,18.46745,-0.2354794520547672,2019-02-04
c1999,46.640649,18.46745,,2019-02-05
c1999,46.640649,18.46745,5.38991304347829,2019-02-06
c1999,46.640649,18.46745,4.507043478260906,2019-02-07
c1999,46.640649,18.46745,,2019-02-08
c1999,46.640649,18.46745,,2019-02-09
c1999,46.640649,18.46745,,2019-02-10
c1999,46.640649,18.46745,,2019-02-11
c1999,46.640649,18.46745,4.555333333333366,2019-02-12
c1999,46.640649,18.46745,0.802857142857186,2019-02-13
c1999,46.640649,18.46745,9.782695652173937,2019-02-14
c1999,46.640649,18.46745,6.276417112299495,2019-02-15
c1999,46.640649,18.46745,9.485652173913088,2019-02-16
c1999,46.640649,18.46745,13.403043478260912,2019-02-17
c1999,46.640649,18.46745,12.517739130434816,2019-02-18
c1999,46.640649,18.46745,14.984347826086983,2019-02-19
c1999,46.640649,18.46745,,2019-02-20
c1999,46.640649,18.46745,12.663565217391326,2019-02-21
c1999,46.640649,18.46745,3.903103448275868,2019-02-22
c1999,46.640649,18.46745,4.583652173913061,2019-02-23
c1999,46.640649,18.46745,,2019-02-24
c1999,46.640649,18.46745,,2019-02-25
c1999,46.640649,18.46745,13.644260869565231,2019-02-26
c1999,46.640649,18.46745,14.18956521739133,2019-02-27
c1999,46.640649,18.46745,18.76269565217393,2019-02-28
c1999,46.640649,18.46745,17.370695652173946,2019-03-01
c1999,46.640649,18.46745,,2019-03-02
c1999,46.640649,18.46745,,2019-03-03
c1999,46.640649,18.46745,17.392347826086986,2019-03-04
c1999,46.640649,18.46745,9.773333333333344,2019-03-05
c1999,46.640649,18.46745,15.670695652173958,2019-03-06
c1999,46.640649,18.46745,,2019-03-07
c1999,46.640649,18.46745,,2019-03-08
c1999,46.640649,18.46745,15.144554973822007,2019-03-09
c1999,46.640649,18.46745,,2019-03-10
c1999,46.640649,18.46745,,2019-03-11
c1999,46.640649,18.46745,10.226000000000038,2019-03-12
c1999,46.640649,18.46745,,2019-03-13
c1999,46.640649,18.46745,6.497058823529454,2019-03-14
c1999,46.640649,18.46745,13.215043478260908,2019-03-15
c1999,46.640649,18.46745,,2019-03-16
c1999,46.640649,18.46745,23.71843478260871,2019-03-17
c1999,46.640649,18.46745,,2019-03-18
c1999,46.640649,18.46745,,2019-03-19
c1999,46.640649,18.46745,19.185478260869605,2019-03-20
c1999,46.640649,18.46745,21.069913043478294,2019-03-21
c1999,46.640649,18.46745,21.495652173913065,2019-03-22
c1999,46.640649,18.46745,25.860434782608724,2019-03-23
c1999,46.640649,18.46745,26.31156521739133,2019-03-24
c1999,46.640649,18.46745,,2019-03-25
c1999,46.640649,18.46745,13.74530303030304,2019-03-26
c1999,46.640649,18.46745,,2019-03-27
c1999,46.640649,18.46745,21.33660869565221,2019-03-28
c1999,46.640649,18.46745,22.046521739130455,2019-03-29
c1999,46.640649,18.46745,20.153130434782636,2019-03-30
c1999,46.640649,18.46745,27.67130434782612,2019-03-31
c1999,46.640649,18.46745,26.445304347826134,2019-04-01
c1999,46.640649,18.46745,25.190086956521775,2019-04-02
c1999,46.640649,18.46745,17.479259259259287,2019-04-03
c1999,46.640649,18.46745,23.1234782608696,2019-04-04
c1999,46.640649,18.46745,,2019-04-05
c1999,46.640649,18.46745,17.49083333333334,2019-04-06
c1999,46.640649,18.46745,17.248000000000015,2019-04-07
c1999,46.640649,18.46745,18.496422018348657,2019-04-08
c1999,46.640649,18.46745,17.184761904761945,2019-04-09
c1999,46.640649,18.46745,18.634390243902462,2019-04-10
c1999,46.640649,18.46745,,2019-04-11
c1999,46.640649,18.46745,10.930000000000009,2019-04-12
c1999,46.640649,18.46745,,2019-04-13
c1999,46.640649,18.46745,,2019-04-14
c1999,46.640649,18.46745,17.050260869565246,2019-04-15
c1999,46.640649,18.46745,19.64295652173916,2019-04-16
c1999,46.640649,18.46745,23.027043478260904,2019-04-17
c1999,46.640649,18.46745,20.951391304347847,2019-04-18
c1999,46.640649,18.46745,27.95173913043482,2019-04-19
c1999,46.640649,18.46745,27.35504347826089,2019-04-20
c1999,46.640649,18.46745,28.453565217391343,2019-04-21
c1999,46.640649,18.46745,27.207391304347865,2019-04-22
c1999,46.640649,18.46745,,2019-04-23
c1999,46.640649,18.46745,27.406956521739172,2019-04-24
c1999,46.640649,18.46745,27.461304347826104,2019-04-25
c1999,46.640649,18.46745,26.918979591836752,2019-04-26
c1999,46.640649,18.46745,,2019-04-27
c1999,46.640649,18.46745,19.794210526315823,2019-04-28
c1999,46.640649,18.46745,,2019-04-29
c1999,46.640649,18.46745,19.38777777777783,2019-04-30
c1999,46.640649,18.46745,20.78582608695655,2019-05-01
c1999,46.640649,18.46745,25.122521739130477,2019-05-02
c1999,46.640649,18.46745,21.610000000000017,2019-05-03
c1999,46.640649,18.46745,,2019-05-04
c1999,46.640649,18.46745,,2019-05-05
c1999,46.640649,18.46745,,2019-05-06
c1999,46.640649,18.46745,14.425739130434826,2019-05-07
c1999,46.640649,18.46745,18.372434782608728,2019-05-08
c1999,46.640649,18.46745,,2019-05-09
c1999,46.640649,18.46745,19.569391304347853,2019-05-10
c1999,46.640649,18.46745,18.3418894009217,2019-05-11
c1999,46.640649,18.46745,20.588000000000022,2019-05-12
c1999,46.640649,18.46745,16.230000000000018,2019-05-13
c1999,46.640649,18.46745,,2019-05-14
c1999,46.640649,18.46745,,2019-05-15
c1999,46.640649,18.46745,,2019-05-16
c1999,46.640649,18.46745,,2019-05-17
c1999,46.640649,18.46745,17.870000000000005,2019-05-18
c1999,46.640649,18.46745,23.04626086956524,2019-05-19
c1999,46.640649,18.46745,17.370238095238125,2019-05-20
c1999,46.640649,18.46745,19.88121495327106,2019-05-21
c1999,46.640649,18.46745,,2019-05-22
c1999,46.640649,18.46745,13.850000000000025,2019-05-23
c1999,46.640649,18.46745,19.72333333333336,2019-05-24
c1999,46.640649,18.46745,26.71191304347828,2019-05-25
c1999,46.640649,18.46745,27.38608695652177,2019-05-26
c1999,46.640649,18.46745,,2019-05-27
c1999,46.640649,18.46745,22.3306666666667,2019-05-28
c1999,46.640649,18.46745,,2019-05-29
c1999,46.640649,18.46745,,2019-05-30
c1999,46.640649,18.46745,19.402307692307716,2019-05-31
c1999,46.640649,18.46745,20.693565217391324,2019-06-01
c1999,46.640649,18.46745,26.2654782608696,2019-06-02
c1999,46.640649,18.46745,27.717913043478298,2019-06-03
c1999,46.640649,18.46745,22.82684210526317,2019-06-04
c1999,46.640649,18.46745,,2019-06-05
c1999,46.640649,18.46745,20.59400000000005,2019-06-06
c1999,46.640649,18.46745,28.68286956521742,2019-06-07
c1999,46.640649,18.46745,29.57286956521742,2019-06-08
c1999,46.640649,18.46745,32.12530434782613,2019-06-09
c1999,46.640649,18.46745,29.8954676258993,2019-06-10
c1999,46.640649,18.46745,32.99313043478262,2019-06-11
c1999,46.640649,18.46745,28.617913043478303,2019-06-12
c1999,46.640649,18.46745,33.77278260869569,2019-06-13
c1999,46.640649,18.46745,33.56208695652177,2019-06-14
c1999,46.640649,18.46745,28.64248677248679,2019-06-15
c1999,46.640649,18.46745,30.668162162162194,2019-06-16
c1999,46.640649,18.46745,,2019-06-17
c1999,46.640649,18.46745,29.57060869565221,2019-06-18
c1999,46.640649,18.46745,25.148181818181836,2019-06-19
c1999,46.640649,18.46745,28.321127819548902,2019-06-20
c1999,46.640649,18.46745,29.03591304347828,2019-06-21
c1999,46.640649,18.46745,30.098000000000035,2019-06-22
c1999,46.640649,18.46745,,2019-06-23
c1999,46.640649,18.46745,,2019-06-24
c1999,46.640649,18.46745,29.585391304347866,2019-06-25
c1999,46.640649,18.46745,32.06269565217394,2019-06-26
c1999,46.640649,18.46745,33.323913043478285,2019-06-27
c1999,46.640649,18.46745,28.338260869565257,2019-06-28
c1999,46.640649,18.46745,30.05765217391307,2019-06-29
c1999,46.640649,18.46745,29.711043478260898,2019-06-30
c1999,46.640649,18.46745,36.095217391304374,2019-07-01
c1999,46.640649,18.46745,33.55956521739133,2019-07-02
c1999,46.640649,18.46745,32.54608695652177,2019-07-03
c1999,46.640649,18.46745,,2019-07-04
c1999,46.640649,18.46745,26.556782608695684,2019-07-05
c1999,46.640649,18.46745,34.45426086956524,2019-07-06
c1999,46.640649,18.46745,31.20704347826091,2019-07-07
c1999,46.640649,18.46745,25.870000000000005,2019-07-08
c1999,46.640649,18.46745,24.370000000000005,2019-07-09
c1999,46.640649,18.46745,25.040260869565245,2019-07-10
c1999,46.640649,18.46745,24.924645669291365,2019-07-11
c1999,46.640649,18.46745,,2019-07-12
c1999,46.640649,18.46745,,2019-07-13
c1999,46.640649,18.46745,,2019-07-14
c1999,46.640649,18.46745,27.38808695652175,2019-07-15
c1999,46.640649,18.46745,27.6206086956522,2019-07-16
c1999,46.640649,18.46745,31.03121739130436,2019-07-17
c1999,46.640649,18.46745,,2019-07-18
c1999,46.640649,18.46745,28.578611111111144,2019-07-19
c1999,46.640649,18.46745,34.29747826086961,2019-07-20
c1999,46.640649,18.46745,33.48090909090913,2019-07-21
c1999,46.640649,18.46745,34.62660869565219,2019-07-22
c1999,46.640649,18.46745,31.81630872483223,2019-07-23
c1999,46.640649,18.46745,34.964956521739175,2019-07-24
c1999,46.640649,18.46745,35.22939130434785,2019-07-25
c1999,46.640649,18.46745,33.824693877551056,2019-07-26
c1999,46.640649,18.46745,28.830000000000023,2019-07-27
c1999,46.640649,18.46745,,2019-07-28
c1999,46.640649,18.46745,,2019-07-29
c1999,46.640649,18.46745,27.176608695652213,2019-07-30
c1999,46.640649,18.46745,30.892222222222276,2019-07-31
c1999,46.640649,18.46745,26.868260869565248,2019-08-01
c1999,46.640649,18.46745,,2019-08-02
c1999,46.640649,18.46745,25.00713043478264,2019-08-03
c1999,46.640649,18.46745,25.367043478260904,2019-08-04
c1999,46.640649,18.46745,25.23597222222226,2019-08-05
c1999,46.640649,18.46745,29.543739130434812,2019-08-06
c1999,46.640649,18.46745,29.405739130434817,2019-08-07
c1999,46.640649,18.46745,21.393108108108144,2019-08-08
c1999,46.640649,18.46745,32.36982608695654,2019-08-09
c1999,46.640649,18.46745,32.06800000000003,2019-08-10
c1999,46.640649,18.46745,30.811130434782623,2019-08-11
c1999,46.640649,18.46745,35.10165217391308,2019-08-12
c1999,46.640649,18.46745,25.590000000000032,2019-08-13
c1999,46.640649,18.46745,,2019-08-14
c1999,46.640649,18.46745,24.20643478260874,2019-08-15
c1999,46.640649,18.46745,24.353619047619084,2019-08-16
c1999,46.640649,18.46745,22.53008695652178,2019-08-17
c1999,46.640649,18.46745,28.818956521739164,2019-08-18
c1999,46.640649,18.46745,31.740782608695692,2019-08-19
c1999,46.640649,18.46745,32.72260869565219,2019-08-20
c1999,46.640649,18.46745,28.47582608695655,2019-08-21
c1999,46.640649,18.46745,25.49533333333337,2019-08-22
c1999,46.640649,18.46745,28.710000000000036,2019-08-23
c1999,46.640649,18.46745,26.910000000000025,2019-08-24
c1999,46.640649,18.46745,,2019-08-25
c1999,46.640649,18.46745,21.110000000000017,2019-08-26
c1999,46.640649,18.46745,28.195316455696226,2019-08-27
c1999,46.640649,18.46745,32.23956521739135,2019-08-28
c1999,46.640649,18.46745,27.41000000000005,2019-08-29
c1999,46.640649,18.46745,,2019-08-30
c1999,46.640649,18.46745,30.430260869565263,2019-08-31
c1999,46.640649,18.46745,34.92713043478263,2019-09-01
c1999,46.640649,18.46745,31.627913043478305,2019-09-02
c1999,46.640649,18.46745,,2019-09-03
c1999,46.640649,18.46745,25.866869565217435,2019-09-04
c1999,46.640649,18.46745,29.96713043478262,2019-09-05
c1999,46.640649,18.46745,,2019-09-06
c1999,46.640649,18.46745,,2019-09-07
c1999,46.640649,18.46745,22.390000000000043,2019-09-08
c1999,46.640649,18.46745,,2019-09-09
c1999,46.640649,18.46745,18.151379310344844,2019-09-10
c1999,46.640649,18.46745,21.35313043478264,2019-09-11
c1999,46.640649,18.46745,24.44095652173917,2019-09-12
c1999,46.640649,18.46745,27.483478260869603,2019-09-13
c1999,46.640649,18.46745,27.10843478260874,2019-09-14
c1999,46.640649,18.46745,26.60443478260872,2019-09-15
c1999,46.640649,18.46745,28.886608695652217,2019-09-16
c1999,46.640649,18.46745,,2019-09-17
c1999,46.640649,18.46745,20.055565217391347,2019-09-18
c1999,46.640649,18.46745,,2019-09-19
c1999,46.640649,18.46745,19.71443478260873,2019-09-20
c1999,46.640649,18.46745,22.20834782608699,2019-09-21
c1999,46.640649,18.46745,24.17921739130437,2019-09-22
c1999,46.640649,18.46745,,2019-09-23
c1999,46.640649,18.46745,23.739518072289197,2019-09-24
c1999,46.640649,18.46745,,2019-09-25
c1999,46.640649,18.46745,18.84271428571432,2019-09-26
c1999,46.640649,18.46745,21.588452380952404,2019-09-27
c1999,46.640649,18.46745,23.983217391304382,2019-09-28
c1999,46.640649,18.46745,19.361600000000024,2019-09-29
c1999,46.640649,18.46745,24.06043478260875,2019-09-30
c1999,46.640649,18.46745,26.30704347826091,2019-10-01
c1999,46.640649,18.46745,25.8686666666667,2019-10-02
c1999,46.640649,18.46745,15.358695652173932,2019-10-03
c1999,46.640649,18.46745,16.928089887640493,2019-10-04
c1999,46.640649,18.46745,16.745280898876416,2019-10-05
c1999,46.640649,18.46745,14.274870466321277,2019-10-06
c1999,46.640649,18.46745,9.990000000000007,2019-10-07
c1999,46.640649,18.46745,18.076434782608736,2019-10-08
c1999,46.640649,18.46745,20.79886956521741,2019-10-09
c1999,46.640649,18.46745,11.350000000000025,2019-10-10
c1999,46.640649,18.46745,15.405652173913074,2019-10-11
c1999,46.640649,18.46745,20.94339130434784,2019-10-12
c1999,46.640649,18.46745,22.2921739130435,2019-10-13
c1999,46.640649,18.46745,14.489534883720973,2019-10-14
c1999,46.640649,18.46745,25.659652173913088,2019-10-15
c1999,46.640649,18.46745,19.27000000000004,2019-10-16
c1999,46.640649,18.46745,21.936521739130463,2019-10-17
c1999,46.640649,18.46745,21.06252173913045,2019-10-18
c1999,46.640649,18.46745,21.490782608695685,2019-10-19
c1999,46.640649,18.46745,23.859391304347863,2019-10-20
c1999,46.640649,18.46745,24.719478260869582,2019-10-21
c1999,46.640649,18.46745,24.73669565217394,2019-10-22
c1999,46.640649,18.46745,24.391217391304384,2019-10-23
c1999,46.640649,18.46745,24.304869565217416,2019-10-24
c1999,46.640649,18.46745,22.395304347826123,2019-10-25
c1999,46.640649,18.46745,23.378347826086983,2019-10-26
c1999,46.640649,18.46745,22.698869565217414,2019-10-27
c1999,46.640649,18.46745,,2019-10-28
c1999,46.640649,18.46745,,2019-10-29
c1999,46.640649,18.46745,,2019-10-30
c1999,46.640649,18.46745,,2019-10-31
c1999,46.640649,18.46745,10.29000000000002,2019-11-01
c1999,46.640649,18.46745,,2019-11-02
c1999,46.640649,18.46745,14.32191489361704,2019-11-03
c1999,46.640649,18.46745,,2019-11-04
c1999,46.640649,18.46745,13.054275862068994,2019-11-05
c1999,46.640649,18.46745,9.00584541062804,2019-11-06
c1999,46.640649,18.46745,12.933759398496264,2019-11-07
c1999,46.640649,18.46745,,2019-11-08
c1999,46.640649,18.46745,13.877479674796792,2019-11-09
c1999,46.640649,18.46745,,2019-11-10
c1999,46.640649,18.46745,10.30826086956525,2019-11-11
c1999,46.640649,18.46745,,2019-11-12
c1999,46.640649,18.46745,9.190000000000026,2019-11-13
c1999,46.640649,18.46745,10.067130434782642,2019-11-14
c1999,46.640649,18.46745,,2019-11-15
c1999,46.640649,18.46745,,2019-11-16
c1999,46.640649,18.46745,12.176347826087005,2019-11-17
c1999,46.640649,18.46745,11.887320574162723,2019-11-18
c1999,46.640649,18.46745,7.730000000000018,2019-11-19
c1999,46.640649,18.46745,,2019-11-20
c1999,46.640649,18.46745,9.207304347826108,2019-11-21
c1999,46.640649,18.46745,9.130000000000052,2019-11-22
c1999,46.640649,18.46745,8.072086956521774,2019-11-23
c1999,46.640649,18.46745,6.098995633187792,2019-11-24
c1999,46.640649,18.46745,8.165391304347848,2019-11-25
c1999,46.640649,18.46745,9.96181818181822,2019-11-26
c1999,46.640649,18.46745,,2019-11-27
c1999,46.640649,18.46745,,2019-11-28
c1999,46.640649,18.46745,,2019-11-29
c1999,46.640649,18.46745,5.488521739130463,2019-11-30
c1999,46.640649,18.46745,-1.0706060606060337,2019-12-01
c1999,46.640649,18.46745,,2019-12-02
c1999,46.640649,18.46745,1.495353535353565,2019-12-03
c1999,46.640649,18.46745,,2019-12-04
c1999,46.640649,18.46745,,2019-12-05
c1999,46.640649,18.46745,,2019-12-06
c1999,46.640649,18.46745,,2019-12-07
c1999,46.640649,18.46745,5.487130434782636,2019-12-08
c1999,46.640649,18.46745,,2019-12-09
c1999,46.640649,18.46745,2.2900000000000205,2019-12-10
c1999,46.640649,18.46745,2.7288695652174337,2019-12-11
c1999,46.640649,18.46745,,2019-12-12
c1999,46.640649,18.46745,3.934771573604107,2019-12-13
c1999,46.640649,18.46745,6.797478260869604,2019-12-14
c1999,46.640649,18.46745,2.101794871794884,2019-12-15
c1999,46.640649,18.46745,10.02382608695656,2019-12-16
c1999,46.640649,18.46745,,2019-12-17
c1999,46.640649,18.46745,10.221428571428588,2019-12-18
c1999,46.640649,18.46745,,2019-12-19
c1999,46.640649,18.46745,7.164666666666704,2019-12-20
c1999,46.640649,18.46745,,2019-12-21
c1999,46.640649,18.46745,,2019-12-22
c1999,46.640649,18.46745,,2019-12-23
c1999,46.640649,18.46745,6.553333333333374,2019-12-24
c1999,46.640649,18.46745,6.274028776978435,2019-12-25
c1999,46.640649,18.46745,5.436534653465377,2019-12-26
c1999,46.640649,18.46745,4.30989795918369,2019-12-27
c1999,46.640649,18.46745,0.290869565217413,2019-12-28
c1999,46.640649,18.46745,0.9417391304348024,2019-12-29
c1999,46.640649,18.46745,1.018608695652203,2019-12-30
c1999,46.640649,18.46745,-0.0782926829267941,2019-12-31
c1999,46.640649,18.46745,4.431565217391331,2020-01-01
c1999,46.640649,18.46745,2.270086956521776,2020-01-02
c1999,46.640649,18.46745,,2020-01-03
c1999,46.640649,18.46745,,2020-01-04
c1999,46.640649,18.46745,2.7405217391304664,2020-01-05
c1999,46.640649,18.46745,0.2779130434782993,2020-01-06
c1999,46.640649,18.46745,2.3237391304348227,2020-01-07
c1999,46.640649,18.46745,3.625161290322602,2020-01-08
c1999,46.640649,18.46745,0.7900000000000205,2020-01-09
c1999,46.640649,18.46745,3.787739130434819,2020-01-10
c1999,46.640649,18.46745,6.154695652173936,2020-01-11
c1999,46.640649,18.46745,5.103739130434815,2020-01-12
c1999,46.640649,18.46745,,2020-01-13
c1999,46.640649,18.46745,,2020-01-14
c1999,46.640649,18.46745,,2020-01-15
c1999,46.640649,18.46745,,2020-01-16
c1999,46.640649,18.46745,,2020-01-17
c1999,46.640649,18.46745,,2020-01-18
c1999,46.640649,18.46745,,2020-01-19
c1999,46.640649,18.46745,,2020-01-20
c1999,46.640649,18.46745,,2020-01-21
c1999,46.640649,18.46745,0.0203448275862491,2020-01-22
c1999,46.640649,18.46745,3.902260869565232,2020-01-23
c1999,46.640649,18.46745,2.4680000000000306,2020-01-24
c1999,46.640649,18.46745,,2020-01-25
c1999,46.640649,18.46745,,2020-01-26
c1999,46.640649,18.46745,,2020-01-27
c1999,46.640649,18.46745,2.07000000000005,2020-01-28
c1999,46.640649,18.46745,,2020-01-29
c1999,46.640649,18.46745,4.177913043478296,2020-01-30
c1999,46.640649,18.46745,,2020-01-31
c1999,46.640649,18.46745,12.324608695652213,2020-02-01
c1999,46.640649,18.46745,13.800173913043515,2020-02-02
c1999,46.640649,18.46745,4.150000000000034,2020-02-03
c1999,46.640649,18.46745,,2020-02-04
c1999,46.640649,18.46745,3.62663366336636,2020-02-05
c1999,46.640649,18.46745,4.512695652173938,2020-02-06
c1999,46.640649,18.46745,2.982953367875675,2020-02-07
c1999,46.640649,18.46745,4.920243902439059,2020-02-08
c1999,46.640649,18.46745,7.917913043478287,2020-02-09
c1999,46.640649,18.46745,9.27000000000004,2020-02-10
c1999,46.640649,18.46745,6.231851851851881,2020-02-11
c1999,46.640649,18.46745,8.380347826086972,2020-02-12
c1999,46.640649,18.46745,4.587974683544344,2020-02-13
c1999,46.640649,18.46745,,2020-02-14
c1999,46.640649,18.46745,11.571217391304376,2020-02-15
c1999,46.640649,18.46745,6.837391304347858,2020-02-16
c1999,46.640649,18.46745,,2020-02-17
c1999,46.640649,18.46745,,2020-02-18
c1999,46.640649,18.46745,8.74533333333337,2020-02-19
c1999,46.640649,18.46745,10.01608695652178,2020-02-20
c1999,46.640649,18.46745,0.2300000000000182,2020-02-21
c1999,46.640649,18.46745,8.626434782608722,2020-02-22
c1999,46.640649,18.46745,,2020-02-23
c1999,46.640649,18.46745,11.574761904761942,2020-02-24
c1999,46.640649,18.46745,17.076521739130452,2020-02-25
c1999,46.640649,18.46745,,2020-02-26
c1999,46.640649,18.46745,6.7333043478261185,2020-02-27
c1999,46.640649,18.46745,,2020-02-28
c1999,46.640649,18.46745,6.260370370370391,2020-02-29
c1999,46.640649,18.46745,,2020-03-01
c1999,46.640649,18.46745,12.521823899371086,2020-03-02
c1999,46.640649,18.46745,,2020-03-03
c1999,46.640649,18.46745,,2020-03-04
c1999,46.640649,18.46745,13.386173913043503,2020-03-05
c1999,46.640649,18.46745,,2020-03-06
c1999,46.640649,18.46745,8.08826086956524,2020-03-07
c1999,46.640649,18.46745,10.23666666666668,2020-03-08
c1999,46.640649,18.46745,14.700869565217404,2020-03-09
c1999,46.640649,18.46745,12.752869565217413,2020-03-10
c1999,46.640649,18.46745,15.187720207253914,2020-03-11
c1999,46.640649,18.46745,21.746521739130458,2020-03-12
c1999,46.640649,18.46745,,2020-03-13
c1999,46.640649,18.46745,9.614905660377392,2020-03-14
c1999,46.640649,18.46745,12.60904347826091,2020-03-15
c1999,46.640649,18.46745,15.683565217391344,2020-03-16
c1999,46.640649,18.46745,17.887130434782655,2020-03-17
c1999,46.640649,18.46745,23.041565217391348,2020-03-18
c1999,46.640649,18.46745,24.51052173913046,2020-03-19
c1999,46.640649,18.46745,25.087130434782647,2020-03-20
c1999,46.640649,18.46745,20.58873239436623,2020-03-21
c1999,46.640649,18.46745,,2020-03-22
c1999,46.640649,18.46745,,2020-03-23
c1999,46.640649,18.46745,,2020-03-24
c1999,46.640649,18.46745,,2020-03-25
c1999,46.640649,18.46745,,2020-03-26
c1999,46.640649,18.46745,17.56626086956526,2020-03-27
c1999,46.640649,18.46745,20.305478260869595,2020-03-28
c1999,46.640649,18.46745,20.426521739130465,2020-03-29
c1999,46.640649,18.46745,,2020-03-30
c1999,46.640649,18.46745,16.910000000000025,2020-03-31
c1999,46.640649,18.46745,17.740869565217416,2020-04-01
c1999,46.640649,18.46745,18.15773913043479,2020-04-02
c1999,46.640649,18.46745,24.138347826087,2020-04-03
c1999,46.640649,18.46745,20.903739130434808,2020-04-04
c1999,46.640649,18.46745,23.927652173913064,2020-04-05
c1999,46.640649,18.46745,23.197043478260905,2020-04-06
c1999,46.640649,18.46745,25.10208695652176,2020-04-07
c1999,46.640649,18.46745,28.491913043478284,2020-04-08
c1999,46.640649,18.46745,28.90843478260873,2020-04-09
c1999,46.640649,18.46745,28.201130434782655,2020-04-10
c1999,46.640649,18.46745,25.698956521739145,2020-04-11
c1999,46.640649,18.46745,29.55478260869568,2020-04-12
c1999,46.640649,18.46745,,2020-04-13
c1999,46.640649,18.46745,,2020-04-14
c1999,46.640649,18.46745,22.120260869565232,2020-04-15
c1999,46.640649,18.46745,23.78669565217395,2020-04-16
c1999,46.640649,18.46745,27.6101739130435,2020-04-17
c1999,46.640649,18.46745,22.85333333333337,2020-04-18
c1999,46.640649,18.46745,25.147005988023984,2020-04-19
c1999,46.640649,18.46745,22.750086956521773,2020-04-20
c1999,46.640649,18.46745,25.733478260869585,2020-04-21
c1999,46.640649,18.46745,27.492695652173943,2020-04-22
c1999,46.640649,18.46745,28.910173913043515,2020-04-23
c1999,46.640649,18.46745,29.45234782608699,2020-04-24
c1999,46.640649,18.46745,29.472000000000023,2020-04-25
c1999,46.640649,18.46745,27.304695652173947,2020-04-26
c1999,46.640649,18.46745,24.18315789473685,2020-04-27
c1999,46.640649,18.46745,27.136869565217417,2020-04-28
c1999,46.640649,18.46745,24.33285714285718,2020-04-29
c1999,46.640649,18.46745,26.5846086956522,2020-04-30
c1999,46.640649,18.46745,,2020-05-01
c1999,46.640649,18.46745,23.422086956521767,2020-05-02
c1999,46.640649,18.46745,19.519516129032297,2020-05-03
c1999,46.640649,18.46745,24.44382608695656,2020-05-04
c1999,46.640649,18.46745,,2020-05-05
c1999,46.640649,18.46745,15.147297297297335,2020-05-06
c1999,46.640649,18.46745,20.912695652173955,2020-05-07
c1999,46.640649,18.46745,25.154909090909108,2020-05-08
c1999,46.640649,18.46745,30.1213043478261,2020-05-09
c1999,46.640649,18.46745,23.402173913043512,2020-05-10
c1999,46.640649,18.46745,24.713414634146353,2020-05-11
c1999,46.640649,18.46745,,2020-05-12
c1999,46.640649,18.46745,23.25113043478265,2020-05-13
c1999,46.640649,18.46745,25.47808695652177,2020-05-14
c1999,46.640649,18.46745,24.559411764705903,2020-05-15
c1999,46.640649,18.46745,,2020-05-16
c1999,46.640649,18.46745,,2020-05-17
c1999,46.640649,18.46745,25.48626086956525,2020-05-18
c1999,46.640649,18.46745,,2020-05-19
c1999,46.640649,18.46745,,2020-05-20
c1999,46.640649,18.46745,23.67243478260872,2020-05-21
c1999,46.640649,18.46745,26.1746086956522,2020-05-22
c1999,46.640649,18.46745,,2020-05-23
c1999,46.640649,18.46745,16.234444444444463,2020-05-24
c1999,46.640649,18.46745,17.614324324324365,2020-05-25
c1999,46.640649,18.46745,21.218965517241426,2020-05-26
c1999,46.640649,18.46745,23.29626086956525,2020-05-27
c1999,46.640649,18.46745,24.130956521739144,2020-05-28
c1999,46.640649,18.46745,,2020-05-29
c1999,46.640649,18.46745,21.6339285714286,2020-05-30
c1999,46.640649,18.46745,,2020-05-31
c1999,46.640649,18.46745,26.2341739130435,2020-06-01
c1999,46.640649,18.46745,21.85237288135596,2020-06-02
c1999,46.640649,18.46745,26.011311475409855,2020-06-03
c1999,46.640649,18.46745,24.77794392523368,2020-06-04
c1999,46.640649,18.46745,,2020-06-05
c1999,46.640649,18.46745,26.156391752577353,2020-06-06
c1999,46.640649,18.46745,27.1607317073171,2020-06-07
c1999,46.640649,18.46745,22.590000000000032,2020-06-08
c1999,46.640649,18.46745,26.35710843373496,2020-06-09
c1999,46.640649,18.46745,23.92586206896554,2020-06-10
c1999,46.640649,18.46745,22.32646017699116,2020-06-11
c1999,46.640649,18.46745,19.967961783439527,2020-06-12
c1999,46.640649,18.46745,27.251658031088137,2020-06-13
c1999,46.640649,18.46745,27.162187500000012,2020-06-14
c1999,46.640649,18.46745,,2020-06-15
c1999,46.640649,18.46745,,2020-06-16
c1999,46.640649,18.46745,,2020-06-17
c1999,46.640649,18.46745,,2020-06-18
c1999,46.640649,18.46745,25.139710144927545,2020-06-19
c1999,46.640649,18.46745,20.390000000000043,2020-06-20
c1999,46.640649,18.46745,,2020-06-21
c1999,46.640649,18.46745,,2020-06-22
c1999,46.640649,18.46745,23.73356521739133,2020-06-23
c1999,46.640649,18.46745,28.233913043478292,2020-06-24
c1999,46.640649,18.46745,,2020-06-25
c1999,46.640649,18.46745,25.656341463414673,2020-06-26
c1999,46.640649,18.46745,31.935130434782614,2020-06-27
c1999,46.640649,18.46745,32.07556521739133,2020-06-28
c1999,46.640649,18.46745,33.02556521739134,2020-06-29
c1999,46.640649,18.46745,26.429217391304388,2020-06-30
c1999,46.640649,18.46745,32.17156521739135,2020-07-01
c1999,46.640649,18.46745,29.966173913043505,2020-07-02
c1999,46.640649,18.46745,,2020-07-03
c1999,46.640649,18.46745,26.147546012269967,2020-07-04
c1999,46.640649,18.46745,31.06200000000001,2020-07-05
c1999,46.640649,18.46745,32.064173913043504,2020-07-06
c1999,46.640649,18.46745,22.095043478260894,2020-07-07
c1999,46.640649,18.46745,28.24904347826092,2020-07-08
c1999,46.640649,18.46745,29.54295652173916,2020-07-09
c1999,46.640649,18.46745,34.870608695652194,2020-07-10
c1999,46.640649,18.46745,33.973043478260884,2020-07-11
c1999,46.640649,18.46745,22.43000000000003,2020-07-12
c1999,46.640649,18.46745,24.419322033898315,2020-07-13
c1999,46.640649,18.46745,26.619130434782637,2020-07-14
c1999,46.640649,18.46745,26.20739130434787,2020-07-15
c1999,46.640649,18.46745,,2020-07-16
c1999,46.640649,18.46745,,2020-07-17
c1999,46.640649,18.46745,,2020-07-18
c1999,46.640649,18.46745,20.946296296296353,2020-07-19
c1999,46.640649,18.46745,25.099043478260903,2020-07-20
c1999,46.640649,18.46745,33.90295652173915,2020-07-21
c1999,46.640649,18.46745,26.878059701492568,2020-07-22
c1999,46.640649,18.46745,26.067837837837867,2020-07-23
c1999,46.640649,18.46745,29.035090909090936,2020-07-24
c1999,46.640649,18.46745,,2020-07-25
c1999,46.640649,18.46745,27.358000000000025,2020-07-26
c1999,46.640649,18.46745,29.475565217391328,2020-07-27
c1999,46.640649,18.46745,32.35443478260872,2020-07-28
c1999,46.640649,18.46745,32.96930434782613,2020-07-29
c1999,46.640649,18.46745,32.76139130434784,2020-07-30
c1999,46.640649,18.46745,34.493913043478315,2020-07-31
c1999,46.640649,18.46745,31.17078260869568,2020-08-01
c1999,46.640649,18.46745,32.4799130434783,2020-08-02
c1999,46.640649,18.46745,28.250000000000057,2020-08-03
c1999,46.640649,18.46745,,2020-08-04
c1999,46.640649,18.46745,,2020-08-05
c1999,46.640649,18.46745,,2020-08-06
c1999,46.640649,18.46745,27.77933333333336,2020-08-07
c1999,46.640649,18.46745,28.21356521739133,2020-08-08
c1999,46.640649,18.46745,33.853391304347845,2020-08-09
c1999,46.640649,18.46745,30.23678260869567,2020-08-10
c1999,46.640649,18.46745,32.7470434782609,2020-08-11
c1999,46.640649,18.46745,30.539391304347856,2020-08-12
c1999,46.640649,18.46745,33.133391304347846,2020-08-13
c1999,46.640649,18.46745,,2020-08-14
c1999,46.640649,18.46745,27.83000000000004,2020-08-15
c1999,46.640649,18.46745,30.13234042553193,2020-08-16
c1999,46.640649,18.46745,28.178956521739156,2020-08-17
c1999,46.640649,18.46745,24.078351648351667,2020-08-18
c1999,46.640649,18.46745,23.55530434782613,2020-08-19
c1999,46.640649,18.46745,29.692608695652208,2020-08-20
c1999,46.640649,18.46745,31.673739130434814,2020-08-21
c1999,46.640649,18.46745,32.26113043478263,2020-08-22
c1999,46.640649,18.46745,25.970000000000027,2020-08-23
c1999,46.640649,18.46745,,2020-08-24
c1999,46.640649,18.46745,30.12791304347829,2020-08-25
c1999,46.640649,18.46745,29.197565217391347,2020-08-26
c1999,46.640649,18.46745,31.49295652173915,2020-08-27
c1999,46.640649,18.46745,30.705130434782628,2020-08-28
c1999,46.640649,18.46745,35.41600000000005,2020-08-29
c1999,46.640649,18.46745,28.372105263157916,2020-08-30
c1999,46.640649,18.46745,27.77000000000004,2020-08-31
c1999,46.640649,18.46745,20.210000000000036,2020-09-01
c1999,46.640649,18.46745,21.39800000000005,2020-09-02
c1999,46.640649,18.46745,24.67286956521743,2020-09-03
c1999,46.640649,18.46745,27.158000000000023,2020-09-04
c1999,46.640649,18.46745,28.91930434782613,2020-09-05
c1999,46.640649,18.46745,31.162695652173955,2020-09-06
c1999,46.640649,18.46745,25.816869565217424,2020-09-07
c1999,46.640649,18.46745,28.896869565217415,2020-09-08
c1999,46.640649,18.46745,29.53391304347829,2020-09-09
c1999,46.640649,18.46745,32.11582608695656,2020-09-10
c1999,46.640649,18.46745,27.421547619047654,2020-09-11
c1999,46.640649,18.46745,31.898521739130473,2020-09-12
c1999,46.640649,18.46745,32.94695652173917,2020-09-13
c1999,46.640649,18.46745,32.727826086956554,2020-09-14
c1999,46.640649,18.46745,33.85913043478263,2020-09-15
c1999,46.640649,18.46745,,2020-09-16
c1999,46.640649,18.46745,26.074218750000036,2020-09-17
c1999,46.640649,18.46745,25.189393939393952,2020-09-18
c1999,46.640649,18.46745,25.33986486486488,2020-09-19
c1999,46.640649,18.46745,27.26034782608699,2020-09-20
c1999,46.640649,18.46745,28.20365217391307,2020-09-21
c1999,46.640649,18.46745,30.228086956521768,2020-09-22
c1999,46.640649,18.46745,27.972090909090944,2020-09-23
c1999,46.640649,18.46745,29.267826086956553,2020-09-24
c1999,46.640649,18.46745,,2020-09-25
c1999,46.640649,18.46745,,2020-09-26
c1999,46.640649,18.46745,17.18696969696973,2020-09-27
c1999,46.640649,18.46745,,2020-09-28
c1999,46.640649,18.46745,15.510000000000048,2020-09-29
c1999,46.640649,18.46745,,2020-09-30
c1999,46.640649,18.46745,,2020-10-01
c1999,46.640649,18.46745,19.97849557522127,2020-10-02
c1999,46.640649,18.46745,17.12259259259261,2020-10-03
c1999,46.640649,18.46745,19.910000000000025,2020-10-04
c1999,46.640649,18.46745,22.305391304347857,2020-10-05
c1999,46.640649,18.46745,22.24556521739133,2020-10-06
c1999,46.640649,18.46745,,2020-10-07
c1999,46.640649,18.46745,17.02043478260875,2020-10-08
c1999,46.640649,18.46745,,2020-10-09
c1999,46.640649,18.46745,22.622000000000043,2020-10-10
c1999,46.640649,18.46745,,2020-10-11
c1999,46.640649,18.46745,,2020-10-12
c1999,46.640649,18.46745,,2020-10-13
c1999,46.640649,18.46745,10.531097560975631,2020-10-14
c1999,46.640649,18.46745,,2020-10-15
c1999,46.640649,18.46745,,2020-10-16
c1999,46.640649,18.46745,,2020-10-17
c1999,46.640649,18.46745,8.261219512195163,2020-10-18
c1999,46.640649,18.46745,16.03000000000003,2020-10-19
c1999,46.640649,18.46745,14.142173913043514,2020-10-20
c1999,46.640649,18.46745,4.8566666666667135,2020-10-21
c1999,46.640649,18.46745,18.04000000000002,2020-10-22
c1999,46.640649,18.46745,14.928352941176488,2020-10-23
c1999,46.640649,18.46745,,2020-10-24
c1999,46.640649,18.46745,,2020-10-25
c1999,46.640649,18.46745,12.995871559633049,2020-10-26
c1999,46.640649,18.46745,16.80243478260872,2020-10-27
c1999,46.640649,18.46745,,2020-10-28
c1999,46.640649,18.46745,,2020-10-29
c1999,46.640649,18.46745,,2020-10-30
c1999,46.640649,18.46745,,2020-10-31
c1999,46.640649,18.46745,12.48417142857146,2020-11-01
c1999,46.640649,18.46745,,2020-11-02
c1999,46.640649,18.46745,,2020-11-03
c1999,46.640649,18.46745,,2020-11-04
c1999,46.640649,18.46745,,2020-11-05
c1999,46.640649,18.46745,13.396434782608738,2020-11-06
c1999,46.640649,18.46745,13.450521739130464,2020-11-07
c1999,46.640649,18.46745,10.670000000000016,2020-11-08
c1999,46.640649,18.46745,12.621764705882386,2020-11-09
c1999,46.640649,18.46745,,2020-11-10
c1999,46.640649,18.46745,,2020-11-11
c1999,46.640649,18.46745,,2020-11-12
c1999,46.640649,18.46745,10.853809523809558,2020-11-13
c1999,46.640649,18.46745,,2020-11-14
c1999,46.640649,18.46745,,2020-11-15
c1999,46.640649,18.46745,11.094444444444484,2020-11-16
c1999,46.640649,18.46745,6.882758620689701,2020-11-17
c1999,46.640649,18.46745,13.167391304347852,2020-11-18
c1999,46.640649,18.46745,,2020-11-19
c1999,46.640649,18.46745,,2020-11-20
c1999,46.640649,18.46745,4.522869565217404,2020-11-21
c1999,46.640649,18.46745,4.280173913043502,2020-11-22
c1999,46.640649,18.46745,4.027254901960822,2020-11-23
c1999,46.640649,18.46745,,2020-11-24
c1999,46.640649,18.46745,,2020-11-25
c1999,46.640649,18.46745,,2020-11-26
c1999,46.640649,18.46745,,2020-11-27
c1999,46.640649,18.46745,,2020-11-28
c1999,46.640649,18.46745,4.411746724890853,2020-11-29
c1999,46.640649,18.46745,5.1253043478261135,2020-11-30
c1999,46.640649,18.46745,1.910000000000025,2020-12-01
c1999,46.640649,18.46745,-5.269999999999982,2020-12-02
c1999,46.640649,18.46745,,2020-12-03
c1999,46.640649,18.46745,3.7325806451613146,2020-12-04
c1999,46.640649,18.46745,,2020-12-05
c1999,46.640649,18.46745,9.939652173913052,2020-12-06
c1999,46.640649,18.46745,,2020-12-07
c1999,46.640649,18.46745,,2020-12-08
c1999,46.640649,18.46745,-1.0789655172413546,2020-12-09
c1999,46.640649,18.46745,,2020-12-10
c1999,46.640649,18.46745,,2020-12-11
c1999,46.640649,18.46745,,2020-12-12
c1999,46.640649,18.46745,,2020-12-13
c1999,46.640649,18.46745,-1.47439024390241,2020-12-14
c1999,46.640649,18.46745,,2020-12-15
c1999,46.640649,18.46745,,2020-12-16
c1999,46.640649,18.46745,0.4832173913043962,2020-12-17
c1999,46.640649,18.46745,,2020-12-18
c1999,46.640649,18.46745,,2020-12-19
c1999,46.640649,18.46745,-0.8193043478260387,2020-12-20
c1999,46.640649,18.46745,,2020-12-21
c1999,46.640649,18.46745,,2020-12-22
c1999,46.640649,18.46745,8.80113043478263,2020-12-23
c1999,46.640649,18.46745,,2020-12-24
c1999,46.640649,18.46745,,2020-12-25
c1999,46.640649,18.46745,1.6563414634146698,2020-12-26
c1999,46.640649,18.46745,,2020-12-27
c1999,46.640649,18.46745,,2020-12-28
c1999,46.640649,18.46745,8.676434782608721,2020-12-29
c1999,46.640649,18.46745,,2020-12-30
c1999,46.640649,18.46745,,2020-12-31
c1999,46.640649,18.46745,5.435913043478304,2021-01-01
c1999,46.640649,18.46745,3.541428571428615,2021-01-02
c1999,46.640649,18.46745,4.285675675675715,2021-01-03
c1999,46.640649,18.46745,,2021-01-04
c1999,46.640649,18.46745,,2021-01-05
c1999,46.640649,18.46745,3.590000000000023,2021-01-06
c1999,46.640649,18.46745,5.690695652173938,2021-01-07
c1999,46.640649,18.46745,,2021-01-08
c1999,46.640649,18.46745,3.375913043478303,2021-01-09
c1999,46.640649,18.46745,,2021-01-10
c1999,46.640649,18.46745,0.7153658536585629,2021-01-11
c1999,46.640649,18.46745,2.191538461538486,2021-01-12
c1999,46.640649,18.46745,2.5619130434782953,2021-01-13
c1999,46.640649,18.46745,1.6793913043478572,2021-01-14
c1999,46.640649,18.46745,0.1564516129032589,2021-01-15
c1999,46.640649,18.46745,,2021-01-16
c1999,46.640649,18.46745,,2021-01-17
c1999,46.640649,18.46745,-3.3899999999999864,2021-01-18
c1999,46.640649,18.46745,,2021-01-19
c1999,46.640649,18.46745,4.46921739130436,2021-01-20
c1999,46.640649,18.46745,,2021-01-21
c1999,46.640649,18.46745,,2021-01-22
c1999,46.640649,18.46745,,2021-01-23
c1999,46.640649,18.46745,5.967350993377497,2021-01-24
c1999,46.640649,18.46745,4.385304347826107,2021-01-25
c1999,46.640649,18.46745,3.0099130434782966,2021-01-26
c1999,46.640649,18.46745,1.3860000000000272,2021-01-27
c1999,46.640649,18.46745,,2021-01-28
c1999,46.640649,18.46745,,2021-01-29
c1999,46.640649,18.46745,7.858930232558171,2021-01-30
c1999,46.640649,18.46745,,2021-01-31
c1999,46.640649,18.46745,-1.5975999999999693,2021-02-01
c1999,46.640649,18.46745,,2021-02-02
c1999,46.640649,18.46745,4.707500000000017,2021-02-03
c1999,46.640649,18.46745,13.850521739130448,2021-02-04
c1999,46.640649,18.46745,,2021-02-05
c1999,46.640649,18.46745,,2021-02-06
c1999,46.640649,18.46745,,2021-02-07
c1999,46.640649,18.46745,5.530000000000046,2021-02-08
c1999,46.640649,18.46745,,2021-02-09
c1999,46.640649,18.46745,-21.569999999999965,2021-02-10
c1999,46.640649,18.46745,,2021-02-11
c1999,46.640649,18.46745,-1.7893043478260402,2021-02-12
c1999,46.640649,18.46745,-0.4742608695651883,2021-02-13
c1999,46.640649,18.46745,0.4314782608695836,2021-02-14
c1999,46.640649,18.46745,3.971391304347859,2021-02-15
c1999,46.640649,18.46745,,2021-02-16
c1999,46.640649,18.46745,,2021-02-17
c1999,46.640649,18.46745,11.417217391304392,2021-02-18
c1999,46.640649,18.46745,2.9547422680412745,2021-02-19
c1999,46.640649,18.46745,11.130000000000052,2021-02-20
c1999,46.640649,18.46745,,2021-02-21
c1999,46.640649,18.46745,15.433826086956543,2021-02-22
c1999,46.640649,18.46745,13.973478260869609,2021-02-23
c1999,46.640649,18.46745,16.27878260869566,2021-02-24
c1999,46.640649,18.46745,18.167043478260904,2021-02-25
c1999,46.640649,18.46745,19.571130434782628,2021-02-26
c1999,46.640649,18.46745,10.760260869565233,2021-02-27
c1999,46.640649,18.46745,15.184000000000031,2021-02-28
c1999,46.640649,18.46745,15.723391304347874,2021-03-01
c1999,46.640649,18.46745,16.180782608695694,2021-03-02
c1999,46.640649,18.46745,19.509217391304375,2021-03-03
c1999,46.640649,18.46745,,2021-03-04
c1999,46.640649,18.46745,,2021-03-05
c1999,46.640649,18.46745,12.04660869565222,2021-03-06
c1999,46.640649,18.46745,13.41634782608698,2021-03-07
c1999,46.640649,18.46745,13.61060869565219,2021-03-08
c1999,46.640649,18.46745,7.870909090909097,2021-03-09
c1999,46.640649,18.46745,9.57536585365857,2021-03-10
c1999,46.640649,18.46745,11.894347826087005,2021-03-11
c1999,46.640649,18.46745,10.538275862068994,2021-03-12
c1999,46.640649,18.46745,13.112782608695682,2021-03-13
c1999,46.640649,18.46745,,2021-03-14
c1999,46.640649,18.46745,,2021-03-15
c1999,46.640649,18.46745,9.640052356020988,2021-03-16
c1999,46.640649,18.46745,9.768909090909109,2021-03-17
c1999,46.640649,18.46745,,2021-03-18
c1999,46.640649,18.46745,10.059043478260914,2021-03-19
c1999,46.640649,18.46745,9.740956521739156,2021-03-20
c1999,46.640649,18.46745,14.684608695652209,2021-03-21
c1999,46.640649,18.46745,8.805855855855889,2021-03-22
c1999,46.640649,18.46745,17.782000000000053,2021-03-23
c1999,46.640649,18.46745,,2021-03-24
c1999,46.640649,18.46745,19.931913043478303,2021-03-25
c1999,46.640649,18.46745,24.625652173913075,2021-03-26
c1999,46.640649,18.46745,15.491000000000025,2021-03-27
c1999,46.640649,18.46745,,2021-03-28
c1999,46.640649,18.46745,19.039595375722577,2021-03-29
c1999,46.640649,18.46745,,2021-03-30
c1999,46.640649,18.46745,26.877272727272786,2021-03-31
c1999,46.640649,18.46745,29.314086956521756,2021-04-01
c1999,46.640649,18.46745,23.14608695652177,2021-04-02
c1999,46.640649,18.46745,17.70686486486489,2021-04-03
c1999,46.640649,18.46745,18.43363636363639,2021-04-04
c1999,46.640649,18.46745,19.508260869565262,2021-04-05
c1999,46.640649,18.46745,,2021-04-06
c1999,46.640649,18.46745,15.125555555555568,2021-04-07
c1999,46.640649,18.46745,16.092302158273398,2021-04-08
c1999,46.640649,18.46745,21.733913043478285,2021-04-09
c1999,46.640649,18.46745,21.17182608695656,2021-04-10
c1999,46.640649,18.46745,,2021-04-11
c1999,46.640649,18.46745,20.856593406593426,2021-04-12
c1999,46.640649,18.46745,,2021-04-13
c1999,46.640649,18.46745,,2021-04-14
c1999,46.640649,18.46745,8.57000000000005,2021-04-15
c1999,46.640649,18.46745,,2021-04-16
c1999,46.640649,18.46745,,2021-04-17
c1999,46.640649,18.46745,,2021-04-18
c1999,46.640649,18.46745,,2021-04-19
c1999,46.640649,18.46745,12.152061855670125,2021-04-20
c1999,46.640649,18.46745,20.783130434782652,2021-04-21
c1999,46.640649,18.46745,25.066260869565248,2021-04-22
c1999,46.640649,18.46745,17.61756521739134,2021-04-23
c1999,46.640649,18.46745,24.619826086956543,2021-04-24
c1999,46.640649,18.46745,25.322682926829295,2021-04-25
c1999,46.640649,18.46745,,2021-04-26
c1999,46.640649,18.46745,19.226363636363654,2021-04-27
c1999,46.640649,18.46745,,2021-04-28
c1999,46.640649,18.46745,23.848415841584178,2021-04-29
c1999,46.640649,18.46745,24.77947826086958,2021-04-30
c1999,46.640649,18.46745,,2021-05-01
c1999,46.640649,18.46745,23.710000000000036,2021-05-02
c1999,46.640649,18.46745,23.706585365853687,2021-05-03
c1999,46.640649,18.46745,26.627304347826115,2021-05-04
c1999,46.640649,18.46745,25.361652173913072,2021-05-05
c1999,46.640649,18.46745,,2021-05-06
c1999,46.640649,18.46745,,2021-05-07
c1999,46.640649,18.46745,18.703913043478288,2021-05-08
c1999,46.640649,18.46745,22.918260869565255,2021-05-09
c1999,46.640649,18.46745,29.32843478260872,2021-05-10
c1999,46.640649,18.46745,32.01504347826089,2021-05-11
c1999,46.640649,18.46745,,2021-05-12
c1999,46.640649,18.46745,,2021-05-13
c1999,46.640649,18.46745,,2021-05-14
c1999,46.640649,18.46745,,2021-05-15
c1999,46.640649,18.46745,16.919923664122145,2021-05-16
c1999,46.640649,18.46745,16.710000000000036,2021-05-17
c1999,46.640649,18.46745,18.307407407407432,2021-05-18
c1999,46.640649,18.46745,,2021-05-19
c1999,46.640649,18.46745,,2021-05-20
c1999,46.640649,18.46745,19.343739130434823,2021-05-21
c1999,46.640649,18.46745,,2021-05-22
c1999,46.640649,18.46745,20.74533333333336,2021-05-23
c1999,46.640649,18.46745,,2021-05-24
c1999,46.640649,18.46745,,2021-05-25
c1999,46.640649,18.46745,23.738782608695683,2021-05-26
c1999,46.640649,18.46745,25.136260869565255,2021-05-27
c1999,46.640649,18.46745,23.687739130434817,2021-05-28
c1999,46.640649,18.46745,23.277130434782656,2021-05-29
c1999,46.640649,18.46745,20.58675675675681,2021-05-30
c1999,46.640649,18.46745,22.24512195121954,2021-05-31
c1999,46.640649,18.46745,22.67373913043482,2021-06-01
c1999,46.640649,18.46745,26.58208695652177,2021-06-02
c1999,46.640649,18.46745,28.454347826086973,2021-06-03
c1999,46.640649,18.46745,32.311913043478306,2021-06-04
c1999,46.640649,18.46745,30.898208092485564,2021-06-05
c1999,46.640649,18.46745,,2021-06-06
c1999,46.640649,18.46745,30.142807017543884,2021-06-07
c1999,46.640649,18.46745,30.0110434782609,2021-06-08
c1999,46.640649,18.46745,33.38330434782612,2021-06-09
c1999,46.640649,18.46745,30.35682926829273,2021-06-10
c1999,46.640649,18.46745,31.59347826086961,2021-06-11
c1999,46.640649,18.46745,29.637464788732434,2021-06-12
c1999,46.640649,18.46745,25.378521739130463,2021-06-13
c1999,46.640649,18.46745,25.286608695652195,2021-06-14
c1999,46.640649,18.46745,30.890782608695694,2021-06-15
c1999,46.640649,18.46745,33.588173913043505,2021-06-16
c1999,46.640649,18.46745,31.703391304347853,2021-06-17
c1999,46.640649,18.46745,27.80345794392525,2021-06-18
c1999,46.640649,18.46745,34.05095652173915,2021-06-19
c1999,46.640649,18.46745,36.50313043478264,2021-06-20
c1999,46.640649,18.46745,31.078043478260906,2021-06-21
c1999,46.640649,18.46745,32.8957391304348,2021-06-22
c1999,46.640649,18.46745,37.21173913043482,2021-06-23
c1999,46.640649,18.46745,33.089913043478305,2021-06-24
c1999,46.640649,18.46745,35.5037391304348,2021-06-25
c1999,46.640649,18.46745,28.21747826086959,2021-06-26
c1999,46.640649,18.46745,30.273565217391315,2021-06-27
c1999,46.640649,18.46745,34.36965217391308,2021-06-28
c1999,46.640649,18.46745,36.17869565217394,2021-06-29
c1999,46.640649,18.46745,32.58878260869569,2021-06-30
c1999,46.640649,18.46745,29.12286956521742,2021-07-01
c1999,46.640649,18.46745,27.190472440944923,2021-07-02
c1999,46.640649,18.46745,26.294000000000032,2021-07-03
c1999,46.640649,18.46745,32.93000000000001,2021-07-04
c1999,46.640649,18.46745,,2021-07-05
c1999,46.640649,18.46745,36.28843478260874,2021-07-06
c1999,46.640649,18.46745,37.093739130434805,2021-07-07
c1999,46.640649,18.46745,38.28313043478264,2021-07-08
c1999,46.640649,18.46745,32.52801801801803,2021-07-09
c1999,46.640649,18.46745,27.947913043478305,2021-07-10
c1999,46.640649,18.46745,34.49553191489365,2021-07-11
c1999,46.640649,18.46745,29.062260869565257,2021-07-12
c1999,46.640649,18.46745,30.336869565217437,2021-07-13
c1999,46.640649,18.46745,,2021-07-14
c1999,46.640649,18.46745,34.822347826087004,2021-07-15
c1999,46.640649,18.46745,34.65486956521741,2021-07-16
c1999,46.640649,18.46745,,2021-07-17
c1999,46.640649,18.46745,,2021-07-18
c1999,46.640649,18.46745,,2021-07-19
c1999,46.640649,18.46745,27.58860869565222,2021-07-20
c1999,46.640649,18.46745,26.480347826086984,2021-07-21
c1999,46.640649,18.46745,29.401130434782644,2021-07-22
c1999,46.640649,18.46745,30.43182608695655,2021-07-23
c1999,46.640649,18.46745,32.78252173913045,2021-07-24
c1999,46.640649,18.46745,33.18495652173917,2021-07-25
c1999,46.640649,18.46745,31.425000000000026,2021-07-26
c1999,46.640649,18.46745,32.846695652173956,2021-07-27
c1999,46.640649,18.46745,35.15034782608697,2021-07-28
c1999,46.640649,18.46745,35.77052173913046,2021-07-29
c1999,46.640649,18.46745,34.211000000000034,2021-07-30
c1999,46.640649,18.46745,31.45165217391307,2021-07-31
c1999,46.640649,18.46745,31.599826086956536,2021-08-01
c1999,46.640649,18.46745,27.76237410071944,2021-08-02
c1999,46.640649,18.46745,30.854347826086983,2021-08-03
c1999,46.640649,18.46745,,2021-08-04
c1999,46.640649,18.46745,,2021-08-05
c1999,46.640649,18.46745,24.201515151515174,2021-08-06
c1999,46.640649,18.46745,32.797217391304386,2021-08-07
c1999,46.640649,18.46745,32.56295652173917,2021-08-08
c1999,46.640649,18.46745,29.261739130434812,2021-08-09
c1999,46.640649,18.46745,31.899304347826103,2021-08-10
c1999,46.640649,18.46745,33.6359130434783,2021-08-11
c1999,46.640649,18.46745,35.83008695652178,2021-08-12
c1999,46.640649,18.46745,32.61070175438599,2021-08-13
c1999,46.640649,18.46745,38.02165217391307,2021-08-14
c1999,46.640649,18.46745,37.77686868686872,2021-08-15
c1999,46.640649,18.46745,35.99452173913047,2021-08-16
c1999,46.640649,18.46745,,2021-08-17
c1999,46.640649,18.46745,27.158571428571452,2021-08-18
c1999,46.640649,18.46745,29.94000000000003,2021-08-19
c1999,46.640649,18.46745,,2021-08-20
c1999,46.640649,18.46745,33.701043478260914,2021-08-21
c1999,46.640649,18.46745,33.47272727272728,2021-08-22
c1999,46.640649,18.46745,,2021-08-23
c1999,46.640649,18.46745,24.42855421686752,2021-08-24
c1999,46.640649,18.46745,,2021-08-25
c1999,46.640649,18.46745,28.310952380952415,2021-08-26
c1999,46.640649,18.46745,,2021-08-27
c1999,46.640649,18.46745,22.149655172413823,2021-08-28
c1999,46.640649,18.46745,21.83000000000004,2021-08-29
c1999,46.640649,18.46745,23.213130434782645,2021-08-30
c1999,46.640649,18.46745,21.59907975460125,2021-08-31
c1999,46.640649,18.46745,18.90000000000002,2021-09-01
c1999,46.640649,18.46745,23.877043478260894,2021-09-02
c1999,46.640649,18.46745,27.533217391304376,2021-09-03
c1999,46.640649,18.46745,27.829043478260903,2021-09-04
c1999,46.640649,18.46745,26.94443478260871,2021-09-05
c1999,46.640649,18.46745,28.097043478260893,2021-09-06
c1999,46.640649,18.46745,26.113217391304364,2021-09-07
c1999,46.640649,18.46745,30.09313043478263,2021-09-08
c1999,46.640649,18.46745,25.20513043478263,2021-09-09
c1999,46.640649,18.46745,29.3626086956522,2021-09-10
c1999,46.640649,18.46745,32.85139130434785,2021-09-11
c1999,46.640649,18.46745,31.29600000000002,2021-09-12
c1999,46.640649,18.46745,32.17400000000001,2021-09-13
c1999,46.640649,18.46745,27.119090909090943,2021-09-14
c1999,46.640649,18.46745,33.35773913043481,2021-09-15
c1999,46.640649,18.46745,,2021-09-16
c1999,46.640649,18.46745,,2021-09-17
c1999,46.640649,18.46745,22.74510204081633,2021-09-18
c1999,46.640649,18.46745,24.927478260869588,2021-09-19
c1999,46.640649,18.46745,,2021-09-20
c1999,46.640649,18.46745,16.97259740259743,2021-09-21
c1999,46.640649,18.46745,,2021-09-22
c1999,46.640649,18.46745,15.82740384615387,2021-09-23
c1999,46.640649,18.46745,20.113333333333344,2021-09-24
c1999,46.640649,18.46745,27.033478260869593,2021-09-25
c1999,46.640649,18.46745,26.44660869565221,2021-09-26
c1999,46.640649,18.46745,26.49973913043482,2021-09-27
c1999,46.640649,18.46745,,2021-09-28
c1999,46.640649,18.46745,,2021-09-29
c1999,46.640649,18.46745,,2021-09-30
c1999,46.640649,18.46745,16.863333333333347,2021-10-01
c1999,46.640649,18.46745,19.4597391304348,2021-10-02
c1999,46.640649,18.46745,19.799304347826105,2021-10-03
c1999,46.640649,18.46745,25.337478260869585,2021-10-04
c1999,46.640649,18.46745,22.398000000000028,2021-10-05
c1999,46.640649,18.46745,,2021-10-06
c1999,46.640649,18.46745,,2021-10-07
c1999,46.640649,18.46745,,2021-10-08
c1999,46.640649,18.46745,14.297043478260882,2021-10-09
c1999,46.640649,18.46745,,2021-10-10
c1999,46.640649,18.46745,,2021-10-11
c1999,46.640649,18.46745,15.103391304347848,2021-10-12
c1999,46.640649,18.46745,8.917659574468118,2021-10-13
c1999,46.640649,18.46745,10.667435897435915,2021-10-14
c1999,46.640649,18.46745,15.213217391304385,2021-10-15
c1999,46.640649,18.46745,10.853235294117676,2021-10-16
c1999,46.640649,18.46745,16.435565217391336,2021-10-17
c1999,46.640649,18.46745,,2021-10-18
c1999,46.640649,18.46745,16.73834862385324,2021-10-19
c1999,46.640649,18.46745,19.79808695652177,2021-10-20
c1999,46.640649,18.46745,,2021-10-21
c1999,46.640649,18.46745,,2021-10-22
c1999,46.640649,18.46745,12.059478260869598,2021-10-23
c1999,46.640649,18.46745,15.119913043478288,2021-10-24
c1999,46.640649,18.46745,15.243652173913071,2021-10-25
c1999,46.640649,18.46745,7.950000000000045,2021-10-26
c1999,46.640649,18.46745,16.147217391304377,2021-10-27
c1999,46.640649,18.46745,14.991217391304366,2021-10-28
c1999,46.640649,18.46745,15.206173913043507,2021-10-29
c1999,46.640649,18.46745,15.129913043478288,2021-10-30
c1999,46.640649,18.46745,15.403043478260878,2021-10-31
c1999,46.640649,18.46745,13.126734693877577,2021-11-01
c1999,46.640649,18.46745,,2021-11-02
c1999,46.640649,18.46745,7.4012195121951665,2021-11-03
c1999,46.640649,18.46745,,2021-11-04
c1999,46.640649,18.46745,8.970000000000027,2021-11-05
c1999,46.640649,18.46745,10.183381294964043,2021-11-06
c1999,46.640649,18.46745,11.067333333333362,2021-11-07
c1999,46.640649,18.46745,,2021-11-08
c1999,46.640649,18.46745,11.504956521739162,2021-11-09
c1999,46.640649,18.46745,,2021-11-10
c1999,46.640649,18.46745,8.421340206185574,2021-11-11
c1999,46.640649,18.46745,9.07000000000005,2021-11-12
c1999,46.640649,18.46745,,2021-11-13
c1999,46.640649,18.46745,6.918873239436648,2021-11-14
c1999,46.640649,18.46745,9.800000000000027,2021-11-15
c1999,46.640649,18.46745,5.244684684684704,2021-11-16
c1999,46.640649,18.46745,8.934387096774227,2021-11-17
c1999,46.640649,18.46745,7.74520000000002,2021-11-18
c1999,46.640649,18.46745,,2021-11-19
c1999,46.640649,18.46745,11.690086956521755,2021-11-20
c1999,46.640649,18.46745,10.623130434782636,2021-11-21
c1999,46.640649,18.46745,,2021-11-22
c1999,46.640649,18.46745,7.263826086956557,2021-11-23
c1999,46.640649,18.46745,4.736608695652202,2021-11-24
c1999,46.640649,18.46745,,2021-11-25
c1999,46.640649,18.46745,,2021-11-26
c1999,46.640649,18.46745,-2.0499999999999545,2021-11-27
c1999,46.640649,18.46745,3.710000000000037,2021-11-28
c1999,46.640649,18.46745,3.222307692307722,2021-11-29
c1999,46.640649,18.46745,3.468000000000012,2021-11-30
c1999,46.640649,18.46745,,2021-12-01
c1999,46.640649,18.46745,,2021-12-02
c1999,46.640649,18.46745,2.710983606557416,2021-12-03
c1999,46.640649,18.46745,,2021-12-04
c1999,46.640649,18.46745,,2021-12-05
c1999,46.640649,18.46745,,2021-12-06
c1999,46.640649,18.46745,1.0360000000000116,2021-12-07
c1999,46.640649,18.46745,1.6630434782609065,2021-12-08
c1999,46.640649,18.46745,,2021-12-09
c1999,46.640649,18.46745,-2.25,2021-12-10
c1999,46.640649,18.46745,,2021-12-11
c1999,46.640649,18.46745,-1.0531578947368088,2021-12-12
c1999,46.640649,18.46745,1.929826086956553,2021-12-13
c1999,46.640649,18.46745,2.2934782608696023,2021-12-14
c1999,46.640649,18.46745,,2021-12-15
c1999,46.640649,18.46745,1.0100000000000475,2021-12-16
c1999,46.640649,18.46745,5.2246956521739385,2021-12-17
c1999,46.640649,18.46745,4.822608695652211,2021-12-18
c1999,46.640649,18.46745,6.30260869565219,2021-12-19
c1999,46.640649,18.46745,3.0822608695652476,2021-12-20
c1999,46.640649,18.46745,2.4396521739130597,2021-12-21
c1999,46.640649,18.46745,0.8446086956521824,2021-12-22
c1999,46.640649,18.46745,,2021-12-23
c1999,46.640649,18.46745,,2021-12-24
c1999,46.640649,18.46745,6.323846153846184,2021-12-25
c1999,46.640649,18.46745,,2021-12-26
c1999,46.640649,18.46745,,2021-12-27
c1999,46.640649,18.46745,,2021-12-28
c1999,46.640649,18.46745,-2.737999999999954,2021-12-29
c1999,46.640649,18.46745,,2021-12-30
c1999,46.640649,18.46745,10.003217391304366,2021-12-31
c1999,46.640649,18.46745,9.463798449612415,2022-01-01
c1999,46.640649,18.46745,9.418608695652196,2022-01-02
c1999,46.640649,18.46745,,2022-01-03
c1999,46.640649,18.46745,,2022-01-04
c1999,46.640649,18.46745,,2022-01-05
c1999,46.640649,18.46745,,2022-01-06
c1999,46.640649,18.46745,0.9636521739130498,2022-01-07
c1999,46.640649,18.46745,-2.92999999999995,2022-01-08
c1999,46.640649,18.46745,,2022-01-09
c1999,46.640649,18.46745,0.8809333333333635,2022-01-10
c1999,46.640649,18.46745,-1.1613913043477977,2022-01-11
c1999,46.640649,18.46745,0.0566086956521871,2022-01-12
c1999,46.640649,18.46745,0.9312173913043564,2022-01-13
c1999,46.640649,18.46745,5.279913043478299,2022-01-14
c1999,46.640649,18.46745,6.757217391304394,2022-01-15
c1999,46.640649,18.46745,2.736956521739162,2022-01-16
c1999,46.640649,18.46745,,2022-01-17
c1999,46.640649,18.46745,3.7048695652174217,2022-01-18
c1999,46.640649,18.46745,3.9495652173913345,2022-01-19
c1999,46.640649,18.46745,,2022-01-20
c1999,46.640649,18.46745,0.1127826086956862,2022-01-21
c1999,46.640649,18.46745,-2.789036144578294,2022-01-22
c1999,46.640649,18.46745,,2022-01-23
c1999,46.640649,18.46745,-2.0818260869564864,2022-01-24
c1999,46.640649,18.46745,,2022-01-25
c1999,46.640649,18.46745,,2022-01-26
c1999,46.640649,18.46745,1.711826086956561,2022-01-27
c1999,46.640649,18.46745,6.131913043478285,2022-01-28
c1999,46.640649,18.46745,0.7817647058823631,2022-01-29
c1999,46.640649,18.46745,9.45426086956524,2022-01-30
c1999,46.640649,18.46745,,2022-01-31
c1999,46.640649,18.46745,1.2900000000000205,2022-02-01
c1999,46.640649,18.46745,3.8399346405229062,2022-02-02
c1999,46.640649,18.46745,5.6911304347826395,2022-02-03
c1999,46.640649,18.46745,9.88569444444447,2022-02-04
c1999,46.640649,18.46745,,2022-02-05
c1999,46.640649,18.46745,7.338727272727322,2022-02-06
c1999,46.640649,18.46745,-1.269518072289154,2022-02-07
c1999,46.640649,18.46745,7.2708695652174145,2022-02-08
c1999,46.640649,18.46745,13.98269565217395,2022-02-09
c1999,46.640649,18.46745,11.074000000000046,2022-02-10
c1999,46.640649,18.46745,13.625565217391337,2022-02-11
c1999,46.640649,18.46745,10.409391304347867,2022-02-12
c1999,46.640649,18.46745,8.312173913043514,2022-02-13
c1999,46.640649,18.46745,,2022-02-14
c1999,46.640649,18.46745,14.675652173913072,2022-02-15
c1999,46.640649,18.46745,9.649894736842136,2022-02-16
c1999,46.640649,18.46745,,2022-02-17
c1999,46.640649,18.46745,15.03851674641152,2022-02-18
c1999,46.640649,18.46745,,2022-02-19
c1999,46.640649,18.46745,11.60078260869569,2022-02-20
c1999,46.640649,18.46745,,2022-02-21
c1999,46.640649,18.46745,7.739913043478295,2022-02-22
c1999,46.640649,18.46745,10.673043478260896,2022-02-23
c1999,46.640649,18.46745,13.024086956521764,2022-02-24
c1999,46.640649,18.46745,12.109304347826129,2022-02-25
c1999,46.640649,18.46745,2.151818181818216,2022-02-26
c1999,46.640649,18.46745,,2022-02-27
c1999,46.640649,18.46745,4.491333333333376,2022-02-28
c1999,46.640649,18.46745,7.653217391304376,2022-03-01
c1999,46.640649,18.46745,6.340695652173924,2022-03-02
c1999,46.640649,18.46745,10.916956521739149,2022-03-03
c1999,46.640649,18.46745,,2022-03-04
c1999,46.640649,18.46745,10.59241758241761,2022-03-05
c1999,46.640649,18.46745,8.36086956521742,2022-03-06
c1999,46.640649,18.46745,,2022-03-07
c1999,46.640649,18.46745,14.180347826086978,2022-03-08
c1999,46.640649,18.46745,,2022-03-09
c1999,46.640649,18.46745,11.53000000000003,2022-03-10
c1999,46.640649,18.46745,10.89008695652177,2022-03-11
c1999,46.640649,18.46745,13.252869565217429,2022-03-12
c1999,46.640649,18.46745,17.535130434782655,2022-03-13
c1999,46.640649,18.46745,17.098434782608724,2022-03-14
c1999,46.640649,18.46745,7.390000000000043,2022-03-15
c1999,46.640649,18.46745,8.459489051094934,2022-03-16
c1999,46.640649,18.46745,,2022-03-17
c1999,46.640649,18.46745,,2022-03-18
c1999,46.640649,18.46745,20.143043478260893,2022-03-19
c1999,46.640649,18.46745,8.88357142857147,2022-03-20
c1999,46.640649,18.46745,19.94747826086961,2022-03-21
c1999,46.640649,18.46745,23.91913043478263,2022-03-22
c1999,46.640649,18.46745,23.93991304347827,2022-03-23
c1999,46.640649,18.46745,28.354000000000028,2022-03-24
c1999,46.640649,18.46745,25.377478260869587,2022-03-25
c1999,46.640649,18.46745,28.40165217391306,2022-03-26
c1999,46.640649,18.46745,23.980086956521763,2022-03-27
c1999,46.640649,18.46745,28.02486956521742,2022-03-28
c1999,46.640649,18.46745,,2022-03-29
c1999,46.640649,18.46745,,2022-03-30
c1999,46.640649,18.46745,,2022-03-31
c1999,46.640649,18.46745,,2022-04-01
c1999,46.640649,18.46745,,2022-04-02
c1999,46.640649,18.46745,,2022-04-03
c1999,46.640649,18.46745,,2022-04-04
c1999,46.640649,18.46745,13.294563106796144,2022-04-05
c1999,46.640649,18.46745,23.170086956521768,2022-04-06
c1999,46.640649,18.46745,,2022-04-07
c1999,46.640649,18.46745,,2022-04-08
c1999,46.640649,18.46745,,2022-04-09
c1999,46.640649,18.46745,8.9590666666667,2022-04-10
c1999,46.640649,18.46745,14.01652173913045,2022-04-11
c1999,46.640649,18.46745,22.58043478260874,2022-04-12
c1999,46.640649,18.46745,22.663304347826124,2022-04-13
c1999,46.640649,18.46745,22.12834782608697,2022-04-14
c1999,46.640649,18.46745,22.49347826086959,2022-04-15
c1999,46.640649,18.46745,16.137368421052646,2022-04-16
c1999,46.640649,18.46745,15.032347826086992,2022-04-17
c1999,46.640649,18.46745,16.77829268292685,2022-04-18
c1999,46.640649,18.46745,,2022-04-19
c1999,46.640649,18.46745,18.992956521739153,2022-04-20
c1999,46.640649,18.46745,15.352602739726072,2022-04-21
c1999,46.640649,18.46745,13.050000000000011,2022-04-22
c1999,46.640649,18.46745,18.091904761904782,2022-04-23
c1999,46.640649,18.46745,,2022-04-24
c1999,46.640649,18.46745,21.485043478260884,2022-04-25
c1999,46.640649,18.46745,19.979130434782643,2022-04-26
c1999,46.640649,18.46745,,2022-04-27
c1999,46.640649,18.46745,16.77000000000004,2022-04-28
c1999,46.640649,18.46745,21.541130434782627,2022-04-29
c1999,46.640649,18.46745,17.376363636363646,2022-04-30
c1999,46.640649,18.46745,22.58956521739132,2022-05-01
c1999,46.640649,18.46745,23.5151396648045,2022-05-02
c1999,46.640649,18.46745,25.42478260869567,2022-05-03
c1999,46.640649,18.46745,27.462695652173945,2022-05-04
c1999,46.640649,18.46745,27.546347826086983,2022-05-05
c1999,46.640649,18.46745,,2022-05-06
c1999,46.640649,18.46745,,2022-05-07
c1999,46.640649,18.46745,,2022-05-08
c1999,46.640649,18.46745,25.97122807017547,2022-05-09
c1999,46.640649,18.46745,23.43878260869567,2022-05-10
c1999,46.640649,18.46745,28.690434782608712,2022-05-11
c1999,46.640649,18.46745,30.941652173913067,2022-05-12
c1999,46.640649,18.46745,30.082260869565246,2022-05-13
c1999,46.640649,18.46745,27.976000000000024,2022-05-14
c1999,46.640649,18.46745,31.403739130434804,2022-05-15
c1999,46.640649,18.46745,28.520582959641285,2022-05-16
c1999,46.640649,18.46745,,2022-05-17
c1999,46.640649,18.46745,24.96513043478263,2022-05-18
c1999,46.640649,18.46745,27.783565217391335,2022-05-19
c1999,46.640649,18.46745,32.1493043478261,2022-05-20
c1999,46.640649,18.46745,21.470000000000027,2022-05-21
c1999,46.640649,18.46745,28.536782608695695,2022-05-22
c1999,46.640649,18.46745,,2022-05-23
c1999,46.640649,18.46745,20.973148148148173,2022-05-24
c1999,46.640649,18.46745,26.24904347826089,2022-05-25
c1999,46.640649,18.46745,21.67042328042332,2022-05-26
c1999,46.640649,18.46745,28.20340000000003,2022-05-27
c1999,46.640649,18.46745,,2022-05-28
c1999,46.640649,18.46745,,2022-05-29
c1999,46.640649,18.46745,,2022-05-30
c1999,46.640649,18.46745,20.747142857142876,2022-05-31
c1999,46.640649,18.46745,27.617391304347866,2022-06-01
c1999,46.640649,18.46745,25.424285714285737,2022-06-02
c1999,46.640649,18.46745,30.719304347826117,2022-06-03
c1999,46.640649,18.46745,23.747739130434805,2022-06-04
c1999,46.640649,18.46745,27.30130434782613,2022-06-05
c1999,46.640649,18.46745,23.666695652173946,2022-06-06
c1999,46.640649,18.46745,29.31417391304351,2022-06-07
c1999,46.640649,18.46745,,2022-06-08
c1999,46.640649,18.46745,24.525614035087766,2022-06-09
c1999,46.640649,18.46745,24.259652173913075,2022-06-10
c1999,46.640649,18.46745,23.814347826086987,2022-06-11
c1999,46.640649,18.46745,28.13147826086958,2022-06-12
c1999,46.640649,18.46745,27.823304347826134,2022-06-13
c1999,46.640649,18.46745,24.823217391304397,2022-06-14
c1999,46.640649,18.46745,25.74956521739134,2022-06-15
c1999,46.640649,18.46745,29.140347826086987,2022-06-16
c1999,46.640649,18.46745,27.201703056768583,2022-06-17
c1999,46.640649,18.46745,27.87426086956526,2022-06-18
c1999,46.640649,18.46745,31.609391304347863,2022-06-19
c1999,46.640649,18.46745,31.159304347826133,2022-06-20
c1999,46.640649,18.46745,27.267739130434816,2022-06-21
c1999,46.640649,18.46745,27.279677419354883,2022-06-22
c1999,46.640649,18.46745,27.37186046511628,2022-06-23
c1999,46.640649,18.46745,29.531913043478276,2022-06-24
c1999,46.640649,18.46745,28.253826086956536,2022-06-25
c1999,46.640649,18.46745,30.242869565217426,2022-06-26
c1999,46.640649,18.46745,32.349391304347854,2022-06-27
c1999,46.640649,18.46745,32.99000000000001,2022-06-28
c1999,46.640649,18.46745,31.60417391304352,2022-06-29
c1999,46.640649,18.46745,34.58304347826091,2022-06-30
c1999,46.640649,18.46745,33.73295652173914,2022-07-01
c1999,46.640649,18.46745,30.078347826087,2022-07-02
c1999,46.640649,18.46745,33.510347826087006,2022-07-03
c1999,46.640649,18.46745,36.177565217391326,2022-07-04
c1999,46.640649,18.46745,,2022-07-05
c1999,46.640649,18.46745,28.44886956521743,2022-07-06
c1999,46.640649,18.46745,,2022-07-07
c1999,46.640649,18.46745,23.779090909090957,2022-07-08
c1999,46.640649,18.46745,30.182086956521776,2022-07-09
c1999,46.640649,18.46745,25.62139393939398,2022-07-10
c1999,46.640649,18.46745,27.703130434782626,2022-07-11
c1999,46.640649,18.46745,26.752181818181853,2022-07-12
c1999,46.640649,18.46745,31.301043478260898,2022-07-13
c1999,46.640649,18.46745,37.74095652173918,2022-07-14
c1999,46.640649,18.46745,,2022-07-15
c1999,46.640649,18.46745,32.60556521739133,2022-07-16
c1999,46.640649,18.46745,31.212608695652207,2022-07-17
c1999,46.640649,18.46745,26.815391304347852,2022-07-18
c1999,46.640649,18.46745,37.32982608695655,2022-07-19
c1999,46.640649,18.46745,38.52086956521742,2022-07-20
c1999,46.640649,18.46745,39.85704347826091,2022-07-21
c1999,46.640649,18.46745,36.988260869565245,2022-07-22
c1999,46.640649,18.46745,41.36356521739134,2022-07-23
c1999,46.640649,18.46745,29.99000000000004,2022-07-24
c1999,46.640649,18.46745,38.40904347826089,2022-07-25
c1999,46.640649,18.46745,,2022-07-26
c1999,46.640649,18.46745,33.86130434782611,2022-07-27
c1999,46.640649,18.46745,34.25443478260873,2022-07-28
c1999,46.640649,18.46745,35.78478260869568,2022-07-29
c1999,46.640649,18.46745,,2022-07-30
c1999,46.640649,18.46745,24.14714285714287,2022-07-31
c1999,46.640649,18.46745,33.71084507042254,2022-08-01
c1999,46.640649,18.46745,31.89586206896554,2022-08-02
c1999,46.640649,18.46745,37.34426086956526,2022-08-03
c1999,46.640649,18.46745,38.11034782608699,2022-08-04
c1999,46.640649,18.46745,39.911739130434825,2022-08-05
c1999,46.640649,18.46745,37.2946086956522,2022-08-06
c1999,46.640649,18.46745,29.65000000000003,2022-08-07
c1999,46.640649,18.46745,,2022-08-08
c1999,46.640649,18.46745,30.14454545454546,2022-08-09
c1999,46.640649,18.46745,33.355478260869596,2022-08-10
c1999,46.640649,18.46745,32.166250000000026,2022-08-11
c1999,46.640649,18.46745,31.372956521739177,2022-08-12
c1999,46.640649,18.46745,,2022-08-13
c1999,46.640649,18.46745,34.49000000000001,2022-08-14
c1999,46.640649,18.46745,37.061391304347865,2022-08-15
c1999,46.640649,18.46745,36.73121739130438,2022-08-16
c1999,46.640649,18.46745,39.478086956521786,2022-08-17
c1999,46.640649,18.46745,38.1216521739131,2022-08-18
c1999,46.640649,18.46745,34.831826086956575,2022-08-19
c1999,46.640649,18.46745,,2022-08-20
c1999,46.640649,18.46745,,2022-08-21
c1999,46.640649,18.46745,,2022-08-22
c1999,46.640649,18.46745,,2022-08-23
c1999,46.640649,18.46745,,2022-08-24
c1999,46.640649,18.46745,28.587217391304385,2022-08-25
c1999,46.640649,18.46745,33.71947826086959,2022-08-26
c1999,46.640649,18.46745,34.624695652173926,2022-08-27
c1999,46.640649,18.46745,31.7015343915344,2022-08-28
c1999,46.640649,18.46745,,2022-08-29
c1999,46.640649,18.46745,27.669454545454585,2022-08-30
c1999,46.640649,18.46745,33.13347826086959,2022-08-31
c1999,46.640649,18.46745,,2022-09-01
c1999,46.640649,18.46745,24.170000000000016,2022-09-02
c1999,46.640649,18.46745,25.358000000000025,2022-09-03
c1999,46.640649,18.46745,24.678666666666672,2022-09-04
c1999,46.640649,18.46745,27.700347826086983,2022-09-05
c1999,46.640649,18.46745,29.978086956521764,2022-09-06
c1999,46.640649,18.46745,31.980347826086984,2022-09-07
c1999,46.640649,18.46745,26.42758620689659,2022-09-08
c1999,46.640649,18.46745,28.71875000000003,2022-09-09
c1999,46.640649,18.46745,23.168695652173948,2022-09-10
c1999,46.640649,18.46745,24.64956521739135,2022-09-11
c1999,46.640649,18.46745,23.16452173913049,2022-09-12
c1999,46.640649,18.46745,26.755641025641065,2022-09-13
c1999,46.640649,18.46745,,2022-09-14
c1999,46.640649,18.46745,,2022-09-15
c1999,46.640649,18.46745,,2022-09-16
c1999,46.640649,18.46745,,2022-09-17
c1999,46.640649,18.46745,16.28038095238097,2022-09-18
c1999,46.640649,18.46745,14.789715639810463,2022-09-19
c1999,46.640649,18.46745,14.387748344370882,2022-09-20
c1999,46.640649,18.46745,16.15356521739134,2022-09-21
c1999,46.640649,18.46745,18.34391304347829,2022-09-22
c1999,46.640649,18.46745,20.18547826086961,2022-09-23
c1999,46.640649,18.46745,16.210000000000036,2022-09-24
c1999,46.640649,18.46745,,2022-09-25
c1999,46.640649,18.46745,,2022-09-26
c1999,46.640649,18.46745,,2022-09-27
c1999,46.640649,18.46745,13.296666666666702,2022-09-28
c1999,46.640649,18.46745,16.361304347826117,2022-09-29
c1999,46.640649,18.46745,16.740742857142894,2022-09-30
c1999,46.640649,18.46745,17.321412429378544,2022-10-01
c1999,46.640649,18.46745,14.230000000000018,2022-10-02
c1999,46.640649,18.46745,12.4154166666667,2022-10-03
c1999,46.640649,18.46745,14.48142857142859,2022-10-04
c1999,46.640649,18.46745,13.922869565217445,2022-10-05
c1999,46.640649,18.46745,18.931904761904786,2022-10-06
c1999,46.640649,18.46745,20.974782608695683,2022-10-07
c1999,46.640649,18.46745,,2022-10-08
c1999,46.640649,18.46745,18.12217391304352,2022-10-09
c1999,46.640649,18.46745,12.974691358024714,2022-10-10
c1999,46.640649,18.46745,,2022-10-23
c1999,46.640649,18.46745,,2022-10-24
c1999,46.640649,18.46745,,2022-10-25
c1999,46.640649,18.46745,15.190000000000056,2022-10-26
c1999,46.640649,18.46745,19.61839622641512,2022-10-27
c1999,46.640649,18.46745,,2022-10-28
c1999,46.640649,18.46745,,2022-10-29
c1999,46.640649,18.46745,,2022-10-30
c1999,46.640649,18.46745,,2022-10-31
c1999,46.640649,18.46745,,2022-11-01
c1999,46.640649,18.46745,13.190000000000056,2022-11-02
c1999,46.640649,18.46745,16.304086956521754,2022-11-03
c1999,46.640649,18.46745,,2022-11-04
c1999,46.640649,18.46745,,2022-11-05
c1999,46.640649,18.46745,,2022-11-06
c1999,46.640649,18.46745,,2022-11-07
c1999,46.640649,18.46745,13.243043478260914,2022-11-08
c1999,46.640649,18.46745,,2022-11-09
c1999,46.640649,18.46745,,2022-11-10
c1999,46.640649,18.46745,13.118368794326264,2022-11-11
c1999,46.640649,18.46745,,2022-11-12
c1999,46.640649,18.46745,10.334137931034505,2022-11-13
c1999,46.640649,18.46745,,2022-11-14
c1999,46.640649,18.46745,,2022-11-15
c1999,46.640649,18.46745,,2022-11-16
c1999,46.640649,18.46745,10.781250000000028,2022-11-17
c1999,46.640649,18.46745,,2022-11-18
c1999,46.640649,18.46745,2.1328571428571763,2022-11-19
c1999,46.640649,18.46745,,2022-11-20
c1999,46.640649,18.46745,,2022-11-21
c1999,46.640649,18.46745,1.6041463414634365,2022-11-22
c1999,46.640649,18.46745,-19.96999999999997,2022-11-23
c1999,46.640649,18.46745,-6.949999999999989,2022-11-24
c1999,46.640649,18.46745,9.951565217391332,2022-11-25
c1999,46.640649,18.46745,3.790000000000021,2022-11-26
c1999,46.640649,18.46745,7.125315315315361,2022-11-27
c1999,46.640649,18.46745,,2022-11-28
c1999,46.640649,18.46745,,2022-11-29
c1999,46.640649,18.46745,,2022-11-30
c1999,46.640649,18.46745,1.5936111111111275,2022-12-01
c1999,46.640649,18.46745,,2022-12-02
c1999,46.640649,18.46745,,2022-12-03
c1999,46.640649,18.46745,,2022-12-04
c1999,46.640649,18.46745,6.550000000000011,2022-12-05
c1999,46.640649,18.46745,2.9252000000000065,2022-12-06
c1999,46.640649,18.46745,4.958148148148174,2022-12-07
c1999,46.640649,18.46745,3.870000000000005,2022-12-08
c1999,46.640649,18.46745,,2022-12-09
c1999,46.640649,18.46745,,2022-12-10
c1999,46.640649,18.46745,0.8100000000000023,2022-12-11
c1999,46.640649,18.46745,0.5434782608695968,2022-12-12
c1999,46.640649,18.46745,0.5053913043478565,2022-12-13
c1999,46.640649,18.46745,,2022-12-14
c1999,46.640649,18.46745,,2022-12-15
c1999,46.640649,18.46745,,2022-12-16
c1999,46.640649,18.46745,1.353692307692323,2022-12-17
c1999,46.640649,18.46745,0.2648695652174314,2022-12-18
c1999,46.640649,18.46745,,2022-12-19
c1999,46.640649,18.46745,-0.1299999999999954,2022-12-20
c1999,46.640649,18.46745,,2022-12-21
c1999,46.640649,18.46745,2.629545454545499,2022-12-22
c1999,46.640649,18.46745,4.270000000000039,2022-12-23
c1999,46.640649,18.46745,,2022-12-24
c1999,46.640649,18.46745,6.159552238805999,2022-12-25
c1999,46.640649,18.46745,5.910000000000025,2022-12-26
c1999,46.640649,18.46745,5.600279329608965,2022-12-27
c1999,46.640649,18.46745,2.256782608695684,2022-12-28
c1999,46.640649,18.46745,3.121891891891918,2022-12-29
c1999,46.640649,18.46745,,2022-12-30
c1999,46.640649,18.46745,,2022-12-31
c1999,46.640649,18.46745,8.396222222222233,2023-01-01
c1999,46.640649,18.46745,7.711304347826124,2023-01-02
c1999,46.640649,18.46745,6.4714814814815,2023-01-03
c1999,46.640649,18.46745,7.524869565217396,2023-01-04
c1999,46.640649,18.46745,,2023-01-05
c1999,46.640649,18.46745,6.8166666666667135,2023-01-06
c1999,46.640649,18.46745,7.882521739130465,2023-01-07
c1999,46.640649,18.46745,8.64617391304352,2023-01-08
c1999,46.640649,18.46745,,2023-01-09
c1999,46.640649,18.46745,,2023-01-10
c1999,46.640649,18.46745,2.7702325581395515,2023-01-11
c1999,46.640649,18.46745,0.1300000000000523,2023-01-12
c1999,46.640649,18.46745,,2023-01-13
c1999,46.640649,18.46745,5.745885714285757,2023-01-14
c1999,46.640649,18.46745,,2023-01-15
c1999,46.640649,18.46745,-12.789999999999964,2023-01-16
c1999,46.640649,18.46745,7.517131782945757,2023-01-17
c1999,46.640649,18.46745,3.770000000000038,2023-01-18
c1999,46.640649,18.46745,,2023-01-19
c1999,46.640649,18.46745,,2023-01-20
c1999,46.640649,18.46745,,2023-01-21
c1999,46.640649,18.46745,,2023-01-22
c1999,46.640649,18.46745,0.8255555555556069,2023-01-23
c1999,46.640649,18.46745,,2023-01-24
c1999,46.640649,18.46745,,2023-01-25
c1999,46.640649,18.46745,,2023-01-26
c1999,46.640649,18.46745,,2023-01-27
c1999,46.640649,18.46745,,2023-01-28
c1999,46.640649,18.46745,,2023-01-29
c1999,46.640649,18.46745,,2023-01-30
c1999,46.640649,18.46745,3.7204225352113016,2023-01-31
c1999,46.640649,18.46745,-0.1899999999999977,2023-02-01
c1999,46.640649,18.46745,5.58026086956523,2023-02-02
c1999,46.640649,18.46745,,2023-02-03
c1999,46.640649,18.46745,1.5642307692307778,2023-02-04
c1999,46.640649,18.46745,0.3114782608695878,2023-02-05
c1999,46.640649,18.46745,-3.7693749999999873,2023-02-06
c1999,46.640649,18.46745,1.0469565217391432,2023-02-07
c1999,46.640649,18.46745,2.230434782608726,2023-02-08
c1999,46.640649,18.46745,2.2793043478261183,2023-02-09
c1999,46.640649,18.46745,4.2896521739130895,2023-02-10
c1999,46.640649,18.46745,,2023-02-11
c1999,46.640649,18.46745,8.85043478260872,2023-02-12
c1999,46.640649,18.46745,7.978086956521753,2023-02-13
c1999,46.640649,18.46745,,2023-02-14
c1999,46.640649,18.46745,7.920782608695698,2023-02-15
c1999,46.640649,18.46745,6.819130434782635,2023-02-16
c1999,46.640649,18.46745,9.508415841584185,2023-02-17
c1999,46.640649,18.46745,,2023-02-18
c1999,46.640649,18.46745,,2023-02-19
c1999,46.640649,18.46745,12.531304347826124,2023-02-20
c1999,46.640649,18.46745,15.905478260869604,2023-02-21
c1999,46.640649,18.46745,14.109381443299004,2023-02-22
c1999,46.640649,18.46745,,2023-02-23
c1999,46.640649,18.46745,10.356000000000032,2023-02-24
c1999,46.640649,18.46745,,2023-02-25
c1999,46.640649,18.46745,,2023-02-26
c1999,46.640649,18.46745,3.856666666666697,2023-02-27
c1999,46.640649,18.46745,6.277317073170763,2023-02-28
c1999,46.640649,18.46745,,2023-03-01
c1999,46.640649,18.46745,8.944634146341482,2023-03-02
c1999,46.640649,18.46745,,2023-03-03
c1999,46.640649,18.46745,11.475391304347838,2023-03-04
c1999,46.640649,18.46745,8.830000000000041,2023-03-05
c1999,46.640649,18.46745,,2023-03-06
c1999,46.640649,18.46745,,2023-03-07
c1999,46.640649,18.46745,,2023-03-08
c1999,46.640649,18.46745,,2023-03-09
c1999,46.640649,18.46745,13.67657894736845,2023-03-10
c1999,46.640649,18.46745,7.138695652173949,2023-03-11
c1999,46.640649,18.46745,10.094608695652203,2023-03-12
c1999,46.640649,18.46745,15.926000000000018,2023-03-13
c1999,46.640649,18.46745,18.654956521739155,2023-03-14
c1999,46.640649,18.46745,,2023-03-15
c1999,46.640649,18.46745,10.836347826086994,2023-03-16
c1999,46.640649,18.46745,13.285826086956542,2023-03-17
c1999,46.640649,18.46745,16.564521739130456,2023-03-18
c1999,46.640649,18.46745,13.672956521739149,2023-03-19
c1999,46.640649,18.46745,,2023-03-20
c1999,46.640649,18.46745,18.380260869565237,2023-03-21
c1999,46.640649,18.46745,,2023-03-22
c1999,46.640649,18.46745,14.814137931034518,2023-03-23
c1999,46.640649,18.46745,20.7799130434783,2023-03-24
c1999,46.640649,18.46745,10.828181818181866,2023-03-25
c1999,46.640649,18.46745,17.127391304347857,2023-03-26
c1999,46.640649,18.46745,,2023-03-27
c1999,46.640649,18.46745,6.481891891891918,2023-03-28
c1999,46.640649,18.46745,9.030000000000006,2023-03-29
c1999,46.640649,18.46745,15.56765217391307,2023-03-30
c1999,46.640649,18.46745,18.09373913043481,2023-03-31
c1999,46.640649,18.46745,,2023-04-01
c1999,46.640649,18.46745,10.805862068965537,2023-04-02
c1999,46.640649,18.46745,11.110000000000014,2023-04-03
c1999,46.640649,18.46745,2.383913043478275,2023-04-04
c1999,46.640649,18.46745,10.756608695652185,2023-04-05
c1999,46.640649,18.46745,6.900810810810837,2023-04-06
c1999,46.640649,18.46745,,2023-04-07
c1999,46.640649,18.46745,,2023-04-08
c1999,46.640649,18.46745,,2023-04-09
c1999,46.640649,18.46745,16.962347826086983,2023-04-10
c1999,46.640649,18.46745,8.414519230769265,2023-04-11
c1999,46.640649,18.46745,20.15347826086959,2023-04-12
c1999,46.640649,18.46745,,2023-04-13
c1999,46.640649,18.46745,,2023-04-14
c1999,46.640649,18.46745,,2023-04-15
c1999,46.640649,18.46745,9.910000000000023,2023-04-16
c1999,46.640649,18.46745,,2023-04-17
c1999,46.640649,18.46745,,2023-04-18
c1999,46.640649,18.46745,15.535045045045072,2023-04-19
c1999,46.640649,18.46745,19.37295652173916,2023-04-20
c1999,46.640649,18.46745,19.89330434782612,2023-04-21
c1999,46.640649,18.46745,25.9226086956522,2023-04-22
c1999,46.640649,18.46745,25.943826086956538,2023-04-23
c1999,46.640649,18.46745,,2023-04-24
c1999,46.640649,18.46745,15.283780487804894,2023-04-25
c1999,46.640649,18.46745,17.05452173913046,2023-04-26
c1999,46.640649,18.46745,19.779565217391312,2023-04-27
c1999,46.640649,18.46745,16.95727272727276,2023-04-28
c1999,46.640649,18.46745,20.99000000000001,2023-04-29
c1999,46.640649,18.46745,20.16635416666668,2023-04-30
c1999,46.640649,18.46745,16.88243478260874,2023-05-01
c1999,46.640649,18.46745,19.72927272727274,2023-05-02
c1999,46.640649,18.46745,,2023-05-03
c1999,46.640649,18.46745,21.410000000000025,2023-05-04
c1999,46.640649,18.46745,23.343652173913075,2023-05-05
c1999,46.640649,18.46745,22.848048780487822,2023-05-06
c1999,46.640649,18.46745,23.869226519337044,2023-05-07
c1999,46.640649,18.46745,19.758521739130472,2023-05-08
c1999,46.640649,18.46745,20.34495652173915,2023-05-09
c1999,46.640649,18.46745,17.750000000000057,2023-05-10
c1999,46.640649,18.46745,,2023-05-11
c1999,46.640649,18.46745,,2023-05-12
c1999,46.640649,18.46745,,2023-05-13
c1999,46.640649,18.46745,,2023-05-14
c1999,46.640649,18.46745,,2023-05-15
c1999,46.640649,18.46745,,2023-05-16
c1999,46.640649,18.46745,,2023-05-17
c1999,46.640649,18.46745,,2023-05-18
c1999,46.640649,18.46745,19.395909090909136,2023-05-19
c1999,46.640649,18.46745,22.543478260869588,2023-05-20
c1999,46.640649,18.46745,26.51721739130437,2023-05-21
c1999,46.640649,18.46745,26.36469565217396,2023-05-22
c1999,46.640649,18.46745,28.56156521739133,2023-05-23
c1999,46.640649,18.46745,26.292111111111144,2023-05-24
c1999,46.640649,18.46745,26.30636363636367,2023-05-25
c1999,46.640649,18.46745,27.86495652173916,2023-05-26
c1999,46.640649,18.46745,23.886190476190517,2023-05-27
c1999,46.640649,18.46745,27.32078260869568,2023-05-28
c1999,46.640649,18.46745,,2023-05-29
c1999,46.640649,18.46745,,2023-05-30
c1999,46.640649,18.46745,26.488536585365907,2023-05-31
c1999,46.640649,18.46745,28.182173913043503,2023-06-01
c1999,46.640649,18.46745,30.67478260869568,2023-06-02
c1999,46.640649,18.46745,24.30251231527098,2023-06-03
c1999,46.640649,18.46745,27.606346153846175,2023-06-04
c1999,46.640649,18.46745,,2023-06-05
c1999,46.640649,18.46745,,2023-06-06
c1999,46.640649,18.46745,22.90130434782613,2023-06-07
c1999,46.640649,18.46745,22.31,2023-06-08
c1999,46.640649,18.46745,22.849381443298988,2023-06-09
c1999,46.640649,18.46745,22.59640000000002,2023-06-10
c1999,46.640649,18.46745,,2023-06-11
c1999,46.640649,18.46745,23.26791304347829,2023-06-12
c1999,46.640649,18.46745,23.12052173913048,2023-06-13
c1999,46.640649,18.46745,25.47117647058825,2023-06-14
c1999,46.640649,18.46745,19.003478260869606,2023-06-15
c1999,46.640649,18.46745,,2023-06-16
c1999,46.640649,18.46745,19.64516483516488,2023-06-17
c1999,46.640649,18.46745,28.249739130434808,2023-06-18
c1999,46.640649,18.46745,30.439826086956543,2023-06-19
c1999,46.640649,18.46745,28.40449541284407,2023-06-20
c1999,46.640649,18.46745,29.09319587628868,2023-06-21
c1999,46.640649,18.46745,24.463434343434365,2023-06-22
c1999,46.640649,18.46745,30.16469565217394,2023-06-23
c1999,46.640649,18.46745,23.03000000000003,2023-06-24
c1999,46.640649,18.46745,,2023-06-25
c1999,46.640649,18.46745,28.81200000000003,2023-06-26
c1999,46.640649,18.46745,,2023-06-27
c1999,46.640649,18.46745,21.85730434782611,2023-06-28
c1999,46.640649,18.46745,26.333739130434807,2023-06-29
c1999,46.640649,18.46745,28.95339130434787,2023-06-30
c1999,46.640649,18.46745,,2023-07-01
c1999,46.640649,18.46745,24.43982456140353,2023-07-02
c1999,46.640649,18.46745,26.970000000000027,2023-07-03
c1999,46.640649,18.46745,,2023-07-04
c1999,46.640649,18.46745,27.918260869565255,2023-07-05
c1999,46.640649,18.46745,27.85928229665076,2023-07-06
c1999,46.640649,18.46745,25.185094339622665,2023-07-07
c1999,46.640649,18.46745,30.510521739130464,2023-07-08
c1999,46.640649,18.46745,30.743304347826125,2023-07-09
c1999,46.640649,18.46745,32.84173913043481,2023-07-10
c1999,46.640649,18.46745,31.07026086956526,2023-07-11
c1999,46.640649,18.46745,31.81,2023-07-12
c1999,46.640649,18.46745,24.084133333333373,2023-07-13
c1999,46.640649,18.46745,26.30060869565221,2023-07-14
c1999,46.640649,18.46745,31.560086956521776,2023-07-15
c1999,46.640649,18.46745,30.04869281045755,2023-07-16
c1999,46.640649,18.46745,34.42104347826089,2023-07-17
c1999,46.640649,18.46745,28.97881720430109,2023-07-18
c1999,46.640649,18.46745,29.80198237885466,2023-07-19
c1999,46.640649,18.46745,31.794869565217414,2023-07-20
c1999,46.640649,18.46745,28.210000000000036,2023-07-21
c1999,46.640649,18.46745,27.56695652173916,2023-07-22
c1999,46.640649,18.46745,29.629739130434807,2023-07-23
c1999,46.640649,18.46745,24.57135593220342,2023-07-24
c1999,46.640649,18.46745,,2023-07-25
c1999,46.640649,18.46745,,2023-07-26
c1999,46.640649,18.46745,25.536173913043484,2023-07-27
c1999,46.640649,18.46745,,2023-07-28
c1999,46.640649,18.46745,32.01086956521742,2023-07-29
c1999,46.640649,18.46745,,2023-07-30
c1999,46.640649,18.46745,26.631739130434816,2023-07-31
c1999,46.640649,18.46745,27.650260869565223,2023-08-01
c1999,46.640649,18.46745,18.31860759493675,2023-08-02
c1999,46.640649,18.46745,,2023-08-03
c1999,46.640649,18.46745,27.344695652173932,2023-08-04
c1999,46.640649,18.46745,,2023-08-05
c1999,46.640649,18.46745,,2023-08-06
c1999,46.640649,18.46745,20.008518518518564,2023-08-07
c1999,46.640649,18.46745,21.317304347826127,2023-08-08
c1999,46.640649,18.46745,,2023-08-09
c1999,46.640649,18.46745,25.82939130434785,2023-08-10
c1999,46.640649,18.46745,27.978260869565243,2023-08-11
c1999,46.640649,18.46745,29.17486956521742,2023-08-12
c1999,46.640649,18.46745,31.95513043478264,2023-08-13
c1999,46.640649,18.46745,32.39765217391307,2023-08-14
c1999,46.640649,18.46745,32.977130434782644,2023-08-15
c1999,46.640649,18.46745,,2023-08-16
c1999,46.640649,18.46745,29.470000000000027,2023-08-17
c1999,46.640649,18.46745,30.51982608695655,2023-08-18
c1999,46.640649,18.46745,,2023-08-19
c1999,46.640649,18.46745,31.070000000000025,2023-08-20
c1999,46.640649,18.46745,33.33800000000003,2023-08-21
c1999,46.640649,18.46745,34.632695652173965,2023-08-22
c1999,46.640649,18.46745,30.684509803921618,2023-08-23
c1999,46.640649,18.46745,30.490608695652224,2023-08-24
c1999,46.640649,18.46745,32.98495652173916,2023-08-25
c1999,46.640649,18.46745,34.30113043478264,2023-08-26
c1999,46.640649,18.46745,34.631739130434795,2023-08-27
c1999,46.640649,18.46745,30.349436619718347,2023-08-28
c1999,46.640649,18.46745,,2023-08-29
c1999,46.640649,18.46745,,2023-08-30
c1999,46.640649,18.46745,,2023-08-31
c1999,46.640649,18.46745,25.739130434782655,2023-09-01
c1999,46.640649,18.46745,30.406434782608727,2023-09-02
c1999,46.640649,18.46745,,2023-09-03
c1999,46.640649,18.46745,27.170869565217412,2023-09-04
c1999,46.640649,18.46745,26.356695652173944,2023-09-05
c1999,46.640649,18.46745,30.988086956521773,2023-09-06
c1999,46.640649,18.46745,30.74095652173916,2023-09-07
c1999,46.640649,18.46745,31.5426086956522,2023-09-08
c1999,46.640649,18.46745,32.31017391304351,2023-09-09
c1999,46.640649,18.46745,30.81147826086961,2023-09-10
c1999,46.640649,18.46745,34.0019130434783,2023-09-11
c1999,46.640649,18.46745,32.631565217391326,2023-09-12
c1999,46.640649,18.46745,31.055043478260888,2023-09-13
c1999,46.640649,18.46745,,2023-09-14
c1999,46.640649,18.46745,27.600828729281805,2023-09-15
c1999,46.640649,18.46745,27.501333333333353,2023-09-16
c1999,46.640649,18.46745,28.7712173913044,2023-09-17
c1999,46.640649,18.46745,28.805217391304385,2023-09-18
c1999,46.640649,18.46745,,2023-09-19
c1999,46.640649,18.46745,30.266173913043495,2023-09-20
c1999,46.640649,18.46745,31.803548387096814,2023-09-21
c1999,46.640649,18.46745,23.55000000000001,2023-09-22
c1999,46.640649,18.46745,,2023-09-23
c1999,46.640649,18.46745,,2023-09-24
c1999,46.640649,18.46745,20.550000000000036,2023-09-25
c1999,46.640649,18.46745,24.345913043478298,2023-09-26
c1999,46.640649,18.46745,25.655826086956544,2023-09-27
c1999,46.640649,18.46745,21.690521739130457,2023-09-28
c1999,46.640649,18.46745,26.28669565217395,2023-09-29
c1999,46.640649,18.46745,,2023-09-30
c1999,46.640649,18.46745,23.521020408163295,2023-10-01
c1999,46.640649,18.46745,25.787043478260905,2023-10-02
c1999,46.640649,18.46745,27.11391304347828,2023-10-03
c1999,46.640649,18.46745,20.23542056074771,2023-10-04
c1999,46.640649,18.46745,23.214223602484516,2023-10-05
c1999,46.640649,18.46745,24.093826086956557,2023-10-06
c1999,46.640649,18.46745,17.714945054945073,2023-10-07
c1999,46.640649,18.46745,18.795276073619657,2023-10-08
c1999,46.640649,18.46745,,2023-10-09
c1999,46.640649,18.46745,,2023-10-10
c1999,46.640649,18.46745,23.44956521739135,2023-10-11
c1999,46.640649,18.46745,25.553478260869593,2023-10-12
c1999,46.640649,18.46745,24.484434782608727,2023-10-13
c1999,46.640649,18.46745,25.158260869565265,2023-10-14
c1999,46.640649,18.46745,,2023-10-15
c1999,46.640649,18.46745,15.027913043478298,2023-10-16
c1999,46.640649,18.46745,18.29260869565221,2023-10-17
c1999,46.640649,18.46745,13.20962264150945,2023-10-18
c1999,46.640649,18.46745,17.582624113475198,2023-10-19
c1999,46.640649,18.46745,,2023-10-20
c1999,46.640649,18.46745,,2023-10-21
c1999,46.640649,18.46745,17.950000000000035,2023-10-22
c1999,46.640649,18.46745,17.04756521739133,2023-10-23
c1999,46.640649,18.46745,14.53000000000003,2023-10-24
c1999,46.640649,18.46745,,2023-10-25
c1999,46.640649,18.46745,,2023-10-26
c1999,46.640649,18.46745,,2023-10-27
c1999,46.640649,18.46745,13.545968992248106,2023-10-28
c1999,46.640649,18.46745,14.063262032085584,2023-10-29
c1999,46.640649,18.46745,9.498888888888905,2023-10-30
c1999,46.640649,18.46745,,2023-10-31
c1999,46.640649,18.46745,15.997391304347856,2023-11-01
c1999,46.640649,18.46745,16.589565217391335,2023-11-02
c1999,46.640649,18.46745,,2023-11-03
c1999,46.640649,18.46745,11.543043478260904,2023-11-04
c1999,46.640649,18.46745,,2023-11-05
c1999,46.640649,18.46745,10.722121212121255,2023-11-06
c1999,46.640649,18.46745,11.591242236024872,2023-11-07
c1999,46.640649,18.46745,11.732521739130476,2023-11-08
c1999,46.640649,18.46745,10.98713043478264,2023-11-09
c1999,46.640649,18.46745,,2023-11-10
c1999,46.640649,18.46745,,2023-11-11
c1999,46.640649,18.46745,9.733130434782648,2023-11-12
c1999,46.640649,18.46745,,2023-11-13
c1999,46.640649,18.46745,,2023-11-14
c1999,46.640649,18.46745,13.043304347826128,2023-11-15
c1999,46.640649,18.46745,11.341826086956546,2023-11-16
c1999,46.640649,18.46745,,2023-11-17
c1999,46.640649,18.46745,5.853217391304359,2023-11-18
c1999,46.640649,18.46745,,2023-11-19
c1999,46.640649,18.46745,,2023-11-20
c1999,46.640649,18.46745,,2023-11-21
c1999,46.640649,18.46745,3.983838862559286,2023-11-22
c1999,46.640649,18.46745,,2023-11-23
c1999,46.640649,18.46745,4.897043478260897,2023-11-24
c1999,46.640649,18.46745,2.3230177514793113,2023-11-25
c1999,46.640649,18.46745,1.7272173913043778,2023-11-26
c1999,46.640649,18.46745,,2023-11-27
c1999,46.640649,18.46745,,2023-11-28
c1999,46.640649,18.46745,1.8962608695652312,2023-11-29
c1999,46.640649,18.46745,,2023-11-30
c1999,46.640649,18.46745,,2023-12-01
c1999,46.640649,18.46745,,2023-12-02
c1999,46.640649,18.46745,-0.028956521739106,2023-12-03
c1999,46.640649,18.46745,0.1959130434783014,2023-12-04
c1999,46.640649,18.46745,,2023-12-05
c1999,46.640649,18.46745,,2023-12-06
c1999,46.640649,18.46745,,2023-12-07
c1999,46.640649,18.46745,-0.3499999999999968,2023-12-08
c1999,46.640649,18.46745,,2023-12-09
c1999,46.640649,18.46745,,2023-12-10
c1999,46.640649,18.46745,-1.1918260869564925,2023-12-11
c1999,46.640649,18.46745,2.2464192139738275,2023-12-12
c1999,46.640649,18.46745,,2023-12-13
c1999,46.640649,18.46745,4.387600000000027,2023-12-14
c1999,46.640649,18.46745,2.969009900990148,2023-12-15
c1999,46.640649,18.46745,2.457391304347845,2023-12-16
c1999,46.640649,18.46745,0.0173170731707506,2023-12-17
c1999,46.640649,18.46745,4.307565217391333,2023-12-18
c1999,46.640649,18.46745,4.409304347826097,2023-12-19
c1999,46.640649,18.46745,,2023-12-20
c1999,46.640649,18.46745,,2023-12-21
c1999,46.640649,18.46745,3.261652173913082,2023-12-22
c1999,46.640649,18.46745,,2023-12-23
c1999,46.640649,18.46745,,2023-12-24
c1999,46.640649,18.46745,,2023-12-25
c1999,46.640649,18.46745,-1.0699999999999932,2023-12-26
c1999,46.640649,18.46745,7.971913043478292,2023-12-27
c1999,46.640649,18.46745,6.909652173913083,2023-12-28
c1999,46.640649,18.46745,8.270434782608715,2023-12-29
c1999,46.640649,18.46745,,2023-12-30
c1999,46.640649,18.46745,4.268373205741665,2023-12-31
c1999,46.640649,18.46745,3.881071428571457,2024-01-01
c1999,46.640649,18.46745,1.8461809045226456,2024-01-02
c1999,46.640649,18.46745,6.582982456140367,2024-01-03
c1999,46.640649,18.46745,4.716666666666693,2024-01-04
c1999,46.640649,18.46745,2.234367816091972,2024-01-05
c1999,46.640649,18.46745,,2024-01-06
c1999,46.640649,18.46745,-9.309999999999944,2024-01-07
c1999,46.640649,18.46745,,2024-01-08
c1999,46.640649,18.46745,,2024-01-09
c1999,46.640649,18.46745,0.1368695652174175,2024-01-10
c1999,46.640649,18.46745,-1.6513513513513287,2024-01-11
c1999,46.640649,18.46745,0.2567826086956853,2024-01-12
c1999,46.640649,18.46745,1.4013913043478528,2024-01-13
c1999,46.640649,18.46745,0.299043478260887,2024-01-14
c1999,46.640649,18.46745,-1.2899999999999636,2024-01-15
c1999,46.640649,18.46745,0.6328025477707292,2024-01-16
c1999,46.640649,18.46745,,2024-01-17
c1999,46.640649,18.46745,,2024-01-18
c1999,46.640649,18.46745,,2024-01-19
c1999,46.640649,18.46745,-1.0789565217391144,2024-01-20
c1999,46.640649,18.46745,-1.5644347826086866,2024-01-21
c1999,46.640649,18.46745,0.2177391304348287,2024-01-22
c1999,46.640649,18.46745,0.4700000000000273,2024-01-23
c1999,46.640649,18.46745,,2024-01-24
c1999,46.640649,18.46745,4.147739130434802,2024-01-25
c1999,46.640649,18.46745,6.148347826086992,2024-01-26
c1999,46.640649,18.46745,4.651913043478299,2024-01-27
c1999,46.640649,18.46745,4.444956521739176,2024-01-28
c1999,46.640649,18.46745,3.81904347826091,2024-01-29
c1999,46.640649,18.46745,2.6566956521739407,2024-01-30
c1999,46.640649,18.46745,-0.4839999999999728,2024-01-31
c1999,46.640649,18.46745,1.0037078651685716,2024-02-01
c1999,46.640649,18.46745,5.433391304347871,2024-02-02
c1999,46.640649,18.46745,11.100173913043507,2024-02-03
c1999,46.640649,18.46745,8.603968253968276,2024-02-04
c1999,46.640649,18.46745,11.596782608695678,2024-02-05
c1999,46.640649,18.46745,12.215739130434825,2024-02-06
c1999,46.640649,18.46745,7.633036649214692,2024-02-07
c1999,46.640649,18.46745,11.80582608695656,2024-02-08
c1999,46.640649,18.46745,,2024-02-09
c1999,46.640649,18.46745,10.97157205240176,2024-02-10
c1999,46.640649,18.46745,,2024-02-11
c1999,46.640649,18.46745,,2024-02-12
c1999,46.640649,18.46745,9.080434782608716,2024-02-13
c1999,46.640649,18.46745,8.157565217391344,2024-02-14
c1999,46.640649,18.46745,6.9500000000000455,2024-02-15
c1999,46.640649,18.46745,9.42521739130439,2024-02-16
c1999,46.640649,18.46745,10.252037037037068,2024-02-17
c1999,46.640649,18.46745,10.769565217391332,2024-02-18
c1999,46.640649,18.46745,6.710000000000036,2024-02-19
c1999,46.640649,18.46745,11.33965217391308,2024-02-20
c1999,46.640649,18.46745,8.954827586206934,2024-02-21
c1999,46.640649,18.46745,,2024-02-22
c1999,46.640649,18.46745,,2024-02-23
c1999,46.640649,18.46745,,2024-02-24
c1999,46.640649,18.46745,5.8700000000000045,2024-02-25
c1999,46.640649,18.46745,8.793636363636386,2024-02-26
c1999,46.640649,18.46745,,2024-02-27
c1999,46.640649,18.46745,,2024-02-28
c1999,46.640649,18.46745,10.083304347826118,2024-02-29
c1999,46.640649,18.46745,,2024-03-01
c1999,46.640649,18.46745,,2024-03-02
c1999,46.640649,18.46745,16.209652173913067,2024-03-03
c1999,46.640649,18.46745,7.815940594059425,2024-03-04
c1999,46.640649,18.46745,11.093236994219655,2024-03-05
c1999,46.640649,18.46745,13.84383720930236,2024-03-06
c1999,46.640649,18.46745,,2024-03-07
c1999,46.640649,18.46745,,2024-03-08
c1999,46.640649,18.46745,8.02707762557079,2024-03-09
c1999,46.640649,18.46745,,2024-03-10
c1999,46.640649,18.46745,,2024-03-11
c1999,46.640649,18.46745,,2024-03-12
c1999,46.640649,18.46745,10.961212121212135,2024-03-13
c1999,46.640649,18.46745,11.045789473684234,2024-03-14
c1999,46.640649,18.46745,16.506421052631612,2024-03-15
c1999,46.640649,18.46745,,2024-03-16
c1999,46.640649,18.46745,14.854782608695684,2024-03-17
c1999,46.640649,18.46745,12.799393939393983,2024-03-18
c1999,46.640649,18.46745,14.589217391304384,2024-03-19
c1999,46.640649,18.46745,17.44695652173916,2024-03-20
c1999,46.640649,18.46745,10.29000000000002,2024-03-21
c1999,46.640649,18.46745,,2024-03-22
c1999,46.640649,18.46745,19.85600000000002,2024-03-23
c1999,46.640649,18.46745,9.145728155339848,2024-03-24
c1999,46.640649,18.46745,13.288173913043517,2024-03-25
c1999,46.640649,18.46745,11.675806451612944,2024-03-26
c1999,46.640649,18.46745,19.21773913043481,2024-03-27
c1999,46.640649,18.46745,16.316782608695693,2024-03-28
c1999,46.640649,18.46745,13.914455958549269,2024-03-29
c1999,46.640649,18.46745,20.518347826086973,2024-03-30
c1999,46.640649,18.46745,20.6541739130435,2024-03-31
c1999,46.640649,18.46745,15.418780487804913,2024-04-01
c1999,46.640649,18.46745,11.690296296296331,2024-04-02
c1999,46.640649,18.46745,19.30460869565221,2024-04-03
c1999,46.640649,18.46745,16.926086956521754,2024-04-04
c1999,46.640649,18.46745,23.120521739130453,2024-04-05
c1999,46.640649,18.46745,,2024-04-06
c1999,46.640649,18.46745,,2024-04-07
c1999,46.640649,18.46745,20.606782608695685,2024-04-08
c1999,46.640649,18.46745,19.340395480226015,2024-04-09
c1999,46.640649,18.46745,,2024-04-10
c1999,46.640649,18.46745,18.87052173913047,2024-04-11
c1999,46.640649,18.46745,24.7914782608696,2024-04-12
c1999,46.640649,18.46745,28.162956521739165,2024-04-13
c1999,46.640649,18.46745,,2024-04-14
c1999,46.640649,18.46745,28.728434782608737,2024-04-15
c1999,46.640649,18.46745,,2024-04-16
c1999,46.640649,18.46745,,2024-04-17
c1999,46.640649,18.46745,14.032666666666694,2024-04-18
c1999,46.640649,18.46745,16.385833333333366,2024-04-19
c1999,46.640649,18.46745,16.58609756097565,2024-04-20
c1999,46.640649,18.46745,11.443170731707344,2024-04-21
c1999,46.640649,18.46745,17.464042553191515,2024-04-22
c1999,46.640649,18.46745,14.47933333333337,2024-04-23
c1999,46.640649,18.46745,,2024-04-24
c1999,46.640649,18.46745,12.836347826086978,2024-04-25
c1999,46.640649,18.46745,12.361948051948067,2024-04-26
c1999,46.640649,18.46745,23.46043478260872,2024-04-27
c1999,46.640649,18.46745,20.555391304347857,2024-04-28
c1999,46.640649,18.46745,25.745652173913072,2024-04-29
c1999,46.640649,18.46745,27.074521739130446,2024-04-30
c1999,46.640649,18.46745,18.732372881355964,2024-05-01
c1999,46.640649,18.46745,18.010000000000048,2024-05-02
c1999,46.640649,18.46745,,2024-05-03
c1999,46.640649,18.46745,21.04460869565221,2024-05-04
c1999,46.640649,18.46745,27.41026086956525,2024-05-05
c1999,46.640649,18.46745,22.672086956521788,2024-05-06
c1999,46.640649,18.46745,20.415000000000052,2024-05-07
c1999,46.640649,18.46745,,2024-05-08
c1999,46.640649,18.46745,,2024-05-09
c1999,46.640649,18.46745,25.281913043478298,2024-05-10
c1999,46.640649,18.46745,25.108347826086977,2024-05-11
c1999,46.640649,18.46745,,2024-05-12
c1999,46.640649,18.46745,23.797913043478285,2024-05-13
c1999,46.640649,18.46745,28.579913043478285,2024-05-14
c1999,46.640649,18.46745,25.1794782608696,2024-05-15
c1999,46.640649,18.46745,,2024-05-16
c1999,46.640649,18.46745,,2024-05-17
c1999,46.640649,18.46745,22.758695652173927,2024-05-18
c1999,46.640649,18.46745,26.75139130434786,2024-05-19
c1999,46.640649,18.46745,28.376695652173954,2024-05-20
c1999,46.640649,18.46745,21.516666666666715,2024-05-21
c1999,46.640649,18.46745,20.359538461538484,2024-05-22
c1999,46.640649,18.46745,20.191339712918708,2024-05-23
c1999,46.640649,18.46745,20.670000000000016,2024-05-24
c1999,46.640649,18.46745,20.8770434782609,2024-05-25
c1999,46.640649,18.46745,20.337500000000013,2024-05-26
c1999,46.640649,18.46745,21.570090090090115,2024-05-27
c1999,46.640649,18.46745,29.026782608695676,2024-05-28
c1999,46.640649,18.46745,27.557478260869576,2024-05-29
c1999,46.640649,18.46745,27.084173913043497,2024-05-30
c1999,46.640649,18.46745,,2024-05-31
c1999,46.640649,18.46745,20.83048780487807,2024-06-01
c1999,46.640649,18.46745,24.645391304347864,2024-06-02
c1999,46.640649,18.46745,,2024-06-03
c1999,46.640649,18.46745,,2024-06-04
c1999,46.640649,18.46745,24.57504347826088,2024-06-05
c1999,46.640649,18.46745,26.716000000000037,2024-06-06
c1999,46.640649,18.46745,28.213304347826135,2024-06-07
c1999,46.640649,18.46745,28.884956521739166,2024-06-08
c1999,46.640649,18.46745,18.970000000000027,2024-06-09
c1999,46.640649,18.46745,23.07000000000005,2024-06-10
c1999,46.640649,18.46745,21.114545454545503,2024-06-11
c1999,46.640649,18.46745,,2024-06-12
c1999,46.640649,18.46745,23.350000000000023,2024-06-13
c1999,46.640649,18.46745,24.19921739130437,2024-06-14
c1999,46.640649,18.46745,26.236000000000008,2024-06-15
c1999,46.640649,18.46745,21.838793103448328,2024-06-16
c1999,46.640649,18.46745,28.36660869565219,2024-06-17
c1999,46.640649,18.46745,28.556260869565232,2024-06-18
c1999,46.640649,18.46745,25.36064516129035,2024-06-19
c1999,46.640649,18.46745,20.52666666666669,2024-06-20
c1999,46.640649,18.46745,23.368340611353723,2024-06-21
c1999,46.640649,18.46745,20.048193548387133,2024-06-22
c1999,46.640649,18.46745,,2024-06-23
c1999,46.640649,18.46745,24.547709251101352,2024-06-24
c1999,46.640649,18.46745,25.127100000000024,2024-06-25
c1999,46.640649,18.46745,,2024-06-26
c1999,46.640649,18.46745,21.890000000000043,2024-06-27
c1999,46.640649,18.46745,25.573507109004748,2024-06-28
c1999,46.640649,18.46745,32.501739130434814,2024-06-29
c1999,46.640649,18.46745,27.640086956521763,2024-06-30
c1999,46.640649,18.46745,27.85486956521744,2024-07-01
c1999,46.640649,18.46745,,2024-07-02
c1999,46.640649,18.46745,23.283304347826117,2024-07-03
c1999,46.640649,18.46745,25.297913043478296,2024-07-04
c1999,46.640649,18.46745,28.81852173913047,2024-07-05
c1999,46.640649,18.46745,26.27895652173915,2024-07-06
c1999,46.640649,18.46745,31.119130434782615,2024-07-07
c1999,46.640649,18.46745,30.03000000000003,2024-07-08
c1999,46.640649,18.46745,33.44234782608699,2024-07-09
c1999,46.640649,18.46745,31.872956521739177,2024-07-10
c1999,46.640649,18.46745,36.00182608695655,2024-07-11
c1999,46.640649,18.46745,35.26347826086959,2024-07-12
c1999,46.640649,18.46745,32.06391304347831,2024-07-13
c1999,46.640649,18.46745,35.49408695652177,2024-07-14
c1999,46.640649,18.46745,32.84024390243907,2024-07-15
c1999,46.640649,18.46745,35.74266666666668,2024-07-16
c1999,46.640649,18.46745,34.066347826087004,2024-07-17
c1999,46.640649,18.46745,31.35000000000002,2024-07-18
c1999,46.640649,18.46745,34.95426086956523,2024-07-19
c1999,46.640649,18.46745,,2024-07-20
c1999,46.640649,18.46745,29.306089385474895,2024-07-21
c1999,46.640649,18.46745,32.60602409638556,2024-07-22
c1999,46.640649,18.46745,25.11337349397594,2024-07-23
c1999,46.640649,18.46745,31.070094339622667,2024-07-24
c1999,46.640649,18.46745,27.65278260869568,2024-07-25
c1999,46.640649,18.46745,33.338086956521764,2024-07-26
c1999,46.640649,18.46745,34.69878260869568,2024-07-27
c1999,46.640649,18.46745,37.270521739130466,2024-07-28
c1999,46.640649,18.46745,27.758125000000025,2024-07-29
c1999,46.640649,18.46745,31.300086956521767,2024-07-30
c1999,46.640649,18.46745,35.80191304347829,2024-07-31
c1999,46.640649,18.46745,31.96347826086958,2024-08-01
c1999,46.640649,18.46745,,2024-08-02
c1999,46.640649,18.46745,26.754967320261457,2024-08-03
c1999,46.640649,18.46745,31.95678260869568,2024-08-04
c1999,46.640649,18.46745,29.4501739130435,2024-08-05
c1999,46.640649,18.46745,30.689739130434813,2024-08-06
c1999,46.640649,18.46745,,2024-08-07
c1999,46.640649,18.46745,,2024-08-08
c1999,46.640649,18.46745,31.693826086956538,2024-08-09
c1999,46.640649,18.46745,35.304000000000045,2024-08-10
c1999,46.640649,18.46745,31.82309734513279,2024-08-11
c1999,46.640649,18.46745,37.431217391304365,2024-08-12
c1999,46.640649,18.46745,39.74521739130437,2024-08-13
c1999,46.640649,18.46745,35.732260869565245,2024-08-14
c1999,46.640649,18.46745,37.78660869565222,2024-08-15
c1999,46.640649,18.46745,35.69539130434786,2024-08-16
c1999,46.640649,18.46745,,2024-08-17
c1999,46.640649,18.46745,32.55356521739132,2024-08-18
c1999,46.640649,18.46745,,2024-08-19
c1999,46.640649,18.46745,31.775909090909124,2024-08-20
c1999,46.640649,18.46745,30.666593406593417,2024-08-21
c1999,46.640649,18.46745,23.99000000000001,2024-08-22
c1999,46.640649,18.46745,35.05878260869567,2024-08-23
c1999,46.640649,18.46745,38.0310434782609,2024-08-24
c1999,46.640649,18.46745,33.674521739130476,2024-08-25
c1999,46.640649,18.46745,31.018034188034218,2024-08-26
c1999,46.640649,18.46745,30.580167597765403,2024-08-27
c1999,46.640649,18.46745,32.98938053097349,2024-08-28
c1999,46.640649,18.46745,35.71400000000004,2024-08-29
c1999,46.640649,18.46745,36.270521739130466,2024-08-30
c1999,46.640649,18.46745,35.338260869565225,2024-08-31
c1999,46.640649,18.46745,36.66460869565221,2024-09-01
c1999,46.640649,18.46745,32.70086956521742,2024-09-02
c1999,46.640649,18.46745,36.84965217391307,2024-09-03
c1999,46.640649,18.46745,36.272000000000034,2024-09-04
c1999,46.640649,18.46745,32.54686956521741,2024-09-05
c1999,46.640649,18.46745,,2024-09-06
c1999,46.640649,18.46745,,2024-09-07
c1999,46.640649,18.46745,33.93965217391307,2024-09-08
c1999,46.640649,18.46745,,2024-09-09
c1999,46.640649,18.46745,,2024-09-10
c1999,46.640649,18.46745,26.54669565217394,2024-09-11
c1999,46.640649,18.46745,,2024-09-12
c1999,46.640649,18.46745,,2024-09-13
c1999,46.640649,18.46745,,2024-09-14
c1999,46.640649,18.46745,,2024-09-15
c1999,46.640649,18.46745,,2024-09-16
c1999,46.640649,18.46745,,2024-09-17
c1999,46.640649,18.46745,19.68454545454548,2024-09-18
c1999,46.640649,18.46745,21.774695652173936,2024-09-19
c1999,46.640649,18.46745,20.49333333333334,2024-09-20
c1999,46.640649,18.46745,24.31191304347828,2024-09-21
c1999,46.640649,18.46745,23.682347826086986,2024-09-22
c1999,46.640649,18.46745,24.914434782608716,2024-09-23
c1999,46.640649,18.46745,17.29000000000002,2024-09-24
c1999,46.640649,18.46745,15.150000000000034,2024-09-25
c1999,46.640649,18.46745,23.68629629629631,2024-09-26
c1999,46.640649,18.46745,,2024-09-27
c1999,46.640649,18.46745,,2024-09-28
c1999,46.640649,18.46745,12.83099009900992,2024-09-29
c1999,46.640649,18.46745,17.888260869565254,2024-09-30
c1999,46.640649,18.46745,14.853565217391337,2024-10-01
c1999,46.640649,18.46745,,2024-10-02
c1999,46.640649,18.46745,,2024-10-03
c1999,46.640649,18.46745,,2024-10-04
c1999,46.640649,18.46745,,2024-10-05
c1999,46.640649,18.46745,,2024-10-06
c1999,46.640649,18.46745,17.60234782608698,2024-10-07
c1999,46.640649,18.46745,19.049043478260906,2024-10-08
c1999,46.640649,18.46745,15.769512195121983,2024-10-09
c1999,46.640649,18.46745,20.467826086956546,2024-10-10
c1999,46.640649,18.46745,17.742000000000033,2024-10-11
c1999,46.640649,18.46745,16.095565217391343,2024-10-12
c1999,46.640649,18.46745,,2024-10-13
c1999,46.640649,18.46745,16.554173913043503,2024-10-14
c1999,46.640649,18.46745,16.252956521739154,2024-10-15
c1999,46.640649,18.46745,,2024-10-16
c1999,46.640649,18.46745,13.010000000000048,2024-10-17
c1999,46.640649,18.46745,15.787565217391329,2024-10-18
c1999,46.640649,18.46745,13.57591304347831,2024-10-19
c1999,46.640649,18.46745,15.431739130434815,2024-10-20
c1999,46.640649,18.46745,16.362956521739147,2024-10-21
c1999,46.640649,18.46745,17.39713043478264,2024-10-22
c1999,46.640649,18.46745,17.697565217391332,2024-10-23
c1999,46.640649,18.46745,13.990000000000007,2024-10-24
c1999,46.640649,18.46745,13.82605839416062,2024-10-25
c1999,46.640649,18.46745,,2024-10-26
c1999,46.640649,18.46745,19.80521739130438,2024-10-27
c1999,46.640649,18.46745,16.34069565217395,2024-10-28
c1999,46.640649,18.46745,17.708000000000013,2024-10-29
c1999,46.640649,18.46745,19.327739130434804,2024-10-30
c1999,46.640649,18.46745,,2024-10-31
c1999,46.640649,18.46745,11.852167487684758,2024-11-01
c1999,46.640649,18.46745,13.248521739130446,2024-11-02
c1999,46.640649,18.46745,9.777524752475284,2024-11-03
c1999,46.640649,18.46745,12.207043478260893,2024-11-04
c1999,46.640649,18.46745,9.834086956521768,2024-11-05
c1999,46.640649,18.46745,5.6027380952381485,2024-11-06
c1999,46.640649,18.46745,10.600695652173956,2024-11-07
c1999,46.640649,18.46745,9.323043478260878,2024-11-08
c1999,46.640649,18.46745,8.874086956521788,2024-11-09
c1999,46.640649,18.46745,,2024-11-10
c1999,46.640649,18.46745,,2024-11-11
c1999,46.640649,18.46745,,2024-11-12
c1999,46.640649,18.46745,,2024-11-13
c1999,46.640649,18.46745,,2024-11-14
c1999,46.640649,18.46745,,2024-11-15
c1999,46.640649,18.46745,8.643565217391327,2024-11-16
c1999,46.640649,18.46745,,2024-11-17
c1999,46.640649,18.46745,,2024-11-18
c1999,46.640649,18.46745,,2024-11-19
c1999,46.640649,18.46745,,2024-11-20
c1999,46.640649,18.46745,5.081391304347857,2024-11-21
c1999,46.640649,18.46745,,2024-11-22
c1999,46.640649,18.46745,-0.0746956521738849,2024-11-23
c1999,46.640649,18.46745,-2.6899999999999977,2024-11-24
c1999,46.640649,18.46745,7.106521739130445,2024-11-25
c1999,46.640649,18.46745,9.141043478260904,2024-11-26
c1999,46.640649,18.46745,1.7900000000000205,2024-11-27
c1999,46.640649,18.46745,,2024-11-28
c1999,46.640649,18.46745,,2024-11-29
c1999,46.640649,18.46745,5.673304347826128,2024-11-30
c1999,46.640649,18.46745,6.652608695652209,2024-12-01
c1999,46.640649,18.46745,0.7573885350318715,2024-12-02
c1999,46.640649,18.46745,,2024-12-03
c1999,46.640649,18.46745,-0.92999999999995,2024-12-04
c1999,46.640649,18.46745,,2024-12-05
c1999,46.640649,18.46745,,2024-12-06
c1999,46.640649,18.46745,,2024-12-07
c1999,46.640649,18.46745,4.276631016042791,2024-12-08
c1999,46.640649,18.46745,,2024-12-09
c1999,46.640649,18.46745,,2024-12-10
c1999,46.640649,18.46745,,2024-12-11
c1999,46.640649,18.46745,1.8635000000000308,2024-12-12
c1999,46.640649,18.46745,,2024-12-13
c1999,46.640649,18.46745,,2024-12-14
c1999,46.640649,18.46745,1.366740740740771,2024-12-15
c1999,46.640649,18.46745,,2024-12-16
c1999,46.640649,18.46745,4.307913043478293,2024-12-17
c1999,46.640649,18.46745,0.8344347826087326,2024-12-18
c1999,46.640649,18.46745,4.797403314917148,2024-12-19
c1999,46.640649,18.46745,2.905094339622684,2024-12-20
c1999,46.640649,18.46745,-0.5099999999999909,2024-12-21
c1999,46.640649,18.46745,0.6856976744186185,2024-12-22
c1999,46.640649,18.46745,,2024-12-23
c1999,46.640649,18.46745,-4.189999999999998,2024-12-24
c1999,46.640649,18.46745,2.07000000000005,2024-12-25
c1999,46.640649,18.46745,1.145739130434823,2024-12-26
c1999,46.640649,18.46745,0.3424347826087176,2024-12-27
c1999,46.640649,18.46745,1.1127826086956982,2024-12-28
c1999,46.640649,18.46745,-0.1499999999999772,2024-12-29
c1999,46.640649,18.46745,-0.984358974358952,2024-12-30
c1999,46.640649,18.46745,,2024-12-31
c1999,46.640649,18.46745,,2025-01-01
c1999,46.640649,18.46745,0.6400000000000337,2025-01-02
c1999,46.640649,18.46745,,2025-01-03
c1999,46.640649,18.46745,0.0960000000000409,2025-01-04
c1999,46.640649,18.46745,-8.569999999999993,2025-01-05
c1999,46.640649,18.46745,8.550000000000011,2025-01-06
c1999,46.640649,18.46745,,2025-01-07
c1999,46.640649,18.46745,3.8054430379747055,2025-01-08
c1999,46.640649,18.46745,,2025-01-09
c1999,46.640649,18.46745,,2025-01-10
c1999,46.640649,18.46745,0.0094382022472073,2025-01-11
c1999,46.640649,18.46745,0.3967826086956896,2025-01-12
c1999,46.640649,18.46745,-1.3099999999999454,2025-01-13
c1999,46.640649,18.46745,0.1697391304348032,2025-01-14
c1999,46.640649,18.46745,,2025-01-15
c1999,46.640649,18.46745,-5.049999999999983,2025-01-16
c1999,46.640649,18.46745,,2025-01-17
c1999,46.640649,18.46745,,2025-01-18
c1999,46.640649,18.46745,,2025-01-19
c1999,46.640649,18.46745,,2025-01-20
c1999,46.640649,18.46745,,2025-01-21
c1999,46.640649,18.46745,,2025-01-22
c1999,46.640649,18.46745,1.0890804597701442,2025-01-23
c1999,46.640649,18.46745,6.212782608695681,2025-01-24
c1999,46.640649,18.46745,,2025-01-25
c1999,46.640649,18.46745,4.056666666666691,2025-01-26
c1999,46.640649,18.46745,,2025-01-27
c1999,46.640649,18.46745,-12.549999999999956,2025-01-28
c1999,46.640649,18.46745,10.1379130434783,2025-01-29
c1999,46.640649,18.46745,6.199217391304395,2025-01-30
c1999,46.640649,18.46745,7.971826086956553,2025-01-31
c1999,46.640649,18.46745,,2025-02-01
c1999,46.640649,18.46745,3.3894782608696095,2025-02-02
c1999,46.640649,18.46745,5.274907407407434,2025-02-03
c1999,46.640649,18.46745,1.4248314606741943,2025-02-04
c1999,46.640649,18.46745,2.831043478260902,2025-02-05
c1999,46.640649,18.46745,4.941826086956539,2025-02-06
c1999,46.640649,18.46745,0.9948000000000132,2025-02-07
c1999,46.640649,18.46745,1.6900000000000546,2025-02-08
c1999,46.640649,18.46745,-2.3119230769230588,2025-02-09
c1999,46.640649,18.46745,3.006363636363683,2025-02-10
c1999,46.640649,18.46745,5.091478260869616,2025-02-11
c1999,46.640649,18.46745,,2025-02-12
c1999,46.640649,18.46745,,2025-02-13
c1999,46.640649,18.46745,,2025-02-14
c1999,46.640649,18.46745,,2025-02-15
c1999,46.640649,18.46745,,2025-02-16
c1999,46.640649,18.46745,0.7966086956521914,2025-02-17
c1999,46.640649,18.46745,,2025-02-18
c1999,46.640649,18.46745,1.2070434782608832,2025-02-19
c1999,46.640649,18.46745,3.3459130434783035,2025-02-20
c1999,46.640649,18.46745,4.878956521739159,2025-02-21
c1999,46.640649,18.46745,3.36565217391307,2025-02-22
c1999,46.640649,18.46745,6.309565217391333,2025-02-23
c1999,46.640649,18.46745,5.9730845771144505,2025-02-24
c1999,46.640649,18.46745,,2025-02-25
c1999,46.640649,18.46745,,2025-02-26
c1999,46.640649,18.46745,,2025-02-27
c1999,46.640649,18.46745,9.916173913043512,2025-02-28
c1999,46.640649,18.46745,3.918939393939417,2025-03-01
c1999,46.640649,18.46745,8.559652173913069,2025-03-02
c1999,46.640649,18.46745,8.309826086956566,2025-03-03
c1999,46.640649,18.46745,11.317652173913078,2025-03-04
c1999,46.640649,18.46745,17.074869565217412,2025-03-05
c1999,46.640649,18.46745,15.46539130434785,2025-03-06
c1999,46.640649,18.46745,16.36408695652176,2025-03-07
c1999,46.640649,18.46745,14.115217391304396,2025-03-08
c1999,46.640649,18.46745,18.67514285714288,2025-03-09
c1999,46.640649,18.46745,,2025-03-10
c1999,46.640649,18.46745,,2025-03-11
c1999,46.640649,18.46745,13.206831683168348,2025-03-12
c1999,46.640649,18.46745,15.11408695652176,2025-03-13
c1999,46.640649,18.46745,,2025-03-14
c1999,46.640649,18.46745,,2025-03-15
c1999,46.640649,18.46745,,2025-03-16
c1999,46.640649,18.46745,,2025-03-17
c1999,46.640649,18.46745,6.382173913043515,2025-03-18
c1999,46.640649,18.46745,10.604695652173952,2025-03-19
c1999,46.640649,18.46745,13.382782608695694,2025-03-20
c1999,46.640649,18.46745,15.45495652173918,2025-03-21
c1999,46.640649,18.46745,9.350000000000025,2025-03-22
c1999,46.640649,18.46745,,2025-03-23
c1999,46.640649,18.46745,,2025-03-24
c1999,46.640649,18.46745,13.5981739130435,2025-03-25
c1999,46.640649,18.46745,17.56182608695655,2025-03-26
c1999,46.640649,18.46745,11.450000000000044,2025-03-27
c1999,46.640649,18.46745,,2025-03-28
c1999,46.640649,18.46745,,2025-03-29
c1999,46.640649,18.46745,,2025-03-30
c1999,46.640649,18.46745,12.736608695652206,2025-03-31
c1999,46.640649,18.46745,11.062727272727292,2025-04-01
c1999,46.640649,18.46745,15.9901739130435,2025-04-02
c1999,46.640649,18.46745,17.792434782608723,2025-04-03
c1999,46.640649,18.46745,19.597217391304383,2025-04-04
c1999,46.640649,18.46745,15.698292682926876,2025-04-05
c1999,46.640649,18.46745,11.16582608695654,2025-04-06
c1999,46.640649,18.46745,,2025-04-07
c1999,46.640649,18.46745,13.838181818181846,2025-04-08
c1999,46.640649,18.46745,11.282956521739171,2025-04-09
c1999,46.640649,18.46745,11.730000000000018,2025-04-10
c1999,46.640649,18.46745,17.68600000000004,2025-04-11
c1999,46.640649,18.46745,18.778875739645013,2025-04-12
c1999,46.640649,18.46745,16.613529411764727,2025-04-13
c1999,46.640649,18.46745,,2025-04-14
c1999,46.640649,18.46745,,2025-04-15
c1999,46.640649,18.46745,23.32826086956524,2025-04-16
c1999,46.640649,18.46745,22.610000000000017,2025-04-17
c1999,46.640649,18.46745,15.536551724137942,2025-04-18
c1999,46.640649,18.46745,18.711652173913087,2025-04-19
c1999,46.640649,18.46745,21.108260869565243,2025-04-20
c1999,46.640649,18.46745,24.15695652173915,2025-04-21
c1999,46.640649,18.46745,22.400782608695664,2025-04-22
c1999,46.640649,18.46745,25.852782608695687,2025-04-23
c1999,46.640649,18.46745,23.05000000000001,2025-04-24
c1999,46.640649,18.46745,,2025-04-25
c1999,46.640649,18.46745,,2025-04-26
c1999,46.640649,18.46745,17.917130434782646,2025-04-27
c1999,46.640649,18.46745,21.87052173913047,2025-04-28
c1999,46.640649,18.46745,22.816434782608724,2025-04-29
c1999,46.640649,18.46745,25.86208695652178,2025-04-30
c1999,46.640649,18.46745,26.18295652173916,2025-05-01
c1999,46.640649,18.46745,27.956782608695683,2025-05-02
c1999,46.640649,18.46745,26.886869565217417,2025-05-03
c1999,46.640649,18.46745,23.83000000000004,2025-05-04
c1999,46.640649,18.46745,,2025-05-05
c1999,46.640649,18.46745,,2025-05-06
c1999,46.640649,18.46745,17.006190476190508,2025-05-07
c1999,46.640649,18.46745,,2025-05-08
c1999,46.640649,18.46745,17.924260869565245,2025-05-09
c1999,46.640649,18.46745,21.406782608695668,2025-05-10
c1999,46.640649,18.46745,21.862631578947383,2025-05-11
c1999,46.640649,18.46745,,2025-05-12
c1999,46.640649,18.46745,19.8519108280255,2025-05-13
c1999,46.640649,18.46745,12.29000000000002,2025-05-14
c1999,46.640649,18.46745,,2025-05-15
c1999,46.640649,18.46745,14.06095652173917,2025-05-16
c1999,46.640649,18.46745,16.10600000000004,2025-05-17
c1999,46.640649,18.46745,10.325555555555589,2025-05-18
c1999,46.640649,18.46745,17.926228070175473,2025-05-19
c1999,46.640649,18.46745,23.74382608695656,2025-05-20
c1999,46.640649,18.46745,,2025-05-21
c1999,46.640649,18.46745,19.547647058823564,2025-05-22
c1999,46.640649,18.46745,,2025-05-23
c1999,46.640649,18.46745,18.05713043478263,2025-05-24
c1999,46.640649,18.46745,21.06443478260872,2025-05-25
c1999,46.640649,18.46745,,2025-05-26
c1999,46.640649,18.46745,24.3506086956522,2025-05-27
c1999,46.640649,18.46745,21.821913043478276,2025-05-28
c1999,46.640649,18.46745,19.695116279069804,2025-05-29
c1999,46.640649,18.46745,,2025-05-30
c1999,46.640649,18.46745,27.293043478260905,2025-05-31
c1999,46.640649,18.46745,30.431391304347855,2025-06-01
c1999,46.640649,18.46745,30.960000000000036,2025-06-02
c1999,46.640649,18.46745,27.93492307692311,2025-06-03
c1999,46.640649,18.46745,29.277913043478293,2025-06-04
c1999,46.640649,18.46745,29.930869565217417,2025-06-05
c1999,46.640649,18.46745,31.14000000000003,2025-06-06
c1999,46.640649,18.46745,30.44043478260872,2025-06-07
c1999,46.640649,18.46745,29.402521739130453,2025-06-08
c1999,46.640649,18.46745,24.529024390243936,2025-06-09
c1999,46.640649,18.46745,26.603739130434818,2025-06-10
c1999,46.640649,18.46745,29.60530434782612,2025-06-11
c1999,46.640649,18.46745,25.955565217391317,2025-06-12
c1999,46.640649,18.46745,28.442869565217407,2025-06-13
c1999,46.640649,18.46745,28.706608695652196,2025-06-14
c1999,46.640649,18.46745,30.238347826086983,2025-06-15
c1999,46.640649,18.46745,31.130000000000052,2025-06-16
c1999,46.640649,18.46745,,2025-06-17
c1999,46.640649,18.46745,28.212695652173956,2025-06-18
c1999,46.640649,18.46745,32.602260869565235,2025-06-19
c1999,46.640649,18.46745,26.917043478260897,2025-06-20
c1999,46.640649,18.46745,28.90400000000004,2025-06-21
c1999,46.640649,18.46745,30.243652173913063,2025-06-22
c1999,46.640649,18.46745,23.586666666666705,2025-06-23
c1999,46.640649,18.46745,,2025-06-24
c1999,46.640649,18.46745,32.46208695652178,2025-06-25
c1999,46.640649,18.46745,36.265478260869585,2025-06-26
c1999,46.640649,18.46745,,2025-06-27
c1999,46.640649,18.46745,26.832325581395366,2025-06-28
c1999,46.640649,18.46745,31.22530434782612,2025-06-29
c1999,46.640649,18.46745,30.744260869565267,2025-06-30
c1999,46.640649,18.46745,31.98339130434785,2025-07-01
c1999,46.640649,18.46745,33.376608695652216,2025-07-02
c1999,46.640649,18.46745,36.480173913043515,2025-07-03
c1999,46.640649,18.46745,33.48886956521742,2025-07-04
c1999,46.640649,18.46745,29.201739130434813,2025-07-05
c1999,46.640649,18.46745,33.88652173913046,2025-07-06
c1999,46.640649,18.46745,,2025-07-07
c1999,46.640649,18.46745,,2025-07-08
c1999,46.640649,18.46745,,2025-07-09
c1999,46.640649,18.46745,,2025-07-10
c1999,46.640649,18.46745,25.32852173913047,2025-07-11
c1999,46.640649,18.46745,23.575929648241228,2025-07-12
c1999,46.640649,18.46745,29.699739130434818,2025-07-13
c1999,46.640649,18.46745,32.19321739130436,2025-07-14
c1999,46.640649,18.46745,27.499652173913073,2025-07-15
c1999,46.640649,18.46745,,2025-07-16
c1999,46.640649,18.46745,,2025-07-17
c1999,46.640649,18.46745,,2025-07-18
c1999,46.640649,18.46745,29.439217391304375,2025-07-19
c1999,46.640649,18.46745,33.421219512195144,2025-07-20
c1999,46.640649,18.46745,35.61817391304351,2025-07-21
c1999,46.640649,18.46745,30.68295652173915,2025-07-22
c1999,46.640649,18.46745,,2025-07-23
c1999,46.640649,18.46745,34.4290434782609,2025-07-24
c1999,46.640649,18.46745,30.445376344086057,2025-07-25
c1999,46.640649,18.46745,29.08200000000003,2025-07-26
c1999,46.640649,18.46745,,2025-07-27
c1999,46.640649,18.46745,25.010695652173936,2025-07-28
c1999,46.640649,18.46745,,2025-07-29
c1999,46.640649,18.46745,26.176434782608712,2025-07-30
c1999,46.640649,18.46745,28.223826086956542,2025-07-31
c1999,46.640649,18.46745,29.69669565217394,2025-08-01
c1999,46.640649,18.46745,27.064834437086123,2025-08-02
c1999,46.640649,18.46745,,2025-08-03
c1999,46.640649,18.46745,23.476956521739172,2025-08-04
c1999,46.640649,18.46745,28.008260869565245,2025-08-05
c1999,46.640649,18.46745,24.245696202531654,2025-08-06
c1999,46.640649,18.46745,27.962347826086994,2025-08-07
c1999,46.640649,18.46745,32.52278260869568,2025-08-08
c1999,46.640649,18.46745,33.81408695652178,2025-08-09
c1999,46.640649,18.46745,37.14113043478264,2025-08-10
c1999,46.640649,18.46745,30.861304347826135,2025-08-11
c1999,46.640649,18.46745,31.42313043478264,2025-08-12
c1999,46.640649,18.46745,34.7690434782609,2025-08-13
c1999,46.640649,18.46745,32.86965217391307,2025-08-14
c1999,46.640649,18.46745,36.89382608695656,2025-08-15
c1999,46.640649,18.46745,36.884434782608736,2025-08-16
c1999,46.640649,18.46745,32.07895652173917,2025-08-17
c1999,46.640649,18.46745,30.62660869565221,2025-08-18
c1999,46.640649,18.46745,29.07486956521743,2025-08-19
c1999,46.640649,18.46745,34.155391304347845,2025-08-20
c1999,46.640649,18.46745,,2025-08-21
c1999,46.640649,18.46745,,2025-08-22
c1999,46.640649,18.46745,28.578837209302343,2025-08-23
c1999,46.640649,18.46745,23.294260869565235,2025-08-24
c1999,46.640649,18.46745,28.67078260869568,2025-08-25
c1999,46.640649,18.46745,28.05773913043483,2025-08-26
c1999,46.640649,18.46745,30.663565217391344,2025-08-27
c1999,46.640649,18.46745,32.17634782608698,2025-08-28
c1999,46.640649,18.46745,30.010845070422576,2025-08-29
c1999,46.640649,18.46745,,2025-08-30
c1999,46.640649,18.46745,,2025-08-31
c1999,46.640649,18.46745,26.093739130434805,2025-09-01
c1999,46.640649,18.46745,29.65686956521744,2025-09-02
c1999,46.640649,18.46745,,2025-09-03
c1999,46.640649,18.46745,,2025-09-04
c1999,46.640649,18.46745,28.0317391304348,2025-09-05
c1999,46.640649,18.46745,23.42866666666671,2025-09-06
c1999,46.640649,18.46745,27.444000000000017,2025-09-07
c1999,46.640649,18.46745,,2025-09-08
c1999,46.640649,18.46745,,2025-09-09
c1999,46.640649,18.46745,,2025-09-10
c1999,46.640649,18.46745,,2025-09-11
c1999,46.640649,18.46745,27.190782608695688,2025-09-12
c1999,46.640649,18.46745,24.772421524663702,2025-09-13
c1999,46.640649,18.46745,21.506933333333347,2025-09-14
c1999,46.640649,18.46745,18.533291139240543,2025-09-15
c1999,46.640649,18.46745,,2025-09-16
c1999,46.640649,18.46745,22.349130434782627,2025-09-17
c1999,46.640649,18.46745,,2025-09-18
c1999,46.640649,18.46745,28.002260869565234,2025-09-19
c1999,46.640649,18.46745,30.348869565217427,2025-09-20
c1999,46.640649,18.46745,29.01547826086958,2025-09-21
c1999,46.640649,18.46745,30.75982608695654,2025-09-22
c1999,46.640649,18.46745,,2025-09-23
c1999,46.640649,18.46745,,2025-09-24
c1999,46.640649,18.46745,,2025-09-25
c1999,46.640649,18.46745,18.840714285714316,2025-09-26
c1999,46.640649,18.46745,20.61443478260873,2025-09-27
c1999,46.640649,18.46745,18.630000000000052,2025-09-28
c1999,46.640649,18.46745,18.984086956521775,2025-09-29
c1999,46.640649,18.46745,,2025-09-30
c1999,46.640649,18.46745,16.321217391304366,2025-10-01
c1999,46.640649,18.46745,13.68826086956524,2025-10-02
c1999,46.640649,18.46745,11.934869565217408,2025-10-03
c1999,46.640649,18.46745,15.926521739130449,2025-10-04
c1999,46.640649,18.46745,,2025-10-05
c1999,46.640649,18.46745,10.130000000000052,2025-10-06
c1999,46.640649,18.46745,13.599217391304382,2025-10-07
c1999,46.640649,18.46745,16.39286956521743,2025-10-08
c1999,46.640649,18.46745,,2025-10-09
c1999,46.640649,18.46745,11.230000000000018,2025-10-10
c1999,46.640649,18.46745,,2025-10-11
c1999,46.640649,18.46745,18.11157205240177,2025-10-12
c1999,46.640649,18.46745,14.53000000000003,2025-10-13
c1999,46.640649,18.46745,13.209478260869576,2025-10-14
c1999,46.640649,18.46745,15.27000000000004,2025-10-15
c1999,46.640649,18.46745,18.372666666666703,2025-10-16
c1999,46.640649,18.46745,18.3053043478261,2025-10-17
c1999,46.640649,18.46745,,2025-10-18
c1999,46.640649,18.46745,14.718434782608712,2025-10-19
c1999,46.640649,18.46745,11.82800000000002,2025-10-20
c1999,46.640649,18.46745,,2025-10-21
c1999,46.640649,18.46745,15.890355029585836,2025-10-22
c1999,46.640649,18.46745,14.970000000000038,2025-10-23
c1999,46.640649,18.46745,10.830813008130123,2025-10-24
c1999,46.640649,18.46745,12.27626086956526,2025-10-25
c1999,46.640649,18.46745,10.712869565217414,2025-10-26
c1999,46.640649,18.46745,6.350956521739165,2025-10-27
c1999,46.640649,18.46745,10.598869565217422,2025-10-28
c1999,46.640649,18.46745,14.77365217391308,2025-10-29
c1999,46.640649,18.46745,10.39524271844661,2025-10-30
c1999,46.640649,18.46745,,2025-10-31
c1999,46.640649,18.46745,17.550260869565246,2025-11-01
c1999,46.640649,18.46745,14.02515923566882,2025-11-02
c1999,46.640649,18.46745,,2025-11-03
c1999,46.640649,18.46745,12.491391304347855,2025-11-04
c1999,46.640649,18.46745,11.020434782608715,2025-11-05
c1999,46.640649,18.46745,11.648260869565238,2025-11-06
c1999,46.640649,18.46745,9.28269565217394,2025-11-07
c1999,46.640649,18.46745,,2025-11-08
c1999,46.640649,18.46745,10.143636363636404,2025-11-09
c1999,46.640649,18.46745,8.672181818181858,2025-11-10
c1999,46.640649,18.46745,6.630000000000052,2025-11-11
c1999,46.640649,18.46745,,2025-11-12
c1999,46.640649,18.46745,,2025-11-13
c1999,46.640649,18.46745,,2025-11-14
c1999,46.640649,18.46745,,2025-11-15
c1999,46.640649,18.46745,,2025-11-16
c1999,46.640649,18.46745,,2025-11-17
c1999,46.640649,18.46745,3.924545454545495,2025-11-18
c1999,46.640649,18.46745,4.930147058823545,2025-11-19
c1999,46.640649,18.46745,5.465200000000015,2025-11-20
c1999,46.640649,18.46745,,2025-11-21
c1999,46.640649,18.46745,,2025-11-22
c1999,46.640649,18.46745,,2025-11-23
c1999,46.640649,18.46745,,2025-11-24
c1999,46.640649,18.46745,-11.829999999999984,2025-11-25
c1999,46.640649,18.46745,2.3700000000000045,2025-11-26
c1999,46.640649,18.46745,-1.0277049180327689,2025-11-27
c1999,46.640649,18.46745,-0.381043478260838,2025-11-28
c1999,46.640649,18.46745,-2.169999999999959,2025-11-29
c1999,46.640649,18.46745,1.8700000000000043,2025-11-30
c1999,46.640649,18.46745,,2025-12-01
c1999,46.640649,18.46745,-2.1813207547169524,2025-12-02
c1999,46.640649,18.46745,,2025-12-03
c1999,46.640649,18.46745,,2025-12-04
c1999,46.640649,18.46745,3.590000000000032,2025-12-05
c1999,46.640649,18.46745,3.7163414634146705,2025-12-06
c1999,46.640649,18.46745,-18.44999999999997,2025-12-07
c1999,46.640649,18.46745,,2025-12-08
c1999,46.640649,18.46745,,2025-12-09
c1999,46.640649,18.46745,-0.5299999999999727,2025-12-10
c1999,46.640649,18.46745,3.8684126984127314,2025-12-11
c1999,46.640649,18.46745,,2025-12-12
c1999,46.640649,18.46745,,2025-12-13
c1999,46.640649,18.46745,,2025-12-14
c1999,46.640649,18.46745,,2025-12-15
c1999,46.640649,18.46745,-5.449999999999989,2025-12-16
c1999,46.640649,18.46745,-10.569999999999991,2025-12-17
c1999,46.640649,18.46745,3.5381481481481676,2025-12-18
c1999,46.640649,18.46745,3.9385106382979176,2025-12-19
c1999,46.640649,18.46745,,2025-12-20
c1999,46.640649,18.46745,,2025-12-21
c1999,46.640649,18.46745,,2025-12-22
c1999,46.640649,18.46745,,2025-12-23
c1999,46.640649,18.46745,,2025-12-24
c1999,46.640649,18.46745,,2025-12-25
c1999,46.640649,18.46745,-4.409999999999968,2025-12-26
c1999,46.640649,18.46745,-0.3508695652173636,2025-12-27
c1999,46.640649,18.46745,1.4505217391304608,2025-12-28
c1999,46.640649,18.46745,0.4374782608696028,2025-12-29
c1999,46.640649,18.46745,-0.3388888888888354,2025-12-30
