NDVI,cell_id,cloud_pct,lat_center,lon_center,date
,c0963,24.395702362060547,41.010018,7.676154,2019-01-01
-0.0050883922472541,c0963,33.35078811645508,41.010018,7.676154,2019-01-02
,c0963,38.22071838378906,41.010018,7.676154,2019-01-03
,c0963,44.00314712524414,41.010018,7.676154,2019-01-04
,c0963,53.15957260131836,41.010018,7.676154,2019-01-05
,c0963,38.429840087890625,41.010018,7.676154,2019-01-06
0.0042779814999769,c0963,37.30973052978515,41.010018,7.676154,2019-01-07
,c0963,68.29550170898438,41.010018,7.676154,2019-01-08
,c0963,55.28771209716797,41.010018,7.676154,2019-01-09
,c0963,65.02172088623047,41.010018,7.676154,2019-01-10
,c0963,41.504024505615234,41.010018,7.676154,2019-01-11
0.0053819326053866,c0963,50.72929382324219,41.010018,7.676154,2019-01-12
,c0963,70.51091003417969,41.010018,7.676154,2019-01-13
,c0963,26.197986602783203,41.010018,7.676154,2019-01-14
,c0963,18.750110626220703,41.010018,7.676154,2019-01-15
,c0963,23.49140167236328,41.010018,7.676154,2019-01-16
-0.0010107750867438,c0963,45.89277267456055,41.010018,7.676154,2019-01-17
,c0963,67.38711547851562,41.010018,7.676154,2019-01-18
,c0963,73.442138671875,41.010018,7.676154,2019-01-19
,c0963,63.55883026123047,41.010018,7.676154,2019-01-20
,c0963,78.51981353759766,41.010018,7.676154,2019-01-21
-0.001350995947552,c0963,40.35562515258789,41.010018,7.676154,2019-01-22
,c0963,72.50553894042969,41.010018,7.676154,2019-01-23
,c0963,69.14608764648438,41.010018,7.676154,2019-01-24
,c0963,57.47917938232422,41.010018,7.676154,2019-01-25
,c0963,57.87823867797851,41.010018,7.676154,2019-01-26
0.0048481869120972,c0963,62.72929763793945,41.010018,7.676154,2019-01-27
,c0963,65.9164047241211,41.010018,7.676154,2019-01-28
,c0963,36.75213623046875,41.010018,7.676154,2019-01-29
,c0963,64.07217407226562,41.010018,7.676154,2019-01-30
,c0963,62.53510665893555,41.010018,7.676154,2019-01-31
-0.0009630165228907,c0963,84.40363311767578,41.010018,7.676154,2019-02-01
,c0963,84.22444915771484,41.010018,7.676154,2019-02-02
,c0963,69.65267181396484,41.010018,7.676154,2019-02-03
,c0963,69.71729278564453,41.010018,7.676154,2019-02-04
,c0963,59.715110778808594,41.010018,7.676154,2019-02-05
-0.1481928060159963,c0963,32.260826110839844,41.010018,7.676154,2019-02-06
,c0963,13.251158714294434,41.010018,7.676154,2019-02-07
,c0963,33.32533645629883,41.010018,7.676154,2019-02-08
,c0963,46.10972595214844,41.010018,7.676154,2019-02-09
,c0963,50.686492919921875,41.010018,7.676154,2019-02-10
-0.0385628910023061,c0963,51.37491226196289,41.010018,7.676154,2019-02-11
,c0963,38.73112869262695,41.010018,7.676154,2019-02-12
,c0963,9.661152839660645,41.010018,7.676154,2019-02-13
,c0963,28.553651809692383,41.010018,7.676154,2019-02-14
,c0963,17.284276962280273,41.010018,7.676154,2019-02-15
-0.7128940053722439,c0963,6.6741461753845215,41.010018,7.676154,2019-02-16
,c0963,3.5825202465057373,41.010018,7.676154,2019-02-17
,c0963,27.792537689208984,41.010018,7.676154,2019-02-18
,c0963,14.171810150146484,41.010018,7.676154,2019-02-19
,c0963,42.68000793457031,41.010018,7.676154,2019-02-20
0.0,c0963,21.07296371459961,41.010018,7.676154,2019-02-21
,c0963,59.19511413574219,41.010018,7.676154,2019-02-22
,c0963,15.82583713531494,41.010018,7.676154,2019-02-23
,c0963,42.178462982177734,41.010018,7.676154,2019-02-24
,c0963,39.56498336791992,41.010018,7.676154,2019-02-25
-0.0175164362443063,c0963,48.20328140258789,41.010018,7.676154,2019-02-26
,c0963,25.652320861816406,41.010018,7.676154,2019-02-27
,c0963,9.55257511138916,41.010018,7.676154,2019-02-28
,c0963,23.51556396484375,41.010018,7.676154,2019-03-01
,c0963,19.432601928710938,41.010018,7.676154,2019-03-02
-0.0914872153497794,c0963,12.930892944335938,41.010018,7.676154,2019-03-03
,c0963,30.113365173339844,41.010018,7.676154,2019-03-04
,c0963,58.968265533447266,41.010018,7.676154,2019-03-05
,c0963,45.97542572021485,41.010018,7.676154,2019-03-06
,c0963,83.3844223022461,41.010018,7.676154,2019-03-07
0.0009027669884209,c0963,46.622554779052734,41.010018,7.676154,2019-03-08
,c0963,37.73373794555664,41.010018,7.676154,2019-03-09
,c0963,47.64059066772461,41.010018,7.676154,2019-03-10
,c0963,67.47924041748047,41.010018,7.676154,2019-03-11
,c0963,12.56840705871582,41.010018,7.676154,2019-03-12
-0.0093304806320434,c0963,48.45397186279297,41.010018,7.676154,2019-03-13
,c0963,43.594451904296875,41.010018,7.676154,2019-03-14
,c0963,39.07123565673828,41.010018,7.676154,2019-03-15
,c0963,28.63509750366211,41.010018,7.676154,2019-03-16
,c0963,32.691856384277344,41.010018,7.676154,2019-03-17
0.0423283747780849,c0963,37.20555877685547,41.010018,7.676154,2019-03-18
,c0963,54.490840911865234,41.010018,7.676154,2019-03-19
,c0963,53.68972396850586,41.010018,7.676154,2019-03-20
,c0963,24.634897232055664,41.010018,7.676154,2019-03-21
,c0963,36.32048034667969,41.010018,7.676154,2019-03-22
-0.0054222180131439,c0963,11.514954566955566,41.010018,7.676154,2019-03-23
,c0963,0.4398157000541687,41.010018,7.676154,2019-03-24
,c0963,21.000049591064453,41.010018,7.676154,2019-03-25
,c0963,38.912261962890625,41.010018,7.676154,2019-03-26
,c0963,71.37560272216797,41.010018,7.676154,2019-03-27
0.0371892143598148,c0963,25.199308395385746,41.010018,7.676154,2019-03-28
,c0963,14.994918823242188,41.010018,7.676154,2019-03-29
,c0963,4.143003463745117,41.010018,7.676154,2019-03-30
,c0963,4.921627998352051,41.010018,7.676154,2019-03-31
,c0963,47.06980514526367,41.010018,7.676154,2019-04-01
-0.0174216843977132,c0963,63.07236862182617,41.010018,7.676154,2019-04-02
,c0963,80.4278564453125,41.010018,7.676154,2019-04-03
,c0963,71.69856262207031,41.010018,7.676154,2019-04-04
,c0963,62.22605514526367,41.010018,7.676154,2019-04-05
,c0963,34.66018295288086,41.010018,7.676154,2019-04-06
0.0062748894478906,c0963,65.63356018066406,41.010018,7.676154,2019-04-07
,c0963,66.18351745605469,41.010018,7.676154,2019-04-08
,c0963,46.362674713134766,41.010018,7.676154,2019-04-09
,c0963,54.439697265625,41.010018,7.676154,2019-04-10
,c0963,61.31972885131836,41.010018,7.676154,2019-04-11
-0.0107858383932205,c0963,65.55513763427734,41.010018,7.676154,2019-04-12
,c0963,72.29029083251953,41.010018,7.676154,2019-04-13
,c0963,50.84527969360352,41.010018,7.676154,2019-04-14
,c0963,43.53535079956055,41.010018,7.676154,2019-04-15
,c0963,36.57878494262695,41.010018,7.676154,2019-04-16
-0.0647498117595472,c0963,20.776573181152344,41.010018,7.676154,2019-04-17
,c0963,14.80529499053955,41.010018,7.676154,2019-04-18
,c0963,40.9810676574707,41.010018,7.676154,2019-04-19
,c0963,20.083955764770508,41.010018,7.676154,2019-04-20
,c0963,80.04498291015625,41.010018,7.676154,2019-04-21
-0.0207011313807657,c0963,76.81498718261719,41.010018,7.676154,2019-04-22
,c0963,59.19289016723633,41.010018,7.676154,2019-04-23
,c0963,62.375370025634766,41.010018,7.676154,2019-04-24
,c0963,58.98017883300781,41.010018,7.676154,2019-04-25
,c0963,65.6768569946289,41.010018,7.676154,2019-04-26
0.0014855594018145,c0963,24.084741592407227,41.010018,7.676154,2019-04-27
,c0963,47.90008544921875,41.010018,7.676154,2019-04-28
,c0963,45.24673843383789,41.010018,7.676154,2019-04-29
,c0963,33.0560417175293,41.010018,7.676154,2019-04-30
,c0963,21.26559829711914,41.010018,7.676154,2019-05-01
-0.0286759043085005,c0963,30.309720993041992,41.010018,7.676154,2019-05-02
,c0963,75.67570495605469,41.010018,7.676154,2019-05-03
,c0963,77.07733154296875,41.010018,7.676154,2019-05-04
,c0963,46.673828125,41.010018,7.676154,2019-05-05
,c0963,45.63727188110352,41.010018,7.676154,2019-05-06
0.018677687062197,c0963,33.01644515991211,41.010018,7.676154,2019-05-07
,c0963,30.38773727416992,41.010018,7.676154,2019-05-08
,c0963,52.46446990966797,41.010018,7.676154,2019-05-09
,c0963,35.74199295043945,41.010018,7.676154,2019-05-10
,c0963,59.73833084106445,41.010018,7.676154,2019-05-11
-7.098733365316635e-05,c0963,52.13931655883789,41.010018,7.676154,2019-05-12
,c0963,69.71743774414062,41.010018,7.676154,2019-05-13
,c0963,58.08451843261719,41.010018,7.676154,2019-05-14
,c0963,51.54821014404297,41.010018,7.676154,2019-05-15
,c0963,39.661376953125,41.010018,7.676154,2019-05-16
-0.0015957120778586,c0963,61.82623291015625,41.010018,7.676154,2019-05-17
,c0963,74.8690185546875,41.010018,7.676154,2019-05-18
,c0963,58.3142204284668,41.010018,7.676154,2019-05-19
,c0963,67.57406616210938,41.010018,7.676154,2019-05-20
,c0963,52.9354362487793,41.010018,7.676154,2019-05-21
,c0963,86.21275329589844,41.010018,7.676154,2019-05-22
,c0963,37.61349868774414,41.010018,7.676154,2019-05-23
,c0963,32.519752502441406,41.010018,7.676154,2019-05-24
,c0963,62.77082061767578,41.010018,7.676154,2019-05-25
,c0963,89.98054504394531,41.010018,7.676154,2019-05-26
-0.0098379060899948,c0963,79.06725311279297,41.010018,7.676154,2019-05-27
,c0963,57.55717849731445,41.010018,7.676154,2019-05-28
,c0963,59.11783981323242,41.010018,7.676154,2019-05-29
,c0963,43.596405029296875,41.010018,7.676154,2019-05-30
,c0963,32.29933166503906,41.010018,7.676154,2019-05-31
,c0963,4.458488941192627,41.010018,7.676154,2019-06-01
,c0963,25.9664306640625,41.010018,7.676154,2019-06-02
,c0963,0.2670029997825622,41.010018,7.676154,2019-06-03
,c0963,0.2544350028038025,41.010018,7.676154,2019-06-04
,c0963,0.0007970000151544,41.010018,7.676154,2019-06-05
,c0963,7.899999764049426e-05,41.010018,7.676154,2019-06-06
,c0963,0.011196999810636,41.010018,7.676154,2019-06-07
,c0963,1.079571008682251,41.010018,7.676154,2019-06-09
,c0963,38.658966064453125,41.010018,7.676154,2019-06-10
,c0963,0.0001140000022132,41.010018,7.676154,2019-06-11
,c0963,0.0430480018258094,41.010018,7.676154,2019-06-12
,c0963,0.124839998781681,41.010018,7.676154,2019-06-13
,c0963,0.0065939999185502,41.010018,7.676154,2019-06-14
,c0963,87.50472259521484,41.010018,7.676154,2019-06-15
,c0963,2.6251819133758545,41.010018,7.676154,2019-06-16
,c0963,39.01788711547851,41.010018,7.676154,2019-06-17
,c0963,14.96718692779541,41.010018,7.676154,2019-06-18
,c0963,0.1545629948377609,41.010018,7.676154,2019-06-19
,c0963,99.04344177246094,41.010018,7.676154,2019-06-20
,c0963,0.0,41.010018,7.676154,2019-06-21
,c0963,47.91024398803711,41.010018,7.676154,2019-06-22
,c0963,62.085060119628906,41.010018,7.676154,2019-06-23
,c0963,3.88067889213562,41.010018,7.676154,2019-06-24
,c0963,0.0003579999902285,41.010018,7.676154,2019-06-25
,c0963,0.0001900000061141,41.010018,7.676154,2019-06-26
,c0963,0.0002130000066244,41.010018,7.676154,2019-06-27
,c0963,0.6073349714279175,41.010018,7.676154,2019-06-28
,c0963,26.91414451599121,41.010018,7.676154,2019-06-29
,c0963,0.0028919999022036,41.010018,7.676154,2019-06-30
-0.1498223235501962,c0963,8.698509216308594,41.010018,7.676154,2019-07-01
,c0963,7.100620746612549,41.010018,7.676154,2019-07-02
,c0963,14.29305362701416,41.010018,7.676154,2019-07-03
,c0963,22.52865982055664,41.010018,7.676154,2019-07-04
,c0963,12.057228088378906,41.010018,7.676154,2019-07-05
-0.0209752390298115,c0963,17.841360092163086,41.010018,7.676154,2019-07-06
,c0963,20.965517044067383,41.010018,7.676154,2019-07-07
,c0963,61.65700912475586,41.010018,7.676154,2019-07-08
,c0963,35.532752990722656,41.010018,7.676154,2019-07-09
,c0963,35.87925720214844,41.010018,7.676154,2019-07-10
-0.0146442609537831,c0963,35.62199401855469,41.010018,7.676154,2019-07-11
,c0963,40.498260498046875,41.010018,7.676154,2019-07-12
,c0963,18.13882827758789,41.010018,7.676154,2019-07-13
,c0963,22.92884826660156,41.010018,7.676154,2019-07-14
,c0963,44.005577087402344,41.010018,7.676154,2019-07-15
-0.0249333696056376,c0963,17.656707763671875,41.010018,7.676154,2019-07-16
,c0963,9.18603801727295,41.010018,7.676154,2019-07-17
,c0963,44.57655334472656,41.010018,7.676154,2019-07-18
,c0963,14.941280364990234,41.010018,7.676154,2019-07-19
,c0963,5.501099586486816,41.010018,7.676154,2019-07-20
-0.0709265459986294,c0963,10.406675338745115,41.010018,7.676154,2019-07-21
,c0963,17.51602554321289,41.010018,7.676154,2019-07-22
,c0963,6.645646572113037,41.010018,7.676154,2019-07-23
,c0963,5.683901309967041,41.010018,7.676154,2019-07-24
,c0963,3.609473943710327,41.010018,7.676154,2019-07-25
-0.1291732022360734,c0963,6.661850929260254,41.010018,7.676154,2019-07-26
,c0963,20.225744247436523,41.010018,7.676154,2019-07-27
,c0963,50.80223846435547,41.010018,7.676154,2019-07-28
,c0963,30.099180221557617,41.010018,7.676154,2019-07-29
,c0963,9.09134006500244,41.010018,7.676154,2019-07-30
-0.0311448307433987,c0963,17.99599266052246,41.010018,7.676154,2019-07-31
,c0963,7.7785797119140625,41.010018,7.676154,2019-08-01
,c0963,47.09151077270508,41.010018,7.676154,2019-08-02
,c0963,11.92734146118164,41.010018,7.676154,2019-08-03
,c0963,10.752897262573242,41.010018,7.676154,2019-08-04
-0.1756386230973636,c0963,8.745439529418945,41.010018,7.676154,2019-08-05
,c0963,8.931845664978027,41.010018,7.676154,2019-08-06
,c0963,43.30584716796875,41.010018,7.676154,2019-08-07
,c0963,12.511029243469238,41.010018,7.676154,2019-08-08
,c0963,2.9857897758483887,41.010018,7.676154,2019-08-09
-0.0261754291378619,c0963,11.656942367553713,41.010018,7.676154,2019-08-10
,c0963,7.280640602111816,41.010018,7.676154,2019-08-11
,c0963,24.054838180541992,41.010018,7.676154,2019-08-12
,c0963,32.51115417480469,41.010018,7.676154,2019-08-13
,c0963,21.758358001708984,41.010018,7.676154,2019-08-14
-0.0438719666179488,c0963,23.17785263061523,41.010018,7.676154,2019-08-15
,c0963,25.773181915283203,41.010018,7.676154,2019-08-16
,c0963,29.202667236328125,41.010018,7.676154,2019-08-17
,c0963,5.879406452178955,41.010018,7.676154,2019-08-18
,c0963,7.720332145690918,41.010018,7.676154,2019-08-19
-0.3243263609269086,c0963,25.033435821533203,41.010018,7.676154,2019-08-20
,c0963,10.941621780395508,41.010018,7.676154,2019-08-21
,c0963,36.75515365600586,41.010018,7.676154,2019-08-22
,c0963,26.82646942138672,41.010018,7.676154,2019-08-23
,c0963,34.71129608154297,41.010018,7.676154,2019-08-24
-0.1364056015496745,c0963,10.667545318603516,41.010018,7.676154,2019-08-25
,c0963,13.496148109436035,41.010018,7.676154,2019-08-26
,c0963,17.517501831054688,41.010018,7.676154,2019-08-27
,c0963,21.211742401123047,41.010018,7.676154,2019-08-28
,c0963,52.1226921081543,41.010018,7.676154,2019-08-29
-0.1498191078357837,c0963,20.96989631652832,41.010018,7.676154,2019-08-30
,c0963,11.383727073669434,41.010018,7.676154,2019-08-31
,c0963,61.40226364135742,41.010018,7.676154,2019-09-01
,c0963,50.11952209472656,41.010018,7.676154,2019-09-02
,c0963,21.12495994567871,41.010018,7.676154,2019-09-03
-0.0548403138075681,c0963,19.242273330688477,41.010018,7.676154,2019-09-04
,c0963,22.368988037109375,41.010018,7.676154,2019-09-05
,c0963,41.07472610473633,41.010018,7.676154,2019-09-06
,c0963,41.526119232177734,41.010018,7.676154,2019-09-07
,c0963,37.053489685058594,41.010018,7.676154,2019-09-08
-0.0683926503776627,c0963,24.718101501464844,41.010018,7.676154,2019-09-09
,c0963,50.60316467285156,41.010018,7.676154,2019-09-10
,c0963,31.883975982666016,41.010018,7.676154,2019-09-11
,c0963,15.302361488342283,41.010018,7.676154,2019-09-12
,c0963,5.802070140838623,41.010018,7.676154,2019-09-13
-0.0047980818979661,c0963,34.28905487060547,41.010018,7.676154,2019-09-14
,c0963,16.59280014038086,41.010018,7.676154,2019-09-15
,c0963,6.496312618255615,41.010018,7.676154,2019-09-16
,c0963,11.39264678955078,41.010018,7.676154,2019-09-17
,c0963,37.7768669128418,41.010018,7.676154,2019-09-18
-0.0345916780478814,c0963,33.43122863769531,41.010018,7.676154,2019-09-19
,c0963,23.979249954223633,41.010018,7.676154,2019-09-20
,c0963,42.701927185058594,41.010018,7.676154,2019-09-21
,c0963,64.28447723388672,41.010018,7.676154,2019-09-22
,c0963,51.30207824707031,41.010018,7.676154,2019-09-23
-0.0176249939564834,c0963,35.5372428894043,41.010018,7.676154,2019-09-24
,c0963,33.92698287963867,41.010018,7.676154,2019-09-25
,c0963,37.21126174926758,41.010018,7.676154,2019-09-26
,c0963,16.785301208496094,41.010018,7.676154,2019-09-27
,c0963,32.77740478515625,41.010018,7.676154,2019-09-28
-0.3991553567349911,c0963,8.3310546875,41.010018,7.676154,2019-09-29
,c0963,15.760005950927734,41.010018,7.676154,2019-09-30
,c0963,4.175051212310791,41.010018,7.676154,2019-10-01
,c0963,4.665566921234131,41.010018,7.676154,2019-10-02
,c0963,33.64202117919922,41.010018,7.676154,2019-10-04
,c0963,0.745855987071991,41.010018,7.676154,2019-10-05
,c0963,20.16898536682129,41.010018,7.676154,2019-10-06
,c0963,99.9892807006836,41.010018,7.676154,2019-10-07
,c0963,52.33580780029297,41.010018,7.676154,2019-10-08
,c0963,62.52465057373047,41.010018,7.676154,2019-10-09
,c0963,87.86470794677734,41.010018,7.676154,2019-10-10
,c0963,0.1864639967679977,41.010018,7.676154,2019-10-11
,c0963,11.415116310119627,41.010018,7.676154,2019-10-12
,c0963,59.11809539794922,41.010018,7.676154,2019-10-13
,c0963,0.9412009716033936,41.010018,7.676154,2019-10-14
,c0963,82.68914031982422,41.010018,7.676154,2019-10-15
,c0963,0.6347929835319519,41.010018,7.676154,2019-10-16
,c0963,2.4363560676574707,41.010018,7.676154,2019-10-17
,c0963,3.226536989212036,41.010018,7.676154,2019-10-18
,c0963,0.2558709979057312,41.010018,7.676154,2019-10-19
,c0963,55.88983154296875,41.010018,7.676154,2019-10-20
,c0963,90.06745910644531,41.010018,7.676154,2019-10-21
,c0963,6.291367053985596,41.010018,7.676154,2019-10-22
,c0963,46.911720275878906,41.010018,7.676154,2019-10-23
,c0963,48.80243682861328,41.010018,7.676154,2019-10-24
,c0963,26.95860481262207,41.010018,7.676154,2019-10-25
,c0963,82.33108520507812,41.010018,7.676154,2019-10-26
,c0963,99.97340393066406,41.010018,7.676154,2019-10-27
,c0963,7.1168599128723145,41.010018,7.676154,2019-10-28
,c0963,1.3038699626922607,41.010018,7.676154,2019-10-29
,c0963,49.88048553466797,41.010018,7.676154,2019-10-30
,c0963,2.20646595954895,41.010018,7.676154,2019-10-31
,c0963,94.17310333251952,41.010018,7.676154,2019-11-01
,c0963,7.93804121017456,41.010018,7.676154,2019-11-02
,c0963,5.420820236206055,41.010018,7.676154,2019-11-03
,c0963,0.0037259999662637,41.010018,7.676154,2019-11-04
,c0963,6.1855621337890625,41.010018,7.676154,2019-11-05
,c0963,3.7624690532684326,41.010018,7.676154,2019-11-06
,c0963,0.2611269950866699,41.010018,7.676154,2019-11-07
,c0963,3.3434789180755615,41.010018,7.676154,2019-11-08
,c0963,98.83193969726562,41.010018,7.676154,2019-11-09
,c0963,99.99594116210938,41.010018,7.676154,2019-11-10
,c0963,99.99977111816406,41.010018,7.676154,2019-11-11
,c0963,99.10531616210938,41.010018,7.676154,2019-11-12
,c0963,35.769161224365234,41.010018,7.676154,2019-11-13
,c0963,2.3287570476531982,41.010018,7.676154,2019-11-14
,c0963,97.97994232177734,41.010018,7.676154,2019-11-15
,c0963,11.395203590393066,41.010018,7.676154,2019-11-16
,c0963,97.64704895019533,41.010018,7.676154,2019-11-17
,c0963,0.0265720002353191,41.010018,7.676154,2019-11-18
,c0963,91.98917388916016,41.010018,7.676154,2019-11-19
,c0963,7.470441818237305,41.010018,7.676154,2019-11-20
,c0963,56.74347686767578,41.010018,7.676154,2019-11-21
,c0963,43.88827133178711,41.010018,7.676154,2019-11-22
,c0963,55.692508697509766,41.010018,7.676154,2019-11-23
,c0963,33.2857780456543,41.010018,7.676154,2019-11-24
,c0963,97.40686798095705,41.010018,7.676154,2019-11-26
,c0963,2.8226850032806396,41.010018,7.676154,2019-11-27
,c0963,13.619860649108888,41.010018,7.676154,2019-11-28
,c0963,0.0112889995798468,41.010018,7.676154,2019-11-29
,c0963,0.028881000354886,41.010018,7.676154,2019-11-30
,c0963,40.027957916259766,41.010018,7.676154,2019-12-01
,c0963,59.292118072509766,41.010018,7.676154,2019-12-02
-0.3108470280969734,c0963,31.66718864440918,41.010018,7.676154,2019-12-03
,c0963,36.29213333129883,41.010018,7.676154,2019-12-04
,c0963,33.89775085449219,41.010018,7.676154,2019-12-05
,c0963,64.1131362915039,41.010018,7.676154,2019-12-06
,c0963,41.95294952392578,41.010018,7.676154,2019-12-07
0.0008800729561377,c0963,27.32230758666992,41.010018,7.676154,2019-12-08
,c0963,63.24007797241211,41.010018,7.676154,2019-12-09
,c0963,35.22940444946289,41.010018,7.676154,2019-12-10
,c0963,84.5141830444336,41.010018,7.676154,2019-12-11
,c0963,60.06439971923828,41.010018,7.676154,2019-12-12
-0.0129512890296823,c0963,64.33499145507812,41.010018,7.676154,2019-12-13
,c0963,27.189380645751953,41.010018,7.676154,2019-12-14
,c0963,63.37835693359375,41.010018,7.676154,2019-12-15
,c0963,47.371604919433594,41.010018,7.676154,2019-12-16
,c0963,82.64168548583984,41.010018,7.676154,2019-12-17
-0.0017215142047087,c0963,84.06353759765625,41.010018,7.676154,2019-12-18
,c0963,76.57379913330078,41.010018,7.676154,2019-12-19
,c0963,90.2193603515625,41.010018,7.676154,2019-12-20
,c0963,70.24617004394531,41.010018,7.676154,2019-12-21
,c0963,46.14143371582031,41.010018,7.676154,2019-12-22
0.0649811656926484,c0963,30.673940658569336,41.010018,7.676154,2019-12-23
,c0963,16.163448333740234,41.010018,7.676154,2019-12-24
,c0963,6.054580211639404,41.010018,7.676154,2019-12-25
,c0963,35.949222564697266,41.010018,7.676154,2019-12-26
,c0963,48.015010833740234,41.010018,7.676154,2019-12-27
0.0061895139090826,c0963,32.67237854003906,41.010018,7.676154,2019-12-28
,c0963,46.8258056640625,41.010018,7.676154,2019-12-29
,c0963,11.801456451416016,41.010018,7.676154,2019-12-30
,c0963,27.33084487915039,41.010018,7.676154,2019-12-31
,c0963,21.069984436035156,41.010018,7.676154,2020-01-01
-0.0331771207042038,c0963,23.232728958129883,41.010018,7.676154,2020-01-02
,c0963,21.398752212524418,41.010018,7.676154,2020-01-03
,c0963,71.14887237548828,41.010018,7.676154,2020-01-04
,c0963,26.303489685058594,41.010018,7.676154,2020-01-05
,c0963,6.772290229797363,41.010018,7.676154,2020-01-06
-0.0003791251788189,c0963,57.45427322387695,41.010018,7.676154,2020-01-07
,c0963,44.43585586547851,41.010018,7.676154,2020-01-08
,c0963,23.597000122070312,41.010018,7.676154,2020-01-09
,c0963,28.762975692749023,41.010018,7.676154,2020-01-10
,c0963,32.10980224609375,41.010018,7.676154,2020-01-11
-0.2512732959407217,c0963,27.2490291595459,41.010018,7.676154,2020-01-12
,c0963,44.96870803833008,41.010018,7.676154,2020-01-13
,c0963,23.353273391723633,41.010018,7.676154,2020-01-14
,c0963,35.00973129272461,41.010018,7.676154,2020-01-15
,c0963,37.67805862426758,41.010018,7.676154,2020-01-16
-0.6912693474222632,c0963,32.22346496582031,41.010018,7.676154,2020-01-17
,c0963,58.9053955078125,41.010018,7.676154,2020-01-18
,c0963,55.227882385253906,41.010018,7.676154,2020-01-19
,c0963,68.99555969238281,41.010018,7.676154,2020-01-20
,c0963,38.74557876586914,41.010018,7.676154,2020-01-21
-0.0366867280619985,c0963,38.817874908447266,41.010018,7.676154,2020-01-22
,c0963,23.236513137817383,41.010018,7.676154,2020-01-23
,c0963,43.07352828979492,41.010018,7.676154,2020-01-24
,c0963,53.941612243652344,41.010018,7.676154,2020-01-25
,c0963,60.69640350341797,41.010018,7.676154,2020-01-26
-0.0549748749417417,c0963,35.51444625854492,41.010018,7.676154,2020-01-27
,c0963,78.4788818359375,41.010018,7.676154,2020-01-28
,c0963,47.261531829833984,41.010018,7.676154,2020-01-29
,c0963,37.3294563293457,41.010018,7.676154,2020-01-30
,c0963,69.60039520263672,41.010018,7.676154,2020-01-31
-0.0228184722048942,c0963,42.33041763305664,41.010018,7.676154,2020-02-01
,c0963,50.09553527832031,41.010018,7.676154,2020-02-02
,c0963,73.89143371582031,41.010018,7.676154,2020-02-03
,c0963,59.72392272949219,41.010018,7.676154,2020-02-04
,c0963,33.92306137084961,41.010018,7.676154,2020-02-05
-0.0137225724133553,c0963,47.65547561645508,41.010018,7.676154,2020-02-06
,c0963,21.260316848754883,41.010018,7.676154,2020-02-07
,c0963,22.92836570739746,41.010018,7.676154,2020-02-08
,c0963,16.702192306518555,41.010018,7.676154,2020-02-09
,c0963,76.03160858154297,41.010018,7.676154,2020-02-10
-0.2452327838277115,c0963,35.84226989746094,41.010018,7.676154,2020-02-11
,c0963,41.690895080566406,41.010018,7.676154,2020-02-12
,c0963,58.73695373535156,41.010018,7.676154,2020-02-13
,c0963,44.30803680419922,41.010018,7.676154,2020-02-14
,c0963,10.42051887512207,41.010018,7.676154,2020-02-15
0.0036738764932926,c0963,40.83195114135742,41.010018,7.676154,2020-02-16
,c0963,32.1080436706543,41.010018,7.676154,2020-02-17
,c0963,46.777442932128906,41.010018,7.676154,2020-02-18
,c0963,34.321136474609375,41.010018,7.676154,2020-02-19
,c0963,12.522866249084473,41.010018,7.676154,2020-02-20
-0.198556989979218,c0963,19.834077835083008,41.010018,7.676154,2020-02-21
,c0963,15.855749130249023,41.010018,7.676154,2020-02-22
,c0963,56.948150634765625,41.010018,7.676154,2020-02-23
,c0963,27.993669509887695,41.010018,7.676154,2020-02-24
,c0963,51.33502197265625,41.010018,7.676154,2020-02-25
-0.0156995880746227,c0963,60.343841552734375,41.010018,7.676154,2020-02-26
,c0963,24.54133415222168,41.010018,7.676154,2020-02-27
,c0963,8.571133613586426,41.010018,7.676154,2020-02-28
,c0963,61.19370651245117,41.010018,7.676154,2020-02-29
,c0963,65.89372253417969,41.010018,7.676154,2020-03-01
0.0214216699659386,c0963,90.3953857421875,41.010018,7.676154,2020-03-02
,c0963,68.73328399658203,41.010018,7.676154,2020-03-03
,c0963,32.87388229370117,41.010018,7.676154,2020-03-04
,c0963,42.09645080566406,41.010018,7.676154,2020-03-05
,c0963,43.90711975097656,41.010018,7.676154,2020-03-06
0.0780702213482821,c0963,37.965335845947266,41.010018,7.676154,2020-03-07
,c0963,52.01772689819336,41.010018,7.676154,2020-03-08
,c0963,78.20526885986328,41.010018,7.676154,2020-03-09
,c0963,54.60798263549805,41.010018,7.676154,2020-03-10
,c0963,17.336994171142578,41.010018,7.676154,2020-03-11
-0.0045110689530916,c0963,39.85929107666016,41.010018,7.676154,2020-03-12
,c0963,44.71434783935547,41.010018,7.676154,2020-03-13
,c0963,78.41551208496094,41.010018,7.676154,2020-03-14
,c0963,31.009239196777344,41.010018,7.676154,2020-03-15
,c0963,6.594321250915527,41.010018,7.676154,2020-03-16
0.0081510625694029,c0963,58.30808639526367,41.010018,7.676154,2020-03-17
,c0963,43.92003631591797,41.010018,7.676154,2020-03-18
,c0963,15.37596321105957,41.010018,7.676154,2020-03-19
,c0963,12.154279708862305,41.010018,7.676154,2020-03-20
,c0963,66.73719024658203,41.010018,7.676154,2020-03-21
-0.021549047726833,c0963,67.71819305419922,41.010018,7.676154,2020-03-22
,c0963,59.56222915649414,41.010018,7.676154,2020-03-23
,c0963,41.61883163452149,41.010018,7.676154,2020-03-24
,c0963,74.72138977050781,41.010018,7.676154,2020-03-25
,c0963,78.99666595458984,41.010018,7.676154,2020-03-26
0.0104592741973807,c0963,67.75232696533203,41.010018,7.676154,2020-03-27
,c0963,38.48124313354492,41.010018,7.676154,2020-03-28
,c0963,37.490360260009766,41.010018,7.676154,2020-03-29
,c0963,72.80961608886719,41.010018,7.676154,2020-03-30
,c0963,50.55167388916016,41.010018,7.676154,2020-03-31
-0.0197809579905451,c0963,59.05635452270508,41.010018,7.676154,2020-04-01
,c0963,28.196508407592773,41.010018,7.676154,2020-04-02
,c0963,45.33246612548828,41.010018,7.676154,2020-04-03
,c0963,20.131521224975582,41.010018,7.676154,2020-04-04
,c0963,9.213647842407228,41.010018,7.676154,2020-04-05
-0.1869299092713524,c0963,19.2712459564209,41.010018,7.676154,2020-04-06
,c0963,11.392369270324709,41.010018,7.676154,2020-04-07
,c0963,2.074113607406616,41.010018,7.676154,2020-04-08
,c0963,1.842361330986023,41.010018,7.676154,2020-04-09
,c0963,3.930028200149536,41.010018,7.676154,2020-04-10
-0.0628452858613694,c0963,8.155004501342773,41.010018,7.676154,2020-04-11
,c0963,3.2962822914123535,41.010018,7.676154,2020-04-12
,c0963,68.69422149658203,41.010018,7.676154,2020-04-13
,c0963,57.28797912597656,41.010018,7.676154,2020-04-14
,c0963,15.796887397766112,41.010018,7.676154,2020-04-15
-0.0075946134925984,c0963,57.78382873535156,41.010018,7.676154,2020-04-16
,c0963,19.075284957885746,41.010018,7.676154,2020-04-17
,c0963,67.53929138183594,41.010018,7.676154,2020-04-18
,c0963,62.074798583984375,41.010018,7.676154,2020-04-19
,c0963,91.3614273071289,41.010018,7.676154,2020-04-20
-0.0061092536554069,c0963,82.71844482421875,41.010018,7.676154,2020-04-21
,c0963,51.100196838378906,41.010018,7.676154,2020-04-22
,c0963,22.15031623840332,41.010018,7.676154,2020-04-23
,c0963,22.542627334594727,41.010018,7.676154,2020-04-24
,c0963,35.08345031738281,41.010018,7.676154,2020-04-25
-0.0402519539039691,c0963,35.63404083251953,41.010018,7.676154,2020-04-26
,c0963,15.71096420288086,41.010018,7.676154,2020-04-27
,c0963,70.00704956054688,41.010018,7.676154,2020-04-28
,c0963,60.34890365600586,41.010018,7.676154,2020-04-29
,c0963,22.94863510131836,41.010018,7.676154,2020-04-30
0.0026372252354014,c0963,58.521217346191406,41.010018,7.676154,2020-05-01
,c0963,63.9265251159668,41.010018,7.676154,2020-05-02
,c0963,19.48905563354492,41.010018,7.676154,2020-05-03
,c0963,10.395085334777832,41.010018,7.676154,2020-05-04
,c0963,60.32535552978515,41.010018,7.676154,2020-05-05
-0.0153956655543023,c0963,36.994903564453125,41.010018,7.676154,2020-05-06
,c0963,14.328829765319824,41.010018,7.676154,2020-05-07
,c0963,35.75270462036133,41.010018,7.676154,2020-05-08
,c0963,23.707447052001953,41.010018,7.676154,2020-05-09
,c0963,48.10334014892578,41.010018,7.676154,2020-05-10
-0.0076708273691645,c0963,45.14598846435547,41.010018,7.676154,2020-05-11
,c0963,35.26662826538086,41.010018,7.676154,2020-05-12
,c0963,92.54434967041016,41.010018,7.676154,2020-05-13
,c0963,64.43824005126953,41.010018,7.676154,2020-05-14
,c0963,74.0555419921875,41.010018,7.676154,2020-05-15
-0.0080735559626619,c0963,78.86749267578125,41.010018,7.676154,2020-05-16
,c0963,73.41288757324219,41.010018,7.676154,2020-05-17
,c0963,76.9228515625,41.010018,7.676154,2020-05-18
,c0963,77.61869049072266,41.010018,7.676154,2020-05-19
,c0963,58.96802520751953,41.010018,7.676154,2020-05-20
-0.0574110670836971,c0963,16.74078941345215,41.010018,7.676154,2020-05-21
,c0963,18.133838653564453,41.010018,7.676154,2020-05-22
,c0963,16.356910705566406,41.010018,7.676154,2020-05-23
,c0963,33.81037902832031,41.010018,7.676154,2020-05-24
,c0963,22.872621536254883,41.010018,7.676154,2020-05-25
-0.1993269817574936,c0963,13.219837188720703,41.010018,7.676154,2020-05-26
,c0963,33.43152618408203,41.010018,7.676154,2020-05-27
,c0963,33.416622161865234,41.010018,7.676154,2020-05-28
,c0963,40.63640594482422,41.010018,7.676154,2020-05-29
,c0963,52.44021987915039,41.010018,7.676154,2020-05-30
-0.2039822067188866,c0963,30.37470436096191,41.010018,7.676154,2020-05-31
,c0963,43.467735290527344,41.010018,7.676154,2020-06-01
,c0963,34.380958557128906,41.010018,7.676154,2020-06-02
,c0963,25.69464111328125,41.010018,7.676154,2020-06-03
,c0963,52.26929473876953,41.010018,7.676154,2020-06-04
-0.0082462187349686,c0963,41.13851547241211,41.010018,7.676154,2020-06-05
,c0963,35.19761657714844,41.010018,7.676154,2020-06-06
,c0963,65.92726135253906,41.010018,7.676154,2020-06-07
,c0963,57.83690643310547,41.010018,7.676154,2020-06-08
,c0963,52.421749114990234,41.010018,7.676154,2020-06-09
-0.0079518801614861,c0963,42.22991180419922,41.010018,7.676154,2020-06-10
,c0963,50.99784469604492,41.010018,7.676154,2020-06-11
,c0963,12.999500274658203,41.010018,7.676154,2020-06-12
,c0963,40.46189498901367,41.010018,7.676154,2020-06-13
,c0963,28.757097244262695,41.010018,7.676154,2020-06-14
-0.0089132545050233,c0963,21.25982093811035,41.010018,7.676154,2020-06-15
,c0963,45.145076751708984,41.010018,7.676154,2020-06-16
,c0963,32.05051040649414,41.010018,7.676154,2020-06-17
,c0963,42.00855255126953,41.010018,7.676154,2020-06-18
,c0963,39.01223373413086,41.010018,7.676154,2020-06-19
-0.0045641857500681,c0963,12.66364288330078,41.010018,7.676154,2020-06-20
,c0963,48.426021575927734,41.010018,7.676154,2020-06-21
,c0963,11.915023803710938,41.010018,7.676154,2020-06-22
,c0963,30.976593017578125,41.010018,7.676154,2020-06-23
,c0963,14.808424949645996,41.010018,7.676154,2020-06-24
-0.4404945374630831,c0963,13.561378479003906,41.010018,7.676154,2020-06-25
,c0963,18.77144432067871,41.010018,7.676154,2020-06-26
,c0963,17.699941635131836,41.010018,7.676154,2020-06-27
,c0963,17.65145492553711,41.010018,7.676154,2020-06-28
,c0963,16.113243103027344,41.010018,7.676154,2020-06-29
-0.0331349217332899,c0963,11.88713264465332,41.010018,7.676154,2020-06-30
,c0963,9.81223964691162,41.010018,7.676154,2020-07-01
,c0963,18.742515563964844,41.010018,7.676154,2020-07-02
,c0963,37.813865661621094,41.010018,7.676154,2020-07-03
,c0963,32.41740036010742,41.010018,7.676154,2020-07-04
-0.0016889392863959,c0963,11.0779390335083,41.010018,7.676154,2020-07-05
,c0963,14.589433670043944,41.010018,7.676154,2020-07-06
,c0963,8.402413368225098,41.010018,7.676154,2020-07-07
,c0963,4.613733768463135,41.010018,7.676154,2020-07-08
,c0963,6.622088432312012,41.010018,7.676154,2020-07-09
-0.0449300015893052,c0963,16.963014602661133,41.010018,7.676154,2020-07-10
,c0963,11.448410987854004,41.010018,7.676154,2020-07-11
,c0963,11.525049209594728,41.010018,7.676154,2020-07-12
,c0963,29.9527587890625,41.010018,7.676154,2020-07-13
,c0963,10.715842247009276,41.010018,7.676154,2020-07-14
-0.0217214797185186,c0963,29.385536193847656,41.010018,7.676154,2020-07-15
,c0963,29.30115509033203,41.010018,7.676154,2020-07-16
,c0963,30.011322021484375,41.010018,7.676154,2020-07-17
,c0963,31.194225311279297,41.010018,7.676154,2020-07-18
,c0963,16.11610984802246,41.010018,7.676154,2020-07-19
-0.3390842617872884,c0963,6.143966197967529,41.010018,7.676154,2020-07-20
,c0963,6.120668888092041,41.010018,7.676154,2020-07-21
,c0963,10.2691650390625,41.010018,7.676154,2020-07-22
,c0963,14.196441650390623,41.010018,7.676154,2020-07-23
,c0963,30.561433792114254,41.010018,7.676154,2020-07-24
-0.0294959729811286,c0963,8.3265962600708,41.010018,7.676154,2020-07-25
,c0963,26.869699478149418,41.010018,7.676154,2020-07-26
,c0963,3.3322296142578125,41.010018,7.676154,2020-07-27
,c0963,11.271838188171388,41.010018,7.676154,2020-07-28
,c0963,4.507768630981445,41.010018,7.676154,2020-07-29
-0.0290701096110484,c0963,9.464797019958496,41.010018,7.676154,2020-07-30
,c0963,2.45658802986145,41.010018,7.676154,2020-07-31
,c0963,1.9649713039398191,41.010018,7.676154,2020-08-01
,c0963,12.504295349121094,41.010018,7.676154,2020-08-02
,c0963,34.30173110961914,41.010018,7.676154,2020-08-03
-0.0122863390565137,c0963,41.93700408935547,41.010018,7.676154,2020-08-04
,c0963,53.435977935791016,41.010018,7.676154,2020-08-05
,c0963,9.630017280578612,41.010018,7.676154,2020-08-06
,c0963,18.098922729492188,41.010018,7.676154,2020-08-07
,c0963,9.221476554870604,41.010018,7.676154,2020-08-08
-0.0486799421884557,c0963,2.3548710346221924,41.010018,7.676154,2020-08-09
,c0963,4.615633010864258,41.010018,7.676154,2020-08-10
,c0963,9.265491485595703,41.010018,7.676154,2020-08-11
,c0963,18.8333683013916,41.010018,7.676154,2020-08-12
,c0963,7.042781352996826,41.010018,7.676154,2020-08-13
-0.0208055348861414,c0963,16.518234252929688,41.010018,7.676154,2020-08-14
,c0963,20.41147804260254,41.010018,7.676154,2020-08-15
,c0963,18.931856155395508,41.010018,7.676154,2020-08-16
,c0963,18.196393966674805,41.010018,7.676154,2020-08-17
,c0963,57.06782150268555,41.010018,7.676154,2020-08-18
-0.0221439862569027,c0963,15.100799560546877,41.010018,7.676154,2020-08-19
,c0963,1.2167582511901855,41.010018,7.676154,2020-08-20
,c0963,3.9088969230651855,41.010018,7.676154,2020-08-21
,c0963,8.893293380737305,41.010018,7.676154,2020-08-22
,c0963,18.329225540161133,41.010018,7.676154,2020-08-23
0.0165163579787237,c0963,16.33332633972168,41.010018,7.676154,2020-08-24
,c0963,11.876202583312988,41.010018,7.676154,2020-08-25
,c0963,13.845932960510254,41.010018,7.676154,2020-08-26
,c0963,7.501750469207764,41.010018,7.676154,2020-08-27
,c0963,7.61477518081665,41.010018,7.676154,2020-08-28
-0.0473165038315688,c0963,40.54921340942383,41.010018,7.676154,2020-08-29
,c0963,34.25776290893555,41.010018,7.676154,2020-08-30
,c0963,80.28221130371094,41.010018,7.676154,2020-08-31
,c0963,26.45258522033691,41.010018,7.676154,2020-09-01
,c0963,61.09358978271485,41.010018,7.676154,2020-09-02
0.0349553606308558,c0963,22.106693267822266,41.010018,7.676154,2020-09-03
,c0963,14.285223007202148,41.010018,7.676154,2020-09-04
,c0963,14.196330070495604,41.010018,7.676154,2020-09-05
,c0963,14.058874130249023,41.010018,7.676154,2020-09-06
,c0963,24.6258602142334,41.010018,7.676154,2020-09-07
-0.0774129384060335,c0963,28.491689682006836,41.010018,7.676154,2020-09-08
,c0963,1.3606319427490234,41.010018,7.676154,2020-09-09
,c0963,73.08000183105469,41.010018,7.676154,2020-09-10
,c0963,32.85948181152344,41.010018,7.676154,2020-09-11
,c0963,21.725276947021484,41.010018,7.676154,2020-09-12
-0.281297519890701,c0963,10.39372444152832,41.010018,7.676154,2020-09-13
,c0963,26.64580345153809,41.010018,7.676154,2020-09-14
,c0963,9.158981323242188,41.010018,7.676154,2020-09-15
,c0963,50.6606559753418,41.010018,7.676154,2020-09-16
,c0963,22.305635452270508,41.010018,7.676154,2020-09-17
-0.094505443774602,c0963,27.570396423339844,41.010018,7.676154,2020-09-18
,c0963,31.76459503173828,41.010018,7.676154,2020-09-19
,c0963,39.20089340209961,41.010018,7.676154,2020-09-20
,c0963,22.4575252532959,41.010018,7.676154,2020-09-21
,c0963,49.355194091796875,41.010018,7.676154,2020-09-22
-0.0351987666423049,c0963,53.04744720458984,41.010018,7.676154,2020-09-23
,c0963,35.17777633666992,41.010018,7.676154,2020-09-24
,c0963,47.27959060668945,41.010018,7.676154,2020-09-25
,c0963,51.22856140136719,41.010018,7.676154,2020-09-26
,c0963,70.2605972290039,41.010018,7.676154,2020-09-27
-0.0075597324788652,c0963,45.936485290527344,41.010018,7.676154,2020-09-28
,c0963,31.62626838684082,41.010018,7.676154,2020-09-29
,c0963,21.86162567138672,41.010018,7.676154,2020-09-30
,c0963,44.439266204833984,41.010018,7.676154,2020-10-01
,c0963,2.2000000171829015e-05,41.010018,7.676154,2020-10-02
,c0963,34.3211669921875,41.010018,7.676154,2020-10-03
,c0963,70.04114532470703,41.010018,7.676154,2020-10-04
,c0963,21.439844131469727,41.010018,7.676154,2020-10-06
,c0963,99.99999237060548,41.010018,7.676154,2020-10-07
,c0963,13.508493423461914,41.010018,7.676154,2020-10-08
,c0963,1.1362379789352417,41.010018,7.676154,2020-10-09
,c0963,2.725739002227783,41.010018,7.676154,2020-10-10
,c0963,0.0401449985802173,41.010018,7.676154,2020-10-11
,c0963,53.87833023071289,41.010018,7.676154,2020-10-12
,c0963,0.8774930238723755,41.010018,7.676154,2020-10-13
,c0963,0.528361976146698,41.010018,7.676154,2020-10-14
,c0963,90.8990249633789,41.010018,7.676154,2020-10-15
,c0963,6.339303970336914,41.010018,7.676154,2020-10-16
,c0963,93.3309326171875,41.010018,7.676154,2020-10-17
,c0963,28.803293228149418,41.010018,7.676154,2020-10-18
,c0963,0.6879749894142151,41.010018,7.676154,2020-10-19
,c0963,0.1631660014390945,41.010018,7.676154,2020-10-20
,c0963,2.8968169689178467,41.010018,7.676154,2020-10-21
,c0963,99.46707153320312,41.010018,7.676154,2020-10-22
,c0963,0.0838870033621788,41.010018,7.676154,2020-10-23
,c0963,17.21694564819336,41.010018,7.676154,2020-10-24
,c0963,99.15509033203124,41.010018,7.676154,2020-10-25
,c0963,10.609012603759766,41.010018,7.676154,2020-10-26
,c0963,21.417293548583984,41.010018,7.676154,2020-10-27
,c0963,71.18598175048828,41.010018,7.676154,2020-10-28
,c0963,4.63870096206665,41.010018,7.676154,2020-10-29
,c0963,0.1042760014533996,41.010018,7.676154,2020-10-30
,c0963,0.6500009894371033,41.010018,7.676154,2020-10-31
,c0963,0.0030380000825971,41.010018,7.676154,2020-11-01
,c0963,27.807832717895508,41.010018,7.676154,2020-11-02
,c0963,7.32194709777832,41.010018,7.676154,2020-11-03
,c0963,47.721195220947266,41.010018,7.676154,2020-11-04
,c0963,33.569435119628906,41.010018,7.676154,2020-11-05
,c0963,14.703880310058594,41.010018,7.676154,2020-11-06
,c0963,7.920125961303711,41.010018,7.676154,2020-11-07
,c0963,10.846593856811523,41.010018,7.676154,2020-11-08
,c0963,67.55350494384766,41.010018,7.676154,2020-11-09
,c0963,1.0995049476623535,41.010018,7.676154,2020-11-10
,c0963,19.838274002075195,41.010018,7.676154,2020-11-11
,c0963,1.170199990272522,41.010018,7.676154,2020-11-12
,c0963,49.328250885009766,41.010018,7.676154,2020-11-13
,c0963,3.2964859008789062,41.010018,7.676154,2020-11-14
,c0963,47.26083755493164,41.010018,7.676154,2020-11-15
,c0963,5.582837104797363,41.010018,7.676154,2020-11-17
,c0963,22.488445281982425,41.010018,7.676154,2020-11-18
,c0963,1.6422280073165894,41.010018,7.676154,2020-11-19
,c0963,29.32609748840332,41.010018,7.676154,2020-11-20
,c0963,73.91643524169922,41.010018,7.676154,2020-11-21
,c0963,59.3754768371582,41.010018,7.676154,2020-11-22
,c0963,100.0,41.010018,7.676154,2020-11-23
,c0963,57.96090316772461,41.010018,7.676154,2020-11-24
,c0963,43.91927337646485,41.010018,7.676154,2020-11-25
,c0963,6.525506973266602,41.010018,7.676154,2020-11-26
,c0963,9.92986011505127,41.010018,7.676154,2020-11-27
,c0963,93.09803009033205,41.010018,7.676154,2020-11-28
,c0963,69.83943939208984,41.010018,7.676154,2020-11-29
,c0963,19.8056583404541,41.010018,7.676154,2020-11-30
,c0963,41.68292617797851,41.010018,7.676154,2020-12-01
0.1175313978620311,c0963,75.1605224609375,41.010018,7.676154,2020-12-02
,c0963,96.52825927734376,41.010018,7.676154,2020-12-03
,c0963,69.9369888305664,41.010018,7.676154,2020-12-04
,c0963,67.72518157958984,41.010018,7.676154,2020-12-05
,c0963,77.59607696533203,41.010018,7.676154,2020-12-06
-0.0110217023483367,c0963,56.54499435424805,41.010018,7.676154,2020-12-07
,c0963,75.88494110107422,41.010018,7.676154,2020-12-08
,c0963,65.17314910888672,41.010018,7.676154,2020-12-09
,c0963,55.30439758300781,41.010018,7.676154,2020-12-10
,c0963,51.77497482299805,41.010018,7.676154,2020-12-11
0.0033758118342923,c0963,68.12155151367188,41.010018,7.676154,2020-12-12
,c0963,56.13889694213867,41.010018,7.676154,2020-12-13
,c0963,0.935935080051422,41.010018,7.676154,2020-12-14
,c0963,45.859657287597656,41.010018,7.676154,2020-12-15
,c0963,38.621463775634766,41.010018,7.676154,2020-12-16
-0.0245588748852777,c0963,41.65553283691406,41.010018,7.676154,2020-12-17
,c0963,69.318115234375,41.010018,7.676154,2020-12-18
,c0963,69.77079010009766,41.010018,7.676154,2020-12-19
,c0963,77.99880981445312,41.010018,7.676154,2020-12-20
,c0963,40.10770034790039,41.010018,7.676154,2020-12-21
-0.0330772917608127,c0963,48.003395080566406,41.010018,7.676154,2020-12-22
,c0963,38.71026611328125,41.010018,7.676154,2020-12-23
,c0963,51.462867736816406,41.010018,7.676154,2020-12-24
,c0963,66.01300048828125,41.010018,7.676154,2020-12-25
,c0963,69.23277282714844,41.010018,7.676154,2020-12-26
-0.0837108310750302,c0963,57.74840545654297,41.010018,7.676154,2020-12-27
,c0963,63.83617401123047,41.010018,7.676154,2020-12-28
,c0963,59.647682189941406,41.010018,7.676154,2020-12-29
,c0963,47.77264404296875,41.010018,7.676154,2020-12-30
,c0963,38.75115203857422,41.010018,7.676154,2020-12-31
-0.0163036139243665,c0963,54.41022109985352,41.010018,7.676154,2021-01-01
,c0963,59.48160171508789,41.010018,7.676154,2021-01-02
,c0963,60.3633918762207,41.010018,7.676154,2021-01-03
,c0963,64.2260971069336,41.010018,7.676154,2021-01-04
,c0963,68.73888397216797,41.010018,7.676154,2021-01-05
0.0123461581437903,c0963,59.86531829833984,41.010018,7.676154,2021-01-06
,c0963,70.39200592041016,41.010018,7.676154,2021-01-07
,c0963,51.648136138916016,41.010018,7.676154,2021-01-08
,c0963,79.17967987060547,41.010018,7.676154,2021-01-09
,c0963,90.35905456542967,41.010018,7.676154,2021-01-10
-0.009284699695897,c0963,46.265357971191406,41.010018,7.676154,2021-01-11
,c0963,56.72026824951172,41.010018,7.676154,2021-01-12
,c0963,35.50214767456055,41.010018,7.676154,2021-01-13
,c0963,31.639867782592773,41.010018,7.676154,2021-01-14
,c0963,55.420684814453125,41.010018,7.676154,2021-01-15
0.0223751390078926,c0963,39.59457778930664,41.010018,7.676154,2021-01-16
,c0963,82.30428314208984,41.010018,7.676154,2021-01-17
,c0963,25.339834213256836,41.010018,7.676154,2021-01-18
,c0963,25.936769485473633,41.010018,7.676154,2021-01-19
,c0963,54.749385833740234,41.010018,7.676154,2021-01-20
0.0162503447082331,c0963,71.01886749267578,41.010018,7.676154,2021-01-21
,c0963,88.88213348388672,41.010018,7.676154,2021-01-22
,c0963,54.338253021240234,41.010018,7.676154,2021-01-23
,c0963,67.47439575195312,41.010018,7.676154,2021-01-24
,c0963,90.0584945678711,41.010018,7.676154,2021-01-25
-0.1756318682476001,c0963,51.62151336669922,41.010018,7.676154,2021-01-26
,c0963,47.605377197265625,41.010018,7.676154,2021-01-27
,c0963,85.71118927001953,41.010018,7.676154,2021-01-28
,c0963,87.3714599609375,41.010018,7.676154,2021-01-29
,c0963,62.21220016479492,41.010018,7.676154,2021-01-30
0.0118143151514232,c0963,55.47784805297851,41.010018,7.676154,2021-01-31
,c0963,61.71106719970703,41.010018,7.676154,2021-02-01
,c0963,29.098806381225582,41.010018,7.676154,2021-02-02
,c0963,41.052703857421875,41.010018,7.676154,2021-02-03
,c0963,41.71895980834961,41.010018,7.676154,2021-02-04
-0.0017996766193605,c0963,58.70997619628906,41.010018,7.676154,2021-02-05
,c0963,55.40873718261719,41.010018,7.676154,2021-02-06
,c0963,94.52930450439452,41.010018,7.676154,2021-02-07
,c0963,48.88433074951172,41.010018,7.676154,2021-02-08
,c0963,50.09735870361328,41.010018,7.676154,2021-02-09
-0.0001753678627531,c0963,64.44499969482422,41.010018,7.676154,2021-02-10
,c0963,40.99689483642578,41.010018,7.676154,2021-02-11
,c0963,66.55677032470703,41.010018,7.676154,2021-02-12
,c0963,75.79367065429688,41.010018,7.676154,2021-02-13
,c0963,46.8629150390625,41.010018,7.676154,2021-02-14
0.0246803073650773,c0963,29.275001525878903,41.010018,7.676154,2021-02-15
,c0963,36.55436706542969,41.010018,7.676154,2021-02-16
,c0963,47.89719009399414,41.010018,7.676154,2021-02-17
,c0963,48.89778900146485,41.010018,7.676154,2021-02-18
,c0963,54.91767883300781,41.010018,7.676154,2021-02-19
0.0,c0963,26.158050537109375,41.010018,7.676154,2021-02-20
,c0963,27.247072219848633,41.010018,7.676154,2021-02-21
,c0963,63.722049713134766,41.010018,7.676154,2021-02-22
,c0963,7.370214462280273,41.010018,7.676154,2021-02-23
,c0963,15.562582969665527,41.010018,7.676154,2021-02-24
-0.0219036198406042,c0963,18.369590759277344,41.010018,7.676154,2021-02-25
,c0963,11.125679969787598,41.010018,7.676154,2021-02-26
,c0963,41.243919372558594,41.010018,7.676154,2021-02-27
,c0963,18.395837783813477,41.010018,7.676154,2021-02-28
,c0963,3.7383291721343994,41.010018,7.676154,2021-03-01
0.012197557792944,c0963,33.2890739440918,41.010018,7.676154,2021-03-02
,c0963,10.609511375427246,41.010018,7.676154,2021-03-03
,c0963,44.84944152832031,41.010018,7.676154,2021-03-04
,c0963,66.56787872314453,41.010018,7.676154,2021-03-05
,c0963,30.437030792236328,41.010018,7.676154,2021-03-06
-0.0705589230884524,c0963,39.07187271118164,41.010018,7.676154,2021-03-07
,c0963,56.30118179321289,41.010018,7.676154,2021-03-08
,c0963,63.88597869873047,41.010018,7.676154,2021-03-09
,c0963,49.66368103027344,41.010018,7.676154,2021-03-10
,c0963,38.972408294677734,41.010018,7.676154,2021-03-11
-0.0523466812200186,c0963,46.57339096069336,41.010018,7.676154,2021-03-12
,c0963,44.53986740112305,41.010018,7.676154,2021-03-13
,c0963,60.91070938110352,41.010018,7.676154,2021-03-14
,c0963,53.74271774291992,41.010018,7.676154,2021-03-15
,c0963,35.47206115722656,41.010018,7.676154,2021-03-16
-0.0299903398763169,c0963,41.0528564453125,41.010018,7.676154,2021-03-17
,c0963,64.74778747558594,41.010018,7.676154,2021-03-18
,c0963,64.3758316040039,41.010018,7.676154,2021-03-19
,c0963,58.55665969848633,41.010018,7.676154,2021-03-20
,c0963,62.70597839355469,41.010018,7.676154,2021-03-21
0.1162576202303171,c0963,38.619384765625,41.010018,7.676154,2021-03-22
,c0963,46.60120391845703,41.010018,7.676154,2021-03-23
,c0963,10.101113319396973,41.010018,7.676154,2021-03-24
,c0963,41.57806015014648,41.010018,7.676154,2021-03-25
,c0963,4.754055976867676,41.010018,7.676154,2021-03-26
-0.0117349419824998,c0963,45.79995346069336,41.010018,7.676154,2021-03-27
,c0963,29.975576400756836,41.010018,7.676154,2021-03-28
,c0963,11.91189193725586,41.010018,7.676154,2021-03-29
,c0963,21.69060516357422,41.010018,7.676154,2021-03-30
,c0963,1.6536378860473633,41.010018,7.676154,2021-03-31
0.0,c0963,11.71316909790039,41.010018,7.676154,2021-04-01
,c0963,22.836811065673828,41.010018,7.676154,2021-04-02
,c0963,40.517635345458984,41.010018,7.676154,2021-04-03
,c0963,54.61725997924805,41.010018,7.676154,2021-04-04
,c0963,24.45650100708008,41.010018,7.676154,2021-04-05
-0.0027145183316486,c0963,29.198333740234375,41.010018,7.676154,2021-04-06
,c0963,46.5963020324707,41.010018,7.676154,2021-04-07
,c0963,12.601293563842772,41.010018,7.676154,2021-04-08
,c0963,22.49445152282715,41.010018,7.676154,2021-04-09
,c0963,54.66629409790039,41.010018,7.676154,2021-04-10
-0.0170948627514436,c0963,60.96123504638672,41.010018,7.676154,2021-04-11
,c0963,80.8292236328125,41.010018,7.676154,2021-04-12
,c0963,43.940635681152344,41.010018,7.676154,2021-04-13
,c0963,46.1057243347168,41.010018,7.676154,2021-04-14
,c0963,65.08480072021484,41.010018,7.676154,2021-04-15
-0.0003673913432601,c0963,73.34839630126953,41.010018,7.676154,2021-04-16
,c0963,80.47297668457031,41.010018,7.676154,2021-04-17
,c0963,72.37567138671875,41.010018,7.676154,2021-04-18
,c0963,53.2537841796875,41.010018,7.676154,2021-04-19
,c0963,33.4835319519043,41.010018,7.676154,2021-04-20
0.0207404218997587,c0963,65.17573547363281,41.010018,7.676154,2021-04-21
,c0963,74.04155731201172,41.010018,7.676154,2021-04-22
,c0963,33.43031692504883,41.010018,7.676154,2021-04-23
,c0963,41.50123596191406,41.010018,7.676154,2021-04-24
,c0963,11.213655471801758,41.010018,7.676154,2021-04-25
-0.0319965357618296,c0963,45.32979965209961,41.010018,7.676154,2021-04-26
,c0963,55.76336669921875,41.010018,7.676154,2021-04-27
,c0963,38.28998565673828,41.010018,7.676154,2021-04-28
,c0963,62.56381607055664,41.010018,7.676154,2021-04-29
,c0963,70.64165496826172,41.010018,7.676154,2021-04-30
0.0062516865104792,c0963,91.73624420166016,41.010018,7.676154,2021-05-01
,c0963,63.64418411254883,41.010018,7.676154,2021-05-02
,c0963,45.0650520324707,41.010018,7.676154,2021-05-03
,c0963,53.098690032958984,41.010018,7.676154,2021-05-04
,c0963,73.40484619140625,41.010018,7.676154,2021-05-05
-0.0144040411050595,c0963,65.06880187988281,41.010018,7.676154,2021-05-06
,c0963,59.00286102294922,41.010018,7.676154,2021-05-07
,c0963,17.804990768432617,41.010018,7.676154,2021-05-08
,c0963,18.013395309448242,41.010018,7.676154,2021-05-09
,c0963,4.724276542663574,41.010018,7.676154,2021-05-10
-0.0206072741462027,c0963,47.555198669433594,41.010018,7.676154,2021-05-11
,c0963,37.05307388305664,41.010018,7.676154,2021-05-12
,c0963,38.9171028137207,41.010018,7.676154,2021-05-13
,c0963,53.72838592529297,41.010018,7.676154,2021-05-14
,c0963,48.98280334472656,41.010018,7.676154,2021-05-15
0.0048279326683019,c0963,49.2318115234375,41.010018,7.676154,2021-05-16
,c0963,49.364166259765625,41.010018,7.676154,2021-05-17
,c0963,41.21561050415039,41.010018,7.676154,2021-05-18
,c0963,39.36470413208008,41.010018,7.676154,2021-05-19
,c0963,35.836952209472656,41.010018,7.676154,2021-05-20
0.0120743848657345,c0963,28.398117065429688,41.010018,7.676154,2021-05-21
,c0963,47.10131072998047,41.010018,7.676154,2021-05-22
,c0963,63.444114685058594,41.010018,7.676154,2021-05-23
,c0963,57.21139907836914,41.010018,7.676154,2021-05-24
,c0963,30.97374153137207,41.010018,7.676154,2021-05-25
0.001577601598247,c0963,25.27869415283203,41.010018,7.676154,2021-05-26
,c0963,46.23523712158203,41.010018,7.676154,2021-05-27
,c0963,38.980567932128906,41.010018,7.676154,2021-05-28
,c0963,42.01292419433594,41.010018,7.676154,2021-05-29
,c0963,31.84694480895996,41.010018,7.676154,2021-05-30
-0.0095472592915243,c0963,41.927696228027344,41.010018,7.676154,2021-05-31
,c0963,34.3983154296875,41.010018,7.676154,2021-06-01
,c0963,59.34654235839844,41.010018,7.676154,2021-06-02
,c0963,20.889732360839844,41.010018,7.676154,2021-06-03
,c0963,21.63759422302246,41.010018,7.676154,2021-06-04
-0.0353411732433254,c0963,59.17691802978515,41.010018,7.676154,2021-06-05
,c0963,76.34026336669922,41.010018,7.676154,2021-06-06
,c0963,35.05793380737305,41.010018,7.676154,2021-06-07
,c0963,31.99739646911621,41.010018,7.676154,2021-06-08
,c0963,21.328439712524418,41.010018,7.676154,2021-06-09
-0.01291175725637,c0963,16.445661544799805,41.010018,7.676154,2021-06-10
,c0963,22.106380462646484,41.010018,7.676154,2021-06-11
,c0963,22.47502326965332,41.010018,7.676154,2021-06-12
,c0963,24.527196884155273,41.010018,7.676154,2021-06-13
,c0963,8.181374549865723,41.010018,7.676154,2021-06-14
-0.4304359689505552,c0963,16.72787094116211,41.010018,7.676154,2021-06-15
,c0963,34.978065490722656,41.010018,7.676154,2021-06-16
,c0963,43.286190032958984,41.010018,7.676154,2021-06-17
,c0963,27.511384963989254,41.010018,7.676154,2021-06-18
,c0963,35.370689392089844,41.010018,7.676154,2021-06-19
0.0216856809428838,c0963,67.19817352294922,41.010018,7.676154,2021-06-20
,c0963,41.66706466674805,41.010018,7.676154,2021-06-21
,c0963,10.712940216064451,41.010018,7.676154,2021-06-22
,c0963,33.47068786621094,41.010018,7.676154,2021-06-23
,c0963,55.20478057861328,41.010018,7.676154,2021-06-24
-0.0137108703143894,c0963,18.429622650146484,41.010018,7.676154,2021-06-25
,c0963,32.37668228149414,41.010018,7.676154,2021-06-26
,c0963,36.01039123535156,41.010018,7.676154,2021-06-27
,c0963,33.0242919921875,41.010018,7.676154,2021-06-28
,c0963,29.854888916015625,41.010018,7.676154,2021-06-29
-0.0236216938725727,c0963,20.895538330078125,41.010018,7.676154,2021-06-30
,c0963,11.444488525390623,41.010018,7.676154,2021-07-01
,c0963,23.198171615600582,41.010018,7.676154,2021-07-02
,c0963,28.53081512451172,41.010018,7.676154,2021-07-03
,c0963,50.86112976074219,41.010018,7.676154,2021-07-04
-0.0252934045267894,c0963,19.30864524841309,41.010018,7.676154,2021-07-05
,c0963,10.584328651428224,41.010018,7.676154,2021-07-06
,c0963,19.554716110229492,41.010018,7.676154,2021-07-07
,c0963,23.686317443847656,41.010018,7.676154,2021-07-08
,c0963,9.48878288269043,41.010018,7.676154,2021-07-09
-0.0186750988530762,c0963,3.4191603660583496,41.010018,7.676154,2021-07-10
,c0963,14.767809867858888,41.010018,7.676154,2021-07-11
,c0963,11.111371040344238,41.010018,7.676154,2021-07-12
,c0963,24.482650756835938,41.010018,7.676154,2021-07-13
,c0963,24.005239486694336,41.010018,7.676154,2021-07-14
-0.0217576986945727,c0963,32.67429733276367,41.010018,7.676154,2021-07-15
,c0963,36.98753356933594,41.010018,7.676154,2021-07-16
,c0963,50.87265396118164,41.010018,7.676154,2021-07-17
,c0963,42.55209732055664,41.010018,7.676154,2021-07-18
,c0963,27.763492584228516,41.010018,7.676154,2021-07-19
-0.057463934694362,c0963,6.50612211227417,41.010018,7.676154,2021-07-20
,c0963,4.605132102966309,41.010018,7.676154,2021-07-21
,c0963,11.050012588500977,41.010018,7.676154,2021-07-22
,c0963,5.426817893981934,41.010018,7.676154,2021-07-23
,c0963,4.832584381103516,41.010018,7.676154,2021-07-24
-0.0524993927354979,c0963,43.62068939208984,41.010018,7.676154,2021-07-25
,c0963,40.33290100097656,41.010018,7.676154,2021-07-26
,c0963,59.00717544555664,41.010018,7.676154,2021-07-27
,c0963,17.845897674560547,41.010018,7.676154,2021-07-28
,c0963,1.3696109056472778,41.010018,7.676154,2021-07-29
-0.1594896638218094,c0963,15.275764465332031,41.010018,7.676154,2021-07-30
,c0963,10.74931526184082,41.010018,7.676154,2021-07-31
,c0963,38.989227294921875,41.010018,7.676154,2021-08-01
,c0963,25.86183738708496,41.010018,7.676154,2021-08-02
,c0963,39.68159484863281,41.010018,7.676154,2021-08-03
-0.0264412962749381,c0963,51.90607070922851,41.010018,7.676154,2021-08-04
,c0963,46.24005889892578,41.010018,7.676154,2021-08-05
,c0963,10.336955070495604,41.010018,7.676154,2021-08-06
,c0963,18.71556854248047,41.010018,7.676154,2021-08-07
,c0963,24.4279727935791,41.010018,7.676154,2021-08-08
-0.0112011826405411,c0963,16.68190574645996,41.010018,7.676154,2021-08-09
,c0963,8.457257270812988,41.010018,7.676154,2021-08-10
,c0963,18.871124267578125,41.010018,7.676154,2021-08-11
,c0963,7.367623329162598,41.010018,7.676154,2021-08-12
,c0963,22.145599365234375,41.010018,7.676154,2021-08-13
-0.0458949161803021,c0963,0.4874247312545776,41.010018,7.676154,2021-08-14
,c0963,3.932152509689331,41.010018,7.676154,2021-08-15
,c0963,17.799718856811523,41.010018,7.676154,2021-08-16
,c0963,20.678245544433594,41.010018,7.676154,2021-08-17
,c0963,13.938735008239746,41.010018,7.676154,2021-08-18
-0.0503624598550445,c0963,13.823817253112791,41.010018,7.676154,2021-08-19
,c0963,8.100730895996094,41.010018,7.676154,2021-08-20
,c0963,4.090160369873047,41.010018,7.676154,2021-08-21
,c0963,25.16744804382324,41.010018,7.676154,2021-08-22
,c0963,26.535232543945312,41.010018,7.676154,2021-08-23
-0.1313978647922768,c0963,27.69910049438477,41.010018,7.676154,2021-08-24
,c0963,37.41802215576172,41.010018,7.676154,2021-08-25
,c0963,14.452765464782717,41.010018,7.676154,2021-08-26
,c0963,28.09786796569824,41.010018,7.676154,2021-08-27
,c0963,39.993186950683594,41.010018,7.676154,2021-08-28
-0.2545602303655709,c0963,23.943801879882812,41.010018,7.676154,2021-08-29
,c0963,12.78097915649414,41.010018,7.676154,2021-08-30
,c0963,28.408411026000977,41.010018,7.676154,2021-08-31
,c0963,20.905731201171875,41.010018,7.676154,2021-09-01
,c0963,26.55278968811035,41.010018,7.676154,2021-09-02
-0.0294944801477386,c0963,28.619434356689453,41.010018,7.676154,2021-09-03
,c0963,26.890335083007812,41.010018,7.676154,2021-09-04
,c0963,4.8955183029174805,41.010018,7.676154,2021-09-05
,c0963,16.169218063354492,41.010018,7.676154,2021-09-06
,c0963,16.345664978027344,41.010018,7.676154,2021-09-07
-0.0008265259833184,c0963,51.59451675415039,41.010018,7.676154,2021-09-08
,c0963,35.71286392211914,41.010018,7.676154,2021-09-09
,c0963,50.24313735961914,41.010018,7.676154,2021-09-10
,c0963,41.716766357421875,41.010018,7.676154,2021-09-11
,c0963,4.754809856414795,41.010018,7.676154,2021-09-12
-0.026999150627457,c0963,17.92038917541504,41.010018,7.676154,2021-09-13
,c0963,20.77700424194336,41.010018,7.676154,2021-09-14
,c0963,74.13776397705078,41.010018,7.676154,2021-09-15
,c0963,59.92584609985352,41.010018,7.676154,2021-09-16
,c0963,65.78599548339844,41.010018,7.676154,2021-09-17
-0.0202992932323147,c0963,26.99853515625,41.010018,7.676154,2021-09-18
,c0963,22.050668716430664,41.010018,7.676154,2021-09-19
,c0963,52.5596923828125,41.010018,7.676154,2021-09-20
,c0963,33.26797866821289,41.010018,7.676154,2021-09-21
,c0963,57.85645294189453,41.010018,7.676154,2021-09-22
-0.0572789624442949,c0963,32.604286193847656,41.010018,7.676154,2021-09-23
,c0963,18.757081985473633,41.010018,7.676154,2021-09-24
,c0963,37.99269485473633,41.010018,7.676154,2021-09-25
,c0963,29.87020492553711,41.010018,7.676154,2021-09-26
,c0963,66.62767791748047,41.010018,7.676154,2021-09-27
-0.0762184888562735,c0963,30.26799201965332,41.010018,7.676154,2021-09-28
,c0963,60.52552795410156,41.010018,7.676154,2021-09-29
,c0963,19.30188751220703,41.010018,7.676154,2021-09-30
,c0963,27.748016357421875,41.010018,7.676154,2021-10-01
,c0963,66.58153533935547,41.010018,7.676154,2021-10-02
-0.066382578365943,c0963,42.20869445800781,41.010018,7.676154,2021-10-03
,c0963,10.349836349487305,41.010018,7.676154,2021-10-04
,c0963,59.11912536621094,41.010018,7.676154,2021-10-05
,c0963,64.69215393066406,41.010018,7.676154,2021-10-06
,c0963,61.867164611816406,41.010018,7.676154,2021-10-07
0.0019938503001707,c0963,38.29141616821289,41.010018,7.676154,2021-10-08
,c0963,44.644073486328125,41.010018,7.676154,2021-10-09
,c0963,26.080020904541016,41.010018,7.676154,2021-10-10
,c0963,40.978660583496094,41.010018,7.676154,2021-10-11
,c0963,64.40565490722656,41.010018,7.676154,2021-10-12
0.0449961713570005,c0963,31.207679748535156,41.010018,7.676154,2021-10-13
,c0963,49.99188232421875,41.010018,7.676154,2021-10-14
,c0963,11.105860710144045,41.010018,7.676154,2021-10-15
,c0963,26.237720489501953,41.010018,7.676154,2021-10-16
,c0963,18.21538734436035,41.010018,7.676154,2021-10-17
0.0131201824392465,c0963,20.50815200805664,41.010018,7.676154,2021-10-18
,c0963,17.32429313659668,41.010018,7.676154,2021-10-19
,c0963,18.303686141967773,41.010018,7.676154,2021-10-20
,c0963,41.625267028808594,41.010018,7.676154,2021-10-21
,c0963,69.28434753417969,41.010018,7.676154,2021-10-22
-0.1360582771320718,c0963,33.83420944213867,41.010018,7.676154,2021-10-23
,c0963,43.68853759765625,41.010018,7.676154,2021-10-24
,c0963,85.09952545166016,41.010018,7.676154,2021-10-25
,c0963,54.51482772827149,41.010018,7.676154,2021-10-26
,c0963,49.08942031860352,41.010018,7.676154,2021-10-27
0.0051532140357748,c0963,57.167842864990234,41.010018,7.676154,2021-10-28
,c0963,54.24626541137695,41.010018,7.676154,2021-10-29
,c0963,69.06678009033203,41.010018,7.676154,2021-10-30
,c0963,49.93487548828125,41.010018,7.676154,2021-10-31
,c0963,46.793922424316406,41.010018,7.676154,2021-11-01
,c0963,19.509754180908203,41.010018,7.676154,2021-11-02
,c0963,0.0008520000264979,41.010018,7.676154,2021-11-03
,c0963,17.8761043548584,41.010018,7.676154,2021-11-04
,c0963,100.0,41.010018,7.676154,2021-11-05
,c0963,95.20993041992188,41.010018,7.676154,2021-11-06
,c0963,43.94576644897461,41.010018,7.676154,2021-11-07
,c0963,74.39949798583984,41.010018,7.676154,2021-11-08
,c0963,47.01737594604492,41.010018,7.676154,2021-11-10
,c0963,30.686431884765625,41.010018,7.676154,2021-11-11
,c0963,21.40302848815918,41.010018,7.676154,2021-11-12
,c0963,80.68302154541016,41.010018,7.676154,2021-11-13
,c0963,50.547645568847656,41.010018,7.676154,2021-11-14
,c0963,6.474949836730957,41.010018,7.676154,2021-11-15
,c0963,44.193214416503906,41.010018,7.676154,2021-11-16
,c0963,31.81200408935547,41.010018,7.676154,2021-11-17
,c0963,99.9758758544922,41.010018,7.676154,2021-11-18
,c0963,1.9550909996032717,41.010018,7.676154,2021-11-19
,c0963,0.5039129853248596,41.010018,7.676154,2021-11-20
,c0963,66.32992553710938,41.010018,7.676154,2021-11-21
,c0963,98.93824768066406,41.010018,7.676154,2021-11-22
,c0963,3.032875061035156,41.010018,7.676154,2021-11-23
,c0963,6.9923272132873535,41.010018,7.676154,2021-11-24
,c0963,99.96736907958984,41.010018,7.676154,2021-11-25
,c0963,65.1568374633789,41.010018,7.676154,2021-11-26
,c0963,100.0,41.010018,7.676154,2021-11-27
,c0963,99.76052856445312,41.010018,7.676154,2021-11-28
,c0963,21.194604873657227,41.010018,7.676154,2021-11-29
,c0963,4.209431171417236,41.010018,7.676154,2021-11-30
,c0963,39.17954635620117,41.010018,7.676154,2021-12-01
-0.0186740888085777,c0963,60.467735290527344,41.010018,7.676154,2021-12-02
,c0963,86.72945404052734,41.010018,7.676154,2021-12-03
,c0963,59.95217514038086,41.010018,7.676154,2021-12-04
,c0963,57.718780517578125,41.010018,7.676154,2021-12-05
,c0963,68.24369049072266,41.010018,7.676154,2021-12-06
0.0288944912033484,c0963,21.851612091064453,41.010018,7.676154,2021-12-07
,c0963,43.147979736328125,41.010018,7.676154,2021-12-08
,c0963,73.37799072265625,41.010018,7.676154,2021-12-09
,c0963,53.94562149047851,41.010018,7.676154,2021-12-10
,c0963,72.0213851928711,41.010018,7.676154,2021-12-11
0.0,c0963,24.884435653686523,41.010018,7.676154,2021-12-12
,c0963,30.94068717956543,41.010018,7.676154,2021-12-13
,c0963,18.54358673095703,41.010018,7.676154,2021-12-14
,c0963,44.48690414428711,41.010018,7.676154,2021-12-15
,c0963,38.37211990356445,41.010018,7.676154,2021-12-16
0.0097985162639387,c0963,15.145777702331545,41.010018,7.676154,2021-12-17
,c0963,17.571809768676758,41.010018,7.676154,2021-12-18
,c0963,9.95229434967041,41.010018,7.676154,2021-12-19
,c0963,22.015625,41.010018,7.676154,2021-12-20
,c0963,55.44978713989258,41.010018,7.676154,2021-12-21
0.0146218721124836,c0963,38.88793182373047,41.010018,7.676154,2021-12-22
,c0963,57.926395416259766,41.010018,7.676154,2021-12-23
,c0963,59.8006591796875,41.010018,7.676154,2021-12-24
,c0963,85.30101776123047,41.010018,7.676154,2021-12-25
,c0963,90.69022369384766,41.010018,7.676154,2021-12-26
-0.003465696074315,c0963,87.1137924194336,41.010018,7.676154,2021-12-27
,c0963,63.06919860839844,41.010018,7.676154,2021-12-28
,c0963,68.53203582763672,41.010018,7.676154,2021-12-29
,c0963,46.06067657470703,41.010018,7.676154,2021-12-30
,c0963,26.74387550354004,41.010018,7.676154,2021-12-31
-0.0138366960180813,c0963,53.001686096191406,41.010018,7.676154,2022-01-01
,c0963,38.66674041748047,41.010018,7.676154,2022-01-02
,c0963,70.95856475830078,41.010018,7.676154,2022-01-03
,c0963,63.245262145996094,41.010018,7.676154,2022-01-04
,c0963,41.094051361083984,41.010018,7.676154,2022-01-05
0.0020340013443595,c0963,56.2508544921875,41.010018,7.676154,2022-01-06
,c0963,45.78484344482422,41.010018,7.676154,2022-01-07
,c0963,27.6723575592041,41.010018,7.676154,2022-01-08
,c0963,57.39078521728515,41.010018,7.676154,2022-01-09
,c0963,73.67633819580078,41.010018,7.676154,2022-01-10
0.2298692860366666,c0963,38.493167877197266,41.010018,7.676154,2022-01-11
,c0963,40.53758239746094,41.010018,7.676154,2022-01-12
,c0963,23.17367172241211,41.010018,7.676154,2022-01-13
,c0963,11.204217910766602,41.010018,7.676154,2022-01-14
,c0963,10.2178955078125,41.010018,7.676154,2022-01-15
0.0127450984190492,c0963,16.926855087280273,41.010018,7.676154,2022-01-16
,c0963,45.19148254394531,41.010018,7.676154,2022-01-17
,c0963,25.35706901550293,41.010018,7.676154,2022-01-18
,c0963,18.593597412109375,41.010018,7.676154,2022-01-19
,c0963,52.342979431152344,41.010018,7.676154,2022-01-20
-0.0158739012214081,c0963,35.64152526855469,41.010018,7.676154,2022-01-21
,c0963,37.01105880737305,41.010018,7.676154,2022-01-22
,c0963,20.721416473388672,41.010018,7.676154,2022-01-23
,c0963,31.715831756591797,41.010018,7.676154,2022-01-24
,c0963,23.95174789428711,41.010018,7.676154,2022-01-25
0.0080928614801343,c0963,34.403865814208984,41.010018,7.676154,2022-01-26
,c0963,55.93828582763672,41.010018,7.676154,2022-01-27
,c0963,39.69441986083984,41.010018,7.676154,2022-01-28
,c0963,37.29465103149414,41.010018,7.676154,2022-01-29
,c0963,16.27094841003418,41.010018,7.676154,2022-01-30
-0.0445824820822214,c0963,37.54322814941406,41.010018,7.676154,2022-01-31
,c0963,56.30482482910156,41.010018,7.676154,2022-02-01
,c0963,46.01873779296875,41.010018,7.676154,2022-02-02
,c0963,26.719202041625977,41.010018,7.676154,2022-02-03
,c0963,47.58128356933594,41.010018,7.676154,2022-02-04
0.0106565851745579,c0963,41.34254455566406,41.010018,7.676154,2022-02-05
,c0963,52.67021942138672,41.010018,7.676154,2022-02-06
,c0963,41.27361679077149,41.010018,7.676154,2022-02-07
,c0963,21.908226013183594,41.010018,7.676154,2022-02-08
,c0963,0.4034971892833709,41.010018,7.676154,2022-02-09
-1.0,c0963,8.826221466064453,41.010018,7.676154,2022-02-10
,c0963,9.347158432006836,41.010018,7.676154,2022-02-11
,c0963,28.25564956665039,41.010018,7.676154,2022-02-12
,c0963,20.954683303833008,41.010018,7.676154,2022-02-13
,c0963,56.67811584472656,41.010018,7.676154,2022-02-14
-0.0779568915269063,c0963,44.5478630065918,41.010018,7.676154,2022-02-15
,c0963,42.663482666015625,41.010018,7.676154,2022-02-16
,c0963,59.49249649047851,41.010018,7.676154,2022-02-17
,c0963,18.955997467041016,41.010018,7.676154,2022-02-18
,c0963,92.96436309814452,41.010018,7.676154,2022-02-19
-0.0583807091940851,c0963,38.149169921875,41.010018,7.676154,2022-02-20
,c0963,63.75040054321289,41.010018,7.676154,2022-02-21
,c0963,20.005083084106445,41.010018,7.676154,2022-02-22
,c0963,19.316179275512695,41.010018,7.676154,2022-02-23
,c0963,45.11817169189453,41.010018,7.676154,2022-02-24
-0.0111628438455655,c0963,40.34698867797851,41.010018,7.676154,2022-02-25
,c0963,74.04682159423828,41.010018,7.676154,2022-02-26
,c0963,50.22000503540039,41.010018,7.676154,2022-02-27
,c0963,39.275901794433594,41.010018,7.676154,2022-02-28
,c0963,29.428543090820312,41.010018,7.676154,2022-03-01
-0.3832730629864861,c0963,26.55909538269043,41.010018,7.676154,2022-03-02
,c0963,48.03841781616211,41.010018,7.676154,2022-03-03
,c0963,49.10235977172851,41.010018,7.676154,2022-03-04
,c0963,63.54679489135742,41.010018,7.676154,2022-03-05
,c0963,45.80171203613281,41.010018,7.676154,2022-03-06
-0.013943648650756,c0963,27.613420486450195,41.010018,7.676154,2022-03-07
,c0963,43.11986541748047,41.010018,7.676154,2022-03-08
,c0963,17.62728500366211,41.010018,7.676154,2022-03-09
,c0963,33.457950592041016,41.010018,7.676154,2022-03-10
,c0963,41.06688690185547,41.010018,7.676154,2022-03-11
0.0147598765215233,c0963,73.46299743652344,41.010018,7.676154,2022-03-12
,c0963,37.229591369628906,41.010018,7.676154,2022-03-13
,c0963,45.121482849121094,41.010018,7.676154,2022-03-14
,c0963,61.56978225708008,41.010018,7.676154,2022-03-15
,c0963,84.39381408691406,41.010018,7.676154,2022-03-16
0.1580775012207382,c0963,79.5483169555664,41.010018,7.676154,2022-03-17
,c0963,89.42655944824219,41.010018,7.676154,2022-03-18
,c0963,69.57847595214844,41.010018,7.676154,2022-03-19
,c0963,61.76091003417969,41.010018,7.676154,2022-03-20
,c0963,33.272804260253906,41.010018,7.676154,2022-03-21
-0.0943751893718453,c0963,21.27136993408203,41.010018,7.676154,2022-03-22
,c0963,0.6679599285125732,41.010018,7.676154,2022-03-23
,c0963,8.737374305725098,41.010018,7.676154,2022-03-24
,c0963,9.664859771728516,41.010018,7.676154,2022-03-25
,c0963,46.95352554321289,41.010018,7.676154,2022-03-26
0.009061778391547,c0963,62.935325622558594,41.010018,7.676154,2022-03-27
,c0963,45.19826889038086,41.010018,7.676154,2022-03-28
,c0963,73.47148895263672,41.010018,7.676154,2022-03-29
,c0963,96.9945297241211,41.010018,7.676154,2022-03-30
,c0963,74.23759460449219,41.010018,7.676154,2022-03-31
-0.0081531437127577,c0963,67.30387878417969,41.010018,7.676154,2022-04-01
,c0963,63.31529998779297,41.010018,7.676154,2022-04-02
,c0963,54.31365966796875,41.010018,7.676154,2022-04-03
,c0963,60.79093933105469,41.010018,7.676154,2022-04-04
,c0963,29.167497634887695,41.010018,7.676154,2022-04-05
-0.0026798752064624,c0963,61.49276351928711,41.010018,7.676154,2022-04-06
,c0963,55.04282760620117,41.010018,7.676154,2022-04-07
,c0963,45.98554229736328,41.010018,7.676154,2022-04-08
,c0963,53.10398864746094,41.010018,7.676154,2022-04-09
,c0963,20.14933967590332,41.010018,7.676154,2022-04-10
-0.028775729567689,c0963,16.669530868530273,41.010018,7.676154,2022-04-11
,c0963,24.87068748474121,41.010018,7.676154,2022-04-12
,c0963,67.56632995605469,41.010018,7.676154,2022-04-13
,c0963,48.224361419677734,41.010018,7.676154,2022-04-14
,c0963,74.38435363769531,41.010018,7.676154,2022-04-15
-0.2269977702813989,c0963,44.69571685791016,41.010018,7.676154,2022-04-16
,c0963,59.00725936889648,41.010018,7.676154,2022-04-17
,c0963,8.84880542755127,41.010018,7.676154,2022-04-18
,c0963,30.24812889099121,41.010018,7.676154,2022-04-19
,c0963,58.16749572753906,41.010018,7.676154,2022-04-20
0.0170769030967836,c0963,75.09227752685547,41.010018,7.676154,2022-04-21
,c0963,61.726219177246094,41.010018,7.676154,2022-04-22
,c0963,46.28765106201172,41.010018,7.676154,2022-04-23
,c0963,60.305702209472656,41.010018,7.676154,2022-04-24
,c0963,33.127017974853516,41.010018,7.676154,2022-04-25
-0.2676414252204053,c0963,25.80458641052246,41.010018,7.676154,2022-04-26
,c0963,32.721595764160156,41.010018,7.676154,2022-04-27
,c0963,39.866207122802734,41.010018,7.676154,2022-04-28
,c0963,58.133750915527344,41.010018,7.676154,2022-04-29
,c0963,35.41486358642578,41.010018,7.676154,2022-04-30
-0.0264562820029609,c0963,45.86735916137695,41.010018,7.676154,2022-05-01
,c0963,49.02729034423828,41.010018,7.676154,2022-05-02
,c0963,59.001853942871094,41.010018,7.676154,2022-05-03
,c0963,40.19111633300781,41.010018,7.676154,2022-05-04
,c0963,85.2090835571289,41.010018,7.676154,2022-05-05
0.0177562578170395,c0963,86.38479614257812,41.010018,7.676154,2022-05-06
,c0963,86.0996322631836,41.010018,7.676154,2022-05-07
,c0963,64.43048095703125,41.010018,7.676154,2022-05-08
,c0963,33.33336639404297,41.010018,7.676154,2022-05-09
,c0963,13.323718070983888,41.010018,7.676154,2022-05-10
-0.106393104966949,c0963,14.742737770080566,41.010018,7.676154,2022-05-11
,c0963,9.566043853759766,41.010018,7.676154,2022-05-12
,c0963,17.411441802978516,41.010018,7.676154,2022-05-13
,c0963,15.363865852355955,41.010018,7.676154,2022-05-14
,c0963,24.81821632385254,41.010018,7.676154,2022-05-15
-0.0679704007856986,c0963,27.490291595458984,41.010018,7.676154,2022-05-16
,c0963,31.771270751953125,41.010018,7.676154,2022-05-17
,c0963,13.783679008483888,41.010018,7.676154,2022-05-18
,c0963,13.636049270629885,41.010018,7.676154,2022-05-19
,c0963,16.032052993774414,41.010018,7.676154,2022-05-20
-0.0693891666500884,c0963,15.560891151428224,41.010018,7.676154,2022-05-21
,c0963,15.970165252685549,41.010018,7.676154,2022-05-22
,c0963,26.771991729736328,41.010018,7.676154,2022-05-23
,c0963,32.832889556884766,41.010018,7.676154,2022-05-24
,c0963,58.301082611083984,41.010018,7.676154,2022-05-25
0.0165086980059962,c0963,59.402225494384766,41.010018,7.676154,2022-05-26
,c0963,60.37832260131836,41.010018,7.676154,2022-05-27
,c0963,44.25771713256836,41.010018,7.676154,2022-05-28
,c0963,37.09976577758789,41.010018,7.676154,2022-05-29
,c0963,46.45763397216797,41.010018,7.676154,2022-05-30
-0.0441018360502579,c0963,38.133888244628906,41.010018,7.676154,2022-05-31
,c0963,15.22652816772461,41.010018,7.676154,2022-06-01
,c0963,34.867156982421875,41.010018,7.676154,2022-06-02
,c0963,45.6834602355957,41.010018,7.676154,2022-06-03
,c0963,27.423967361450195,41.010018,7.676154,2022-06-04
-0.0268325332387843,c0963,51.733367919921875,41.010018,7.676154,2022-06-05
,c0963,27.73175621032715,41.010018,7.676154,2022-06-06
,c0963,33.55596923828125,41.010018,7.676154,2022-06-07
,c0963,58.70082092285156,41.010018,7.676154,2022-06-08
,c0963,86.10350036621094,41.010018,7.676154,2022-06-09
-0.0138281360624686,c0963,14.873751640319824,41.010018,7.676154,2022-06-10
,c0963,16.335214614868164,41.010018,7.676154,2022-06-11
,c0963,5.013134002685547,41.010018,7.676154,2022-06-12
,c0963,14.666913032531738,41.010018,7.676154,2022-06-13
,c0963,10.50702667236328,41.010018,7.676154,2022-06-14
-0.0379463929080349,c0963,35.34638595581055,41.010018,7.676154,2022-06-15
,c0963,21.380306243896484,41.010018,7.676154,2022-06-16
,c0963,31.088449478149418,41.010018,7.676154,2022-06-17
,c0963,17.676124572753906,41.010018,7.676154,2022-06-18
,c0963,7.625688076019287,41.010018,7.676154,2022-06-19
-0.0229715930571889,c0963,8.285311698913574,41.010018,7.676154,2022-06-20
,c0963,13.97085666656494,41.010018,7.676154,2022-06-21
,c0963,71.37875366210938,41.010018,7.676154,2022-06-22
,c0963,47.1720085144043,41.010018,7.676154,2022-06-23
,c0963,35.86227798461914,41.010018,7.676154,2022-06-24
0.0858278972261092,c0963,20.53834342956543,41.010018,7.676154,2022-06-25
,c0963,12.34791374206543,41.010018,7.676154,2022-06-26
,c0963,24.370512008666992,41.010018,7.676154,2022-06-27
,c0963,42.48028564453125,41.010018,7.676154,2022-06-28
,c0963,22.68519401550293,41.010018,7.676154,2022-06-29
-0.0146637139170814,c0963,20.81968688964844,41.010018,7.676154,2022-06-30
,c0963,18.830564498901367,41.010018,7.676154,2022-07-01
,c0963,8.926188468933105,41.010018,7.676154,2022-07-02
,c0963,13.804829597473145,41.010018,7.676154,2022-07-03
,c0963,13.016522407531738,41.010018,7.676154,2022-07-04
-0.0205543584738145,c0963,12.64620876312256,41.010018,7.676154,2022-07-05
,c0963,7.609029769897461,41.010018,7.676154,2022-07-06
,c0963,35.00491714477539,41.010018,7.676154,2022-07-07
,c0963,35.09270095825195,41.010018,7.676154,2022-07-08
,c0963,14.464973449707031,41.010018,7.676154,2022-07-09
-0.2468886077404022,c0963,11.921481132507324,41.010018,7.676154,2022-07-10
,c0963,18.825456619262695,41.010018,7.676154,2022-07-11
,c0963,17.81700325012207,41.010018,7.676154,2022-07-12
,c0963,6.694981098175049,41.010018,7.676154,2022-07-13
,c0963,16.12444496154785,41.010018,7.676154,2022-07-14
-0.0797816216616946,c0963,7.266695976257324,41.010018,7.676154,2022-07-15
,c0963,6.021890640258789,41.010018,7.676154,2022-07-16
,c0963,3.5173637866973877,41.010018,7.676154,2022-07-17
,c0963,8.62197208404541,41.010018,7.676154,2022-07-18
,c0963,1.3721935749053955,41.010018,7.676154,2022-07-19
-0.2312584570006412,c0963,4.7897233963012695,41.010018,7.676154,2022-07-20
,c0963,5.02830171585083,41.010018,7.676154,2022-07-21
,c0963,1.9448784589767456,41.010018,7.676154,2022-07-22
,c0963,18.593515396118164,41.010018,7.676154,2022-07-23
,c0963,5.453188896179199,41.010018,7.676154,2022-07-24
-0.1654660675236407,c0963,4.386943817138672,41.010018,7.676154,2022-07-25
,c0963,20.67603302001953,41.010018,7.676154,2022-07-26
,c0963,30.978172302246097,41.010018,7.676154,2022-07-27
,c0963,22.82554054260254,41.010018,7.676154,2022-07-28
,c0963,9.720544815063477,41.010018,7.676154,2022-07-29
-0.0448885675519704,c0963,8.292047500610352,41.010018,7.676154,2022-07-30
,c0963,15.226736068725586,41.010018,7.676154,2022-07-31
,c0963,6.933080196380615,41.010018,7.676154,2022-08-01
,c0963,12.79701805114746,41.010018,7.676154,2022-08-02
,c0963,3.4715559482574463,41.010018,7.676154,2022-08-03
-0.2815240895046907,c0963,4.234902381896973,41.010018,7.676154,2022-08-04
,c0963,7.016095161437988,41.010018,7.676154,2022-08-05
,c0963,17.67258644104004,41.010018,7.676154,2022-08-06
,c0963,16.817546844482422,41.010018,7.676154,2022-08-07
,c0963,23.12799835205078,41.010018,7.676154,2022-08-08
-0.0378801275373381,c0963,6.302191734313965,41.010018,7.676154,2022-08-09
,c0963,32.39991760253906,41.010018,7.676154,2022-08-10
,c0963,20.36595344543457,41.010018,7.676154,2022-08-11
,c0963,50.6989860534668,41.010018,7.676154,2022-08-12
,c0963,42.33781051635742,41.010018,7.676154,2022-08-13
-0.0266869453658514,c0963,35.42979431152344,41.010018,7.676154,2022-08-14
,c0963,20.12218856811523,41.010018,7.676154,2022-08-15
,c0963,23.55630874633789,41.010018,7.676154,2022-08-16
,c0963,30.80217742919922,41.010018,7.676154,2022-08-17
,c0963,49.169559478759766,41.010018,7.676154,2022-08-18
-0.049804140967043,c0963,43.593021392822266,41.010018,7.676154,2022-08-19
,c0963,37.95437240600586,41.010018,7.676154,2022-08-20
,c0963,28.3489990234375,41.010018,7.676154,2022-08-21
,c0963,33.226261138916016,41.010018,7.676154,2022-08-22
,c0963,33.00382995605469,41.010018,7.676154,2022-08-23
-0.2251800837323946,c0963,11.866497993469238,41.010018,7.676154,2022-08-24
,c0963,34.856422424316406,41.010018,7.676154,2022-08-25
,c0963,14.450121879577637,41.010018,7.676154,2022-08-26
,c0963,19.416553497314453,41.010018,7.676154,2022-08-27
,c0963,39.99763488769531,41.010018,7.676154,2022-08-28
-0.2070258424781701,c0963,13.346303939819336,41.010018,7.676154,2022-08-29
,c0963,16.891986846923828,41.010018,7.676154,2022-08-30
,c0963,79.17028045654297,41.010018,7.676154,2022-08-31
,c0963,56.24233627319336,41.010018,7.676154,2022-09-01
,c0963,32.260154724121094,41.010018,7.676154,2022-09-02
-0.0552788905984283,c0963,46.99991989135742,41.010018,7.676154,2022-09-03
,c0963,49.491424560546875,41.010018,7.676154,2022-09-04
,c0963,31.899572372436523,41.010018,7.676154,2022-09-05
,c0963,20.67982292175293,41.010018,7.676154,2022-09-06
,c0963,23.57297706604004,41.010018,7.676154,2022-09-07
-0.0089562825927072,c0963,25.266849517822266,41.010018,7.676154,2022-09-08
,c0963,37.76036071777344,41.010018,7.676154,2022-09-09
,c0963,20.27271842956543,41.010018,7.676154,2022-09-10
,c0963,19.57237434387207,41.010018,7.676154,2022-09-11
,c0963,6.2564897537231445,41.010018,7.676154,2022-09-12
-0.0263194565989953,c0963,34.56156921386719,41.010018,7.676154,2022-09-13
,c0963,42.01436996459961,41.010018,7.676154,2022-09-14
,c0963,65.91852569580078,41.010018,7.676154,2022-09-15
,c0963,51.327110290527344,41.010018,7.676154,2022-09-16
,c0963,47.44350051879883,41.010018,7.676154,2022-09-17
-0.0172409947879393,c0963,26.60918235778809,41.010018,7.676154,2022-09-18
,c0963,31.91166877746582,41.010018,7.676154,2022-09-19
,c0963,24.331146240234375,41.010018,7.676154,2022-09-20
,c0963,37.4033317565918,41.010018,7.676154,2022-09-21
,c0963,50.05211639404297,41.010018,7.676154,2022-09-22
-0.1201325400294188,c0963,29.006404876708984,41.010018,7.676154,2022-09-23
,c0963,48.482887268066406,41.010018,7.676154,2022-09-24
,c0963,89.3849105834961,41.010018,7.676154,2022-09-25
,c0963,73.48466491699219,41.010018,7.676154,2022-09-26
,c0963,43.93608856201172,41.010018,7.676154,2022-09-27
-0.0105070382082725,c0963,46.19818115234375,41.010018,7.676154,2022-09-28
,c0963,58.243438720703125,41.010018,7.676154,2022-09-29
,c0963,70.62700653076172,41.010018,7.676154,2022-09-30
,c0963,56.80329895019531,41.010018,7.676154,2022-10-01
,c0963,36.18986129760742,41.010018,7.676154,2022-10-02
-0.0048669028099325,c0963,46.73994064331055,41.010018,7.676154,2022-10-03
,c0963,19.40436553955078,41.010018,7.676154,2022-10-04
,c0963,14.592781066894531,41.010018,7.676154,2022-10-05
,c0963,49.66740036010742,41.010018,7.676154,2022-10-06
,c0963,38.62070846557617,41.010018,7.676154,2022-10-07
-0.0186768257168724,c0963,37.34812927246094,41.010018,7.676154,2022-10-08
,c0963,53.15302276611328,41.010018,7.676154,2022-10-09
,c0963,43.94504928588867,41.010018,7.676154,2022-10-10
,c0963,57.31427001953125,41.010018,7.676154,2022-10-11
,c0963,72.63714599609375,41.010018,7.676154,2022-10-12
-0.0808204685228274,c0963,49.365943908691406,41.010018,7.676154,2022-10-13
,c0963,44.51621627807617,41.010018,7.676154,2022-10-14
,c0963,22.47047996520996,41.010018,7.676154,2022-10-15
,c0963,12.898032188415527,41.010018,7.676154,2022-10-16
,c0963,10.549314498901367,41.010018,7.676154,2022-10-17
0.0006759733071222,c0963,6.193899154663086,41.010018,7.676154,2022-10-18
,c0963,15.496621131896973,41.010018,7.676154,2022-10-19
,c0963,24.093534469604492,41.010018,7.676154,2022-10-20
,c0963,61.011348724365234,41.010018,7.676154,2022-10-21
,c0963,55.49615478515625,41.010018,7.676154,2022-10-22
-0.0041577748447547,c0963,46.07029342651367,41.010018,7.676154,2022-10-23
,c0963,38.662147521972656,41.010018,7.676154,2022-10-24
,c0963,32.79486083984375,41.010018,7.676154,2022-10-25
,c0963,28.0955810546875,41.010018,7.676154,2022-10-26
,c0963,27.915197372436523,41.010018,7.676154,2022-10-27
-0.0414470036431927,c0963,26.15526580810547,41.010018,7.676154,2022-10-28
,c0963,27.535400390625,41.010018,7.676154,2022-10-29
,c0963,9.939324378967283,41.010018,7.676154,2022-10-30
,c0963,24.3430233001709,41.010018,7.676154,2022-10-31
,c0963,22.77047538757324,41.010018,7.676154,2022-11-01
-0.1188778332160676,c0963,29.808393478393555,41.010018,7.676154,2022-11-02
,c0963,19.650819778442383,41.010018,7.676154,2022-11-03
,c0963,72.826171875,41.010018,7.676154,2022-11-04
,c0963,69.38642883300781,41.010018,7.676154,2022-11-05
,c0963,24.15407371520996,41.010018,7.676154,2022-11-06
,c0963,12.475350379943848,41.010018,7.676154,2022-11-07
,c0963,11.8790283203125,41.010018,7.676154,2022-11-08
,c0963,67.37035369873047,41.010018,7.676154,2022-11-09
,c0963,32.351051330566406,41.010018,7.676154,2022-11-10
,c0963,43.993167877197266,41.010018,7.676154,2022-11-11
-0.0551068990874816,c0963,68.07655334472656,41.010018,7.676154,2022-11-12
,c0963,61.91157913208008,41.010018,7.676154,2022-11-13
,c0963,35.36149215698242,41.010018,7.676154,2022-11-14
,c0963,78.80713653564453,41.010018,7.676154,2022-11-15
,c0963,65.66708374023438,41.010018,7.676154,2022-11-16
-0.5383056545410964,c0963,36.076751708984375,41.010018,7.676154,2022-11-17
,c0963,63.73614883422851,41.010018,7.676154,2022-11-18
,c0963,75.0255126953125,41.010018,7.676154,2022-11-19
,c0963,63.44428634643555,41.010018,7.676154,2022-11-20
,c0963,33.76896667480469,41.010018,7.676154,2022-11-21
-0.0450552966555251,c0963,67.20418548583984,41.010018,7.676154,2022-11-22
,c0963,69.6915054321289,41.010018,7.676154,2022-11-23
,c0963,26.851287841796875,41.010018,7.676154,2022-11-24
,c0963,43.161590576171875,41.010018,7.676154,2022-11-25
,c0963,78.84341430664062,41.010018,7.676154,2022-11-26
-0.0518920351093744,c0963,52.56513214111328,41.010018,7.676154,2022-11-27
,c0963,48.82605743408203,41.010018,7.676154,2022-11-28
,c0963,77.91674041748047,41.010018,7.676154,2022-11-29
,c0963,69.92387390136719,41.010018,7.676154,2022-11-30
,c0963,50.33855056762695,41.010018,7.676154,2022-12-01
-0.0662679788670228,c0963,66.10054016113281,41.010018,7.676154,2022-12-02
,c0963,86.94733428955078,41.010018,7.676154,2022-12-03
,c0963,45.86626052856445,41.010018,7.676154,2022-12-04
,c0963,35.020416259765625,41.010018,7.676154,2022-12-05
,c0963,58.462135314941406,41.010018,7.676154,2022-12-06
-0.3522237143095801,c0963,29.32369804382324,41.010018,7.676154,2022-12-07
,c0963,49.36538314819336,41.010018,7.676154,2022-12-08
,c0963,98.50477600097656,41.010018,7.676154,2022-12-09
,c0963,83.19806671142578,41.010018,7.676154,2022-12-10
,c0963,68.86781311035156,41.010018,7.676154,2022-12-11
,c0963,80.81065368652344,41.010018,7.676154,2022-12-12
,c0963,76.2381362915039,41.010018,7.676154,2022-12-13
,c0963,59.78187942504883,41.010018,7.676154,2022-12-14
,c0963,78.74401092529297,41.010018,7.676154,2022-12-15
,c0963,78.07279205322266,41.010018,7.676154,2022-12-16
-0.1043615636840353,c0963,25.985111236572266,41.010018,7.676154,2022-12-17
,c0963,38.68855667114258,41.010018,7.676154,2022-12-18
,c0963,58.26432037353515,41.010018,7.676154,2022-12-19
,c0963,51.779449462890625,41.010018,7.676154,2022-12-20
,c0963,48.370487213134766,41.010018,7.676154,2022-12-21
-0.2259548601858756,c0963,54.09931945800781,41.010018,7.676154,2022-12-22
,c0963,50.329830169677734,41.010018,7.676154,2022-12-23
,c0963,72.52537536621094,41.010018,7.676154,2022-12-24
,c0963,23.58964157104492,41.010018,7.676154,2022-12-25
,c0963,49.36605072021485,41.010018,7.676154,2022-12-26
-0.2842276169534992,c0963,24.670610427856445,41.010018,7.676154,2022-12-27
,c0963,31.31015968322754,41.010018,7.676154,2022-12-28
,c0963,65.31497192382812,41.010018,7.676154,2022-12-29
,c0963,62.216609954833984,41.010018,7.676154,2022-12-30
,c0963,53.73676300048828,41.010018,7.676154,2022-12-31
-0.440422589188743,c0963,41.064449310302734,41.010018,7.676154,2023-01-01
,c0963,50.1080436706543,41.010018,7.676154,2023-01-02
,c0963,64.71986389160156,41.010018,7.676154,2023-01-03
,c0963,37.1186408996582,41.010018,7.676154,2023-01-04
,c0963,45.60549545288086,41.010018,7.676154,2023-01-05
-0.0733421126462738,c0963,37.76799392700195,41.010018,7.676154,2023-01-06
,c0963,28.543933868408203,41.010018,7.676154,2023-01-07
,c0963,54.804195404052734,41.010018,7.676154,2023-01-08
,c0963,76.93732452392578,41.010018,7.676154,2023-01-09
,c0963,47.3415641784668,41.010018,7.676154,2023-01-10
-0.287192490280551,c0963,57.22071838378906,41.010018,7.676154,2023-01-11
,c0963,68.9763412475586,41.010018,7.676154,2023-01-12
,c0963,74.3663101196289,41.010018,7.676154,2023-01-13
,c0963,55.88382339477539,41.010018,7.676154,2023-01-14
,c0963,78.52840423583984,41.010018,7.676154,2023-01-15
0.0155186246998388,c0963,73.27186584472656,41.010018,7.676154,2023-01-16
,c0963,82.00382232666016,41.010018,7.676154,2023-01-17
,c0963,70.59912872314453,41.010018,7.676154,2023-01-18
,c0963,64.7921371459961,41.010018,7.676154,2023-01-19
,c0963,77.11277770996094,41.010018,7.676154,2023-01-20
-0.1385305117445943,c0963,60.0894660949707,41.010018,7.676154,2023-01-21
,c0963,93.29290008544922,41.010018,7.676154,2023-01-22
,c0963,69.49974822998047,41.010018,7.676154,2023-01-23
,c0963,59.922515869140625,41.010018,7.676154,2023-01-24
,c0963,77.47126007080078,41.010018,7.676154,2023-01-25
-0.0187895631472415,c0963,66.12293243408203,41.010018,7.676154,2023-01-26
,c0963,81.16947174072266,41.010018,7.676154,2023-01-27
,c0963,55.61882400512695,41.010018,7.676154,2023-01-28
,c0963,51.43461608886719,41.010018,7.676154,2023-01-29
,c0963,41.48854446411133,41.010018,7.676154,2023-01-30
0.0105984041248174,c0963,35.12192153930664,41.010018,7.676154,2023-01-31
,c0963,35.97308349609375,41.010018,7.676154,2023-02-01
,c0963,49.51083755493164,41.010018,7.676154,2023-02-02
,c0963,24.197978973388672,41.010018,7.676154,2023-02-03
,c0963,28.224693298339844,41.010018,7.676154,2023-02-04
-0.3647058823529412,c0963,38.87031173706055,41.010018,7.676154,2023-02-05
,c0963,64.30656433105469,41.010018,7.676154,2023-02-06
,c0963,39.46075820922851,41.010018,7.676154,2023-02-07
,c0963,55.908180236816406,41.010018,7.676154,2023-02-08
,c0963,61.08147811889648,41.010018,7.676154,2023-02-09
-0.2046039814458174,c0963,32.29343032836914,41.010018,7.676154,2023-02-10
,c0963,29.859954833984375,41.010018,7.676154,2023-02-11
,c0963,17.199708938598633,41.010018,7.676154,2023-02-12
,c0963,18.401899337768555,41.010018,7.676154,2023-02-13
,c0963,4.416683197021484,41.010018,7.676154,2023-02-14
-0.797689284033635,c0963,12.972360610961914,41.010018,7.676154,2023-02-15
,c0963,26.4539737701416,41.010018,7.676154,2023-02-16
,c0963,51.554325103759766,41.010018,7.676154,2023-02-17
,c0963,43.43410873413086,41.010018,7.676154,2023-02-18
,c0963,40.3110237121582,41.010018,7.676154,2023-02-19
0.0185776629430406,c0963,27.158926010131836,41.010018,7.676154,2023-02-20
,c0963,14.22673797607422,41.010018,7.676154,2023-02-21
,c0963,43.37460708618164,41.010018,7.676154,2023-02-22
,c0963,55.17823028564453,41.010018,7.676154,2023-02-23
,c0963,67.73932647705078,41.010018,7.676154,2023-02-24
0.0203644545694046,c0963,88.00099182128906,41.010018,7.676154,2023-02-25
,c0963,92.9947509765625,41.010018,7.676154,2023-02-26
,c0963,56.40372848510742,41.010018,7.676154,2023-02-27
,c0963,65.0203628540039,41.010018,7.676154,2023-02-28
,c0963,62.53279876708984,41.010018,7.676154,2023-03-01
0.0116704039412605,c0963,48.82107162475586,41.010018,7.676154,2023-03-02
,c0963,80.19076538085938,41.010018,7.676154,2023-03-03
,c0963,60.06594467163086,41.010018,7.676154,2023-03-04
,c0963,34.74755859375,41.010018,7.676154,2023-03-05
,c0963,81.41822814941406,41.010018,7.676154,2023-03-06
-0.2091278980869581,c0963,34.98637390136719,41.010018,7.676154,2023-03-07
,c0963,61.46663284301758,41.010018,7.676154,2023-03-08
,c0963,65.2919692993164,41.010018,7.676154,2023-03-09
,c0963,73.53563690185547,41.010018,7.676154,2023-03-10
,c0963,66.88081359863281,41.010018,7.676154,2023-03-11
-0.0102187100462341,c0963,26.467937469482425,41.010018,7.676154,2023-03-12
,c0963,19.276132583618164,41.010018,7.676154,2023-03-13
,c0963,59.9267463684082,41.010018,7.676154,2023-03-14
,c0963,61.72649765014648,41.010018,7.676154,2023-03-15
,c0963,25.95884704589844,41.010018,7.676154,2023-03-16
-0.142682343918611,c0963,30.424362182617188,41.010018,7.676154,2023-03-17
,c0963,11.532129287719728,41.010018,7.676154,2023-03-18
,c0963,90.25900268554688,41.010018,7.676154,2023-03-19
,c0963,70.1651611328125,41.010018,7.676154,2023-03-20
,c0963,22.141830444335938,41.010018,7.676154,2023-03-21
0.0011323622318313,c0963,31.94947052001953,41.010018,7.676154,2023-03-22
,c0963,31.190786361694336,41.010018,7.676154,2023-03-23
,c0963,45.6745719909668,41.010018,7.676154,2023-03-24
,c0963,56.384063720703125,41.010018,7.676154,2023-03-25
,c0963,49.50163269042969,41.010018,7.676154,2023-03-26
-0.0278929422883426,c0963,19.399572372436523,41.010018,7.676154,2023-03-27
,c0963,25.49648666381836,41.010018,7.676154,2023-03-28
,c0963,48.02802658081055,41.010018,7.676154,2023-03-29
,c0963,52.55217361450195,41.010018,7.676154,2023-03-30
,c0963,84.41263580322266,41.010018,7.676154,2023-03-31
0.0050922225558144,c0963,61.4526252746582,41.010018,7.676154,2023-04-01
,c0963,66.418212890625,41.010018,7.676154,2023-04-02
,c0963,34.53239822387695,41.010018,7.676154,2023-04-03
,c0963,51.31797409057617,41.010018,7.676154,2023-04-04
,c0963,50.86722183227539,41.010018,7.676154,2023-04-05
-0.0477902680635452,c0963,25.07965087890625,41.010018,7.676154,2023-04-06
,c0963,45.78349304199219,41.010018,7.676154,2023-04-07
,c0963,45.62339782714844,41.010018,7.676154,2023-04-08
,c0963,48.905025482177734,41.010018,7.676154,2023-04-09
,c0963,21.64749336242676,41.010018,7.676154,2023-04-10
0.006759640877135,c0963,68.79911804199219,41.010018,7.676154,2023-04-11
,c0963,30.196687698364254,41.010018,7.676154,2023-04-12
,c0963,92.62057495117188,41.010018,7.676154,2023-04-13
,c0963,68.10057067871094,41.010018,7.676154,2023-04-14
,c0963,67.45973205566406,41.010018,7.676154,2023-04-15
-0.0082555586910423,c0963,29.7447566986084,41.010018,7.676154,2023-04-16
,c0963,72.79879760742188,41.010018,7.676154,2023-04-17
,c0963,50.98358917236328,41.010018,7.676154,2023-04-18
,c0963,32.273681640625,41.010018,7.676154,2023-04-19
,c0963,53.12395095825195,41.010018,7.676154,2023-04-20
-0.0134928611600223,c0963,54.60647964477539,41.010018,7.676154,2023-04-21
,c0963,19.065834045410156,41.010018,7.676154,2023-04-22
,c0963,51.99309158325195,41.010018,7.676154,2023-04-23
,c0963,50.7727165222168,41.010018,7.676154,2023-04-24
,c0963,78.67311096191406,41.010018,7.676154,2023-04-25
-0.0103213013173765,c0963,19.561668395996097,41.010018,7.676154,2023-04-26
,c0963,24.789472579956055,41.010018,7.676154,2023-04-27
,c0963,47.21953582763672,41.010018,7.676154,2023-04-28
,c0963,48.9584846496582,41.010018,7.676154,2023-04-29
,c0963,84.3949203491211,41.010018,7.676154,2023-04-30
-0.0050735951894346,c0963,79.72563171386719,41.010018,7.676154,2023-05-01
,c0963,81.26506042480469,41.010018,7.676154,2023-05-02
,c0963,47.44864654541016,41.010018,7.676154,2023-05-03
,c0963,36.45599365234375,41.010018,7.676154,2023-05-04
,c0963,36.01423645019531,41.010018,7.676154,2023-05-05
-0.146232381287743,c0963,30.15359878540039,41.010018,7.676154,2023-05-06
,c0963,39.05479049682617,41.010018,7.676154,2023-05-07
,c0963,96.62654876708984,41.010018,7.676154,2023-05-08
,c0963,93.27833557128906,41.010018,7.676154,2023-05-09
,c0963,83.79798889160156,41.010018,7.676154,2023-05-10
-0.022197764246341,c0963,35.63132858276367,41.010018,7.676154,2023-05-11
,c0963,62.48347473144531,41.010018,7.676154,2023-05-12
,c0963,87.6794662475586,41.010018,7.676154,2023-05-13
,c0963,84.51392364501953,41.010018,7.676154,2023-05-14
,c0963,90.99188995361328,41.010018,7.676154,2023-05-15
-0.0053231598960016,c0963,50.22775650024414,41.010018,7.676154,2023-05-16
,c0963,66.26093292236328,41.010018,7.676154,2023-05-17
,c0963,83.40274047851562,41.010018,7.676154,2023-05-18
,c0963,72.43679809570312,41.010018,7.676154,2023-05-19
,c0963,95.2381820678711,41.010018,7.676154,2023-05-20
0.0048974298598135,c0963,80.51800537109375,41.010018,7.676154,2023-05-21
,c0963,28.54298973083496,41.010018,7.676154,2023-05-22
,c0963,25.6821231842041,41.010018,7.676154,2023-05-23
,c0963,28.620405197143555,41.010018,7.676154,2023-05-24
,c0963,32.92148208618164,41.010018,7.676154,2023-05-25
-0.0181735020322615,c0963,23.97186279296875,41.010018,7.676154,2023-05-26
,c0963,28.71006774902344,41.010018,7.676154,2023-05-27
,c0963,38.29676818847656,41.010018,7.676154,2023-05-28
,c0963,44.61123275756836,41.010018,7.676154,2023-05-29
,c0963,45.6528434753418,41.010018,7.676154,2023-05-30
-0.013651248790762,c0963,56.29156494140625,41.010018,7.676154,2023-05-31
,c0963,35.643558502197266,41.010018,7.676154,2023-06-01
,c0963,37.52725601196289,41.010018,7.676154,2023-06-02
,c0963,35.60997009277344,41.010018,7.676154,2023-06-03
,c0963,83.36424255371094,41.010018,7.676154,2023-06-04
-0.0880068765843615,c0963,54.22532272338867,41.010018,7.676154,2023-06-05
,c0963,87.82455444335938,41.010018,7.676154,2023-06-06
,c0963,42.1202392578125,41.010018,7.676154,2023-06-07
,c0963,42.61257553100586,41.010018,7.676154,2023-06-08
,c0963,62.96643829345703,41.010018,7.676154,2023-06-09
-0.0183483446167562,c0963,58.64754104614258,41.010018,7.676154,2023-06-10
,c0963,48.90879440307617,41.010018,7.676154,2023-06-11
,c0963,20.4166316986084,41.010018,7.676154,2023-06-12
,c0963,58.90316390991211,41.010018,7.676154,2023-06-13
,c0963,83.9459457397461,41.010018,7.676154,2023-06-14
-0.0113135043298825,c0963,36.87641143798828,41.010018,7.676154,2023-06-15
,c0963,38.97041320800781,41.010018,7.676154,2023-06-16
,c0963,11.569419860839844,41.010018,7.676154,2023-06-17
,c0963,22.492172241210938,41.010018,7.676154,2023-06-18
,c0963,42.60908126831055,41.010018,7.676154,2023-06-19
0.0355614299940712,c0963,34.82884979248047,41.010018,7.676154,2023-06-20
,c0963,22.63228988647461,41.010018,7.676154,2023-06-21
,c0963,35.80530548095703,41.010018,7.676154,2023-06-22
,c0963,18.42045211791992,41.010018,7.676154,2023-06-23
,c0963,29.847978591918945,41.010018,7.676154,2023-06-24
-0.2579913050429347,c0963,11.9445219039917,41.010018,7.676154,2023-06-25
,c0963,12.511756896972656,41.010018,7.676154,2023-06-26
,c0963,26.11724281311035,41.010018,7.676154,2023-06-27
,c0963,28.6727352142334,41.010018,7.676154,2023-06-28
,c0963,7.531004428863525,41.010018,7.676154,2023-06-29
0.0040817259263028,c0963,43.51118850708008,41.010018,7.676154,2023-06-30
,c0963,58.656620025634766,41.010018,7.676154,2023-07-01
,c0963,24.01578140258789,41.010018,7.676154,2023-07-02
,c0963,20.933134078979492,41.010018,7.676154,2023-07-03
,c0963,32.32969665527344,41.010018,7.676154,2023-07-04
-0.0179536238929037,c0963,16.692813873291016,41.010018,7.676154,2023-07-05
,c0963,22.424978256225582,41.010018,7.676154,2023-07-06
,c0963,20.29325294494629,41.010018,7.676154,2023-07-07
,c0963,15.528346061706545,41.010018,7.676154,2023-07-08
,c0963,6.487458229064941,41.010018,7.676154,2023-07-09
-0.0343767937875407,c0963,8.639447212219238,41.010018,7.676154,2023-07-10
,c0963,3.5585896968841553,41.010018,7.676154,2023-07-11
,c0963,25.1380558013916,41.010018,7.676154,2023-07-12
,c0963,15.64434051513672,41.010018,7.676154,2023-07-13
,c0963,15.356504440307615,41.010018,7.676154,2023-07-14
-0.0263993386124425,c0963,4.558725833892822,41.010018,7.676154,2023-07-15
,c0963,6.805942535400391,41.010018,7.676154,2023-07-16
,c0963,7.817525386810303,41.010018,7.676154,2023-07-17
,c0963,14.20191478729248,41.010018,7.676154,2023-07-18
,c0963,17.567398071289062,41.010018,7.676154,2023-07-19
-0.046186867783613,c0963,6.425656318664551,41.010018,7.676154,2023-07-20
,c0963,26.74696350097656,41.010018,7.676154,2023-07-21
,c0963,37.37874221801758,41.010018,7.676154,2023-07-22
,c0963,17.068246841430664,41.010018,7.676154,2023-07-23
,c0963,1.835982084274292,41.010018,7.676154,2023-07-24
-0.0329153631430338,c0963,23.783239364624023,41.010018,7.676154,2023-07-25
,c0963,57.63874435424805,41.010018,7.676154,2023-07-26
,c0963,11.701666831970217,41.010018,7.676154,2023-07-27
,c0963,20.76792335510254,41.010018,7.676154,2023-07-28
,c0963,11.5952787399292,41.010018,7.676154,2023-07-29
-0.0576732163810554,c0963,20.68316078186035,41.010018,7.676154,2023-07-30
,c0963,17.08470344543457,41.010018,7.676154,2023-07-31
,c0963,44.07740020751953,41.010018,7.676154,2023-08-01
,c0963,23.81205368041992,41.010018,7.676154,2023-08-02
,c0963,24.75657081604004,41.010018,7.676154,2023-08-03
-0.0030183413805549,c0963,59.761566162109375,41.010018,7.676154,2023-08-04
,c0963,56.01861953735352,41.010018,7.676154,2023-08-05
,c0963,21.262571334838867,41.010018,7.676154,2023-08-06
,c0963,19.915868759155273,41.010018,7.676154,2023-08-07
,c0963,13.83468532562256,41.010018,7.676154,2023-08-08
-0.0443293896668097,c0963,36.19744110107422,41.010018,7.676154,2023-08-09
,c0963,16.576120376586914,41.010018,7.676154,2023-08-10
,c0963,2.9443042278289795,41.010018,7.676154,2023-08-11
,c0963,16.2319278717041,41.010018,7.676154,2023-08-12
,c0963,2.671767473220825,41.010018,7.676154,2023-08-13
-0.2342196837505873,c0963,8.221075057983398,41.010018,7.676154,2023-08-14
,c0963,7.99974250793457,41.010018,7.676154,2023-08-15
,c0963,5.970096111297607,41.010018,7.676154,2023-08-16
,c0963,28.529478073120117,41.010018,7.676154,2023-08-17
,c0963,13.103677749633787,41.010018,7.676154,2023-08-18
-0.1072147879639969,c0963,10.30005931854248,41.010018,7.676154,2023-08-19
,c0963,7.1849470138549805,41.010018,7.676154,2023-08-20
,c0963,2.5421295166015625,41.010018,7.676154,2023-08-21
,c0963,2.124936580657959,41.010018,7.676154,2023-08-22
,c0963,9.52987003326416,41.010018,7.676154,2023-08-23
-0.219440866743817,c0963,5.446027755737305,41.010018,7.676154,2023-08-24
,c0963,16.838729858398438,41.010018,7.676154,2023-08-25
,c0963,6.1328887939453125,41.010018,7.676154,2023-08-26
,c0963,33.72960662841797,41.010018,7.676154,2023-08-27
,c0963,74.11830139160156,41.010018,7.676154,2023-08-28
-0.0610040368731407,c0963,41.54393005371094,41.010018,7.676154,2023-08-29
,c0963,45.8532829284668,41.010018,7.676154,2023-08-30
,c0963,32.52288055419922,41.010018,7.676154,2023-08-31
,c0963,17.868284225463867,41.010018,7.676154,2023-09-01
,c0963,35.18919372558594,41.010018,7.676154,2023-09-02
-0.0353215624085244,c0963,49.0908317565918,41.010018,7.676154,2023-09-03
,c0963,46.030025482177734,41.010018,7.676154,2023-09-04
,c0963,9.759658813476562,41.010018,7.676154,2023-09-05
,c0963,31.86624526977539,41.010018,7.676154,2023-09-06
,c0963,3.465360403060913,41.010018,7.676154,2023-09-07
-0.2113496208892149,c0963,16.30597686767578,41.010018,7.676154,2023-09-08
,c0963,20.956275939941406,41.010018,7.676154,2023-09-09
,c0963,0.3317185938358307,41.010018,7.676154,2023-09-10
,c0963,5.201755523681641,41.010018,7.676154,2023-09-11
,c0963,23.828527450561523,41.010018,7.676154,2023-09-12
0.0125741687322528,c0963,59.876243591308594,41.010018,7.676154,2023-09-13
,c0963,57.36626434326172,41.010018,7.676154,2023-09-14
,c0963,36.26321029663086,41.010018,7.676154,2023-09-15
,c0963,43.656211853027344,41.010018,7.676154,2023-09-16
,c0963,34.33310317993164,41.010018,7.676154,2023-09-17
0.0026045244882184,c0963,70.60054016113281,41.010018,7.676154,2023-09-18
,c0963,49.68047332763672,41.010018,7.676154,2023-09-19
,c0963,88.84156036376953,41.010018,7.676154,2023-09-20
,c0963,70.88062286376953,41.010018,7.676154,2023-09-21
,c0963,60.84516525268555,41.010018,7.676154,2023-09-22
-0.0592632919988211,c0963,27.022308349609375,41.010018,7.676154,2023-09-23
,c0963,47.97257232666016,41.010018,7.676154,2023-09-24
,c0963,20.972143173217773,41.010018,7.676154,2023-09-25
,c0963,29.306886672973633,41.010018,7.676154,2023-09-26
,c0963,5.362718105316162,41.010018,7.676154,2023-09-27
-0.0291797223309164,c0963,30.736957550048828,41.010018,7.676154,2023-09-28
,c0963,5.520193576812744,41.010018,7.676154,2023-09-29
,c0963,19.254579544067383,41.010018,7.676154,2023-09-30
,c0963,7.614391326904297,41.010018,7.676154,2023-10-01
,c0963,1.122062921524048,41.010018,7.676154,2023-10-02
-0.3523674874621279,c0963,13.948166847229004,41.010018,7.676154,2023-10-03
,c0963,24.852697372436523,41.010018,7.676154,2023-10-04
,c0963,43.042972564697266,41.010018,7.676154,2023-10-05
,c0963,30.90715980529785,41.010018,7.676154,2023-10-06
,c0963,15.178712844848633,41.010018,7.676154,2023-10-07
-0.3600259095430373,c0963,7.639487266540527,41.010018,7.676154,2023-10-08
,c0963,17.16199493408203,41.010018,7.676154,2023-10-09
,c0963,15.961034774780272,41.010018,7.676154,2023-10-10
,c0963,2.3962483406066895,41.010018,7.676154,2023-10-11
,c0963,14.710211753845217,41.010018,7.676154,2023-10-12
-0.1558049555210506,c0963,8.790185928344727,41.010018,7.676154,2023-10-13
,c0963,9.56394386291504,41.010018,7.676154,2023-10-14
,c0963,49.17866516113281,41.010018,7.676154,2023-10-15
,c0963,56.91031265258789,41.010018,7.676154,2023-10-16
,c0963,42.2039794921875,41.010018,7.676154,2023-10-17
-0.0650627408012309,c0963,46.23641204833984,41.010018,7.676154,2023-10-18
,c0963,44.98992156982422,41.010018,7.676154,2023-10-19
,c0963,95.35342407226562,41.010018,7.676154,2023-10-20
,c0963,86.88751983642578,41.010018,7.676154,2023-10-21
,c0963,37.244667053222656,41.010018,7.676154,2023-10-22
-0.0088474810164531,c0963,58.79793930053711,41.010018,7.676154,2023-10-23
,c0963,65.1311264038086,41.010018,7.676154,2023-10-24
,c0963,64.30925750732422,41.010018,7.676154,2023-10-25
,c0963,52.402252197265625,41.010018,7.676154,2023-10-26
,c0963,68.18122100830078,41.010018,7.676154,2023-10-27
-0.0604349646306432,c0963,25.423660278320312,41.010018,7.676154,2023-10-28
,c0963,25.81689453125,41.010018,7.676154,2023-10-29
,c0963,86.38851165771484,41.010018,7.676154,2023-10-30
,c0963,68.13528442382812,41.010018,7.676154,2023-10-31
,c0963,100.0,41.010018,7.676154,2023-11-01
,c0963,4.847988128662109,41.010018,7.676154,2023-11-02
,c0963,100.0,41.010018,7.676154,2023-11-03
,c0963,94.89730834960938,41.010018,7.676154,2023-11-04
,c0963,4.829092025756836,41.010018,7.676154,2023-11-05
,c0963,6.199999916134402e-05,41.010018,7.676154,2023-11-07
,c0963,54.045806884765625,41.010018,7.676154,2023-11-08
,c0963,99.89051055908205,41.010018,7.676154,2023-11-09
,c0963,74.46227264404297,41.010018,7.676154,2023-11-10
,c0963,35.122310638427734,41.010018,7.676154,2023-11-11
,c0963,79.2836685180664,41.010018,7.676154,2023-11-12
,c0963,27.146080017089844,41.010018,7.676154,2023-11-13
,c0963,19.967586517333984,41.010018,7.676154,2023-11-14
,c0963,0.0995559990406036,41.010018,7.676154,2023-11-15
,c0963,1.231492042541504,41.010018,7.676154,2023-11-16
,c0963,1.787503004074097,41.010018,7.676154,2023-11-17
,c0963,18.951644897460938,41.010018,7.676154,2023-11-18
,c0963,0.0938199982047081,41.010018,7.676154,2023-11-19
,c0963,18.725032806396484,41.010018,7.676154,2023-11-20
,c0963,13.714593887329102,41.010018,7.676154,2023-11-21
,c0963,85.85822296142578,41.010018,7.676154,2023-11-22
,c0963,81.84027099609375,41.010018,7.676154,2023-11-23
,c0963,92.78336334228516,41.010018,7.676154,2023-11-24
,c0963,74.49805450439453,41.010018,7.676154,2023-11-25
,c0963,15.25402545928955,41.010018,7.676154,2023-11-26
,c0963,18.38524055480957,41.010018,7.676154,2023-11-27
,c0963,1.391461968421936,41.010018,7.676154,2023-11-28
,c0963,1.320927977561951,41.010018,7.676154,2023-11-29
,c0963,9.640680313110352,41.010018,7.676154,2023-11-30
,c0963,99.43731689453124,41.010018,7.676154,2023-12-01
,c0963,99.5426025390625,41.010018,7.676154,2023-12-02
,c0963,92.7175064086914,41.010018,7.676154,2023-12-03
,c0963,99.72420501708984,41.010018,7.676154,2023-12-05
,c0963,100.0,41.010018,7.676154,2023-12-06
,c0963,36.81040954589844,41.010018,7.676154,2023-12-07
,c0963,80.40238189697266,41.010018,7.676154,2023-12-08
,c0963,86.41816711425781,41.010018,7.676154,2023-12-09
,c0963,55.642669677734375,41.010018,7.676154,2023-12-10
,c0963,33.542476654052734,41.010018,7.676154,2023-12-11
,c0963,81.06317138671875,41.010018,7.676154,2023-12-12
,c0963,86.99089813232422,41.010018,7.676154,2023-12-13
,c0963,40.26935577392578,41.010018,7.676154,2023-12-14
,c0963,71.45803833007812,41.010018,7.676154,2023-12-15
,c0963,16.130117416381836,41.010018,7.676154,2023-12-16
,c0963,14.64780616760254,41.010018,7.676154,2023-12-17
,c0963,95.50218963623048,41.010018,7.676154,2023-12-18
,c0963,77.41978454589844,41.010018,7.676154,2023-12-19
,c0963,53.17558670043945,41.010018,7.676154,2023-12-20
,c0963,43.910762786865234,41.010018,7.676154,2023-12-21
,c0963,46.9970703125,41.010018,7.676154,2023-12-22
,c0963,68.59300231933594,41.010018,7.676154,2023-12-23
,c0963,0.1441690027713775,41.010018,7.676154,2023-12-24
,c0963,6.460284233093262,41.010018,7.676154,2023-12-25
,c0963,0.0349289998412132,41.010018,7.676154,2023-12-26
,c0963,73.00885772705078,41.010018,7.676154,2023-12-27
,c0963,41.96453094482422,41.010018,7.676154,2023-12-28
,c0963,22.46613883972168,41.010018,7.676154,2023-12-29
,c0963,87.71310424804688,41.010018,7.676154,2023-12-30
,c0963,100.0,41.010018,7.676154,2023-12-31
0.0128335899043389,c0963,72.72864532470703,41.010018,7.676154,2024-01-01
,c0963,59.72641372680664,41.010018,7.676154,2024-01-02
,c0963,65.14386749267578,41.010018,7.676154,2024-01-03
,c0963,27.60150909423828,41.010018,7.676154,2024-01-04
,c0963,85.59363555908203,41.010018,7.676154,2024-01-05
0.0096391901368085,c0963,89.18777465820312,41.010018,7.676154,2024-01-06
,c0963,80.50646209716797,41.010018,7.676154,2024-01-07
,c0963,83.54431915283203,41.010018,7.676154,2024-01-08
,c0963,58.027740478515625,41.010018,7.676154,2024-01-09
,c0963,82.04436492919922,41.010018,7.676154,2024-01-10
0.0087629144805867,c0963,63.00753402709961,41.010018,7.676154,2024-01-11
,c0963,46.22346115112305,41.010018,7.676154,2024-01-12
,c0963,13.140129089355469,41.010018,7.676154,2024-01-13
,c0963,55.87981414794922,41.010018,7.676154,2024-01-14
,c0963,71.47232818603516,41.010018,7.676154,2024-01-15
-0.1336701879606527,c0963,43.2877311706543,41.010018,7.676154,2024-01-16
,c0963,99.87313079833984,41.010018,7.676154,2024-01-17
,c0963,42.351356506347656,41.010018,7.676154,2024-01-18
,c0963,83.57754516601562,41.010018,7.676154,2024-01-19
,c0963,41.4577751159668,41.010018,7.676154,2024-01-20
-0.2132702444406116,c0963,42.3077392578125,41.010018,7.676154,2024-01-21
,c0963,21.832534790039062,41.010018,7.676154,2024-01-22
,c0963,44.185646057128906,41.010018,7.676154,2024-01-23
,c0963,41.59096145629883,41.010018,7.676154,2024-01-24
,c0963,32.45625305175781,41.010018,7.676154,2024-01-25
-0.2803620669333374,c0963,43.12979888916016,41.010018,7.676154,2024-01-26
,c0963,29.13324737548828,41.010018,7.676154,2024-01-27
,c0963,26.368192672729492,41.010018,7.676154,2024-01-28
,c0963,36.58757019042969,41.010018,7.676154,2024-01-29
,c0963,7.434208869934082,41.010018,7.676154,2024-01-30
0.0203810979502604,c0963,36.229007720947266,41.010018,7.676154,2024-01-31
,c0963,46.1236686706543,41.010018,7.676154,2024-02-01
,c0963,34.29665756225586,41.010018,7.676154,2024-02-02
,c0963,10.21985912322998,41.010018,7.676154,2024-02-03
,c0963,35.66829299926758,41.010018,7.676154,2024-02-04
-0.2065210500184227,c0963,24.520828247070312,41.010018,7.676154,2024-02-05
,c0963,32.31698989868164,41.010018,7.676154,2024-02-06
,c0963,53.370399475097656,41.010018,7.676154,2024-02-07
,c0963,42.74102020263672,41.010018,7.676154,2024-02-08
,c0963,86.361328125,41.010018,7.676154,2024-02-09
0.0066595280796344,c0963,92.92298889160156,41.010018,7.676154,2024-02-10
,c0963,75.23975372314453,41.010018,7.676154,2024-02-11
,c0963,59.25248718261719,41.010018,7.676154,2024-02-12
,c0963,48.13044357299805,41.010018,7.676154,2024-02-13
,c0963,9.405134201049805,41.010018,7.676154,2024-02-14
-0.0405661682899603,c0963,45.33052444458008,41.010018,7.676154,2024-02-15
,c0963,25.449920654296875,41.010018,7.676154,2024-02-16
,c0963,50.357784271240234,41.010018,7.676154,2024-02-17
,c0963,28.178211212158203,41.010018,7.676154,2024-02-18
,c0963,81.5830078125,41.010018,7.676154,2024-02-19
-0.2013039709014051,c0963,49.65888214111328,41.010018,7.676154,2024-02-20
,c0963,39.18612289428711,41.010018,7.676154,2024-02-21
,c0963,60.72064208984375,41.010018,7.676154,2024-02-22
,c0963,66.99315643310547,41.010018,7.676154,2024-02-23
,c0963,80.12822723388672,41.010018,7.676154,2024-02-24
-0.2144788518986281,c0963,45.40016555786133,41.010018,7.676154,2024-02-25
,c0963,59.527130126953125,41.010018,7.676154,2024-02-26
,c0963,89.12879943847656,41.010018,7.676154,2024-02-27
,c0963,70.80450439453125,41.010018,7.676154,2024-02-28
,c0963,67.2997817993164,41.010018,7.676154,2024-02-29
0.0078195436200236,c0963,82.806640625,41.010018,7.676154,2024-03-01
,c0963,50.86982345581055,41.010018,7.676154,2024-03-02
,c0963,72.39424133300781,41.010018,7.676154,2024-03-03
,c0963,73.99333190917969,41.010018,7.676154,2024-03-04
,c0963,52.20718002319336,41.010018,7.676154,2024-03-05
-0.0194350285020739,c0963,37.11583709716797,41.010018,7.676154,2024-03-06
,c0963,55.37323760986328,41.010018,7.676154,2024-03-07
,c0963,77.72306060791016,41.010018,7.676154,2024-03-08
,c0963,80.36405944824219,41.010018,7.676154,2024-03-09
,c0963,98.44220733642578,41.010018,7.676154,2024-03-10
-0.0128383414422654,c0963,56.46291732788086,41.010018,7.676154,2024-03-11
,c0963,71.12112426757812,41.010018,7.676154,2024-03-12
,c0963,33.12544631958008,41.010018,7.676154,2024-03-13
,c0963,23.8255558013916,41.010018,7.676154,2024-03-14
,c0963,49.50664520263672,41.010018,7.676154,2024-03-15
-0.0164466466699891,c0963,41.279640197753906,41.010018,7.676154,2024-03-16
,c0963,24.210512161254883,41.010018,7.676154,2024-03-17
,c0963,61.37697982788086,41.010018,7.676154,2024-03-18
,c0963,34.0440673828125,41.010018,7.676154,2024-03-19
,c0963,12.160662651062012,41.010018,7.676154,2024-03-20
0.0011915203367072,c0963,43.34521484375,41.010018,7.676154,2024-03-21
,c0963,67.0406494140625,41.010018,7.676154,2024-03-22
,c0963,36.09234619140625,41.010018,7.676154,2024-03-23
,c0963,46.80432891845703,41.010018,7.676154,2024-03-24
,c0963,58.03540802001953,41.010018,7.676154,2024-03-25
-0.016498103069299,c0963,79.27355194091797,41.010018,7.676154,2024-03-26
,c0963,86.84747314453125,41.010018,7.676154,2024-03-27
,c0963,66.2045669555664,41.010018,7.676154,2024-03-28
,c0963,67.19426727294922,41.010018,7.676154,2024-03-29
,c0963,33.88180923461914,41.010018,7.676154,2024-03-30
-0.0114020723137347,c0963,76.72168731689453,41.010018,7.676154,2024-03-31
,c0963,52.37189483642578,41.010018,7.676154,2024-04-01
,c0963,36.15540313720703,41.010018,7.676154,2024-04-02
,c0963,48.502872467041016,41.010018,7.676154,2024-04-03
,c0963,9.904879570007324,41.010018,7.676154,2024-04-04
0.0084868154050234,c0963,53.79582977294922,41.010018,7.676154,2024-04-05
,c0963,39.95337677001953,41.010018,7.676154,2024-04-06
,c0963,33.79553985595703,41.010018,7.676154,2024-04-07
,c0963,31.410011291503903,41.010018,7.676154,2024-04-08
,c0963,75.23710632324219,41.010018,7.676154,2024-04-09
0.018399793168475,c0963,72.16336059570312,41.010018,7.676154,2024-04-10
,c0963,76.01762390136719,41.010018,7.676154,2024-04-11
,c0963,46.576866149902344,41.010018,7.676154,2024-04-12
,c0963,16.954463958740234,41.010018,7.676154,2024-04-13
,c0963,21.712583541870117,41.010018,7.676154,2024-04-14
0.6618851632537212,c0963,57.45661163330078,41.010018,7.676154,2024-04-15
,c0963,90.43658447265624,41.010018,7.676154,2024-04-16
,c0963,40.12005233764648,41.010018,7.676154,2024-04-17
,c0963,54.39392852783203,41.010018,7.676154,2024-04-18
,c0963,48.81074142456055,41.010018,7.676154,2024-04-19
-0.015498964335112,c0963,30.877952575683594,41.010018,7.676154,2024-04-20
,c0963,54.02876281738281,41.010018,7.676154,2024-04-21
,c0963,62.65262222290039,41.010018,7.676154,2024-04-22
,c0963,68.37835693359375,41.010018,7.676154,2024-04-23
,c0963,83.92222595214844,41.010018,7.676154,2024-04-24
-0.0190157566301743,c0963,34.38117599487305,41.010018,7.676154,2024-04-25
,c0963,67.9181137084961,41.010018,7.676154,2024-04-26
,c0963,52.20566940307617,41.010018,7.676154,2024-04-27
,c0963,34.55235290527344,41.010018,7.676154,2024-04-28
,c0963,17.206666946411133,41.010018,7.676154,2024-04-29
0.0121095563969848,c0963,64.75236511230469,41.010018,7.676154,2024-04-30
,c0963,68.59451293945312,41.010018,7.676154,2024-05-01
,c0963,60.2281608581543,41.010018,7.676154,2024-05-02
,c0963,42.2907829284668,41.010018,7.676154,2024-05-03
,c0963,40.08975982666016,41.010018,7.676154,2024-05-04
-0.0237884147339226,c0963,28.549819946289062,41.010018,7.676154,2024-05-05
,c0963,62.442039489746094,41.010018,7.676154,2024-05-06
,c0963,77.04191589355469,41.010018,7.676154,2024-05-07
,c0963,72.12764739990234,41.010018,7.676154,2024-05-08
,c0963,77.12519836425781,41.010018,7.676154,2024-05-09
-0.0294888762099777,c0963,14.55931282043457,41.010018,7.676154,2024-05-10
,c0963,15.89925479888916,41.010018,7.676154,2024-05-11
,c0963,8.364952087402344,41.010018,7.676154,2024-05-12
,c0963,45.23155975341797,41.010018,7.676154,2024-05-13
,c0963,45.48686599731445,41.010018,7.676154,2024-05-14
-0.0055231733946129,c0963,69.26771545410156,41.010018,7.676154,2024-05-15
,c0963,49.71357345581055,41.010018,7.676154,2024-05-16
,c0963,37.1864128112793,41.010018,7.676154,2024-05-17
,c0963,54.43228912353515,41.010018,7.676154,2024-05-18
,c0963,80.17467498779297,41.010018,7.676154,2024-05-19
0.0185988573795732,c0963,71.66901397705078,41.010018,7.676154,2024-05-20
,c0963,55.436092376708984,41.010018,7.676154,2024-05-21
,c0963,40.97737121582031,41.010018,7.676154,2024-05-22
,c0963,39.459930419921875,41.010018,7.676154,2024-05-23
,c0963,40.67219161987305,41.010018,7.676154,2024-05-24
-0.0190673325724406,c0963,44.23427200317383,41.010018,7.676154,2024-05-25
,c0963,48.00128173828125,41.010018,7.676154,2024-05-26
,c0963,39.444915771484375,41.010018,7.676154,2024-05-27
,c0963,38.36103057861328,41.010018,7.676154,2024-05-28
,c0963,68.94271850585938,41.010018,7.676154,2024-05-29
0.0048727089450146,c0963,55.59933090209961,41.010018,7.676154,2024-05-30
,c0963,59.29610824584961,41.010018,7.676154,2024-05-31
,c0963,42.65821075439453,41.010018,7.676154,2024-06-01
,c0963,58.07120132446289,41.010018,7.676154,2024-06-02
,c0963,53.61231231689453,41.010018,7.676154,2024-06-03
-0.0149937656899804,c0963,52.88116836547851,41.010018,7.676154,2024-06-04
,c0963,35.466129302978516,41.010018,7.676154,2024-06-05
,c0963,19.324647903442383,41.010018,7.676154,2024-06-06
,c0963,25.35920524597168,41.010018,7.676154,2024-06-07
,c0963,29.88454246520996,41.010018,7.676154,2024-06-08
-0.0063789000284433,c0963,51.52941131591797,41.010018,7.676154,2024-06-09
,c0963,44.18125915527344,41.010018,7.676154,2024-06-10
,c0963,61.46492385864258,41.010018,7.676154,2024-06-11
,c0963,66.8363265991211,41.010018,7.676154,2024-06-12
,c0963,59.68440628051758,41.010018,7.676154,2024-06-13
-0.0142404237953836,c0963,34.99235153198242,41.010018,7.676154,2024-06-14
,c0963,17.776254653930664,41.010018,7.676154,2024-06-15
,c0963,61.77275848388672,41.010018,7.676154,2024-06-16
,c0963,23.04641914367676,41.010018,7.676154,2024-06-17
,c0963,38.50987243652344,41.010018,7.676154,2024-06-18
0.0044092295883113,c0963,53.89506530761719,41.010018,7.676154,2024-06-19
,c0963,44.53807830810547,41.010018,7.676154,2024-06-20
,c0963,54.29710388183594,41.010018,7.676154,2024-06-21
,c0963,25.85489273071289,41.010018,7.676154,2024-06-22
,c0963,59.146942138671875,41.010018,7.676154,2024-06-23
-0.0158235584721243,c0963,51.647579193115234,41.010018,7.676154,2024-06-24
,c0963,55.55731964111328,41.010018,7.676154,2024-06-25
,c0963,33.81399154663086,41.010018,7.676154,2024-06-26
,c0963,41.844505310058594,41.010018,7.676154,2024-06-27
,c0963,12.7339448928833,41.010018,7.676154,2024-06-28
0.0133440111791167,c0963,57.437522888183594,41.010018,7.676154,2024-06-29
,c0963,9.921710014343262,41.010018,7.676154,2024-06-30
,c0963,64.40477752685547,41.010018,7.676154,2024-07-01
,c0963,61.906402587890625,41.010018,7.676154,2024-07-02
,c0963,56.29753875732422,41.010018,7.676154,2024-07-03
-0.0094646881745361,c0963,19.36181640625,41.010018,7.676154,2024-07-04
,c0963,14.361323356628418,41.010018,7.676154,2024-07-05
,c0963,21.581253051757812,41.010018,7.676154,2024-07-06
,c0963,29.282470703125,41.010018,7.676154,2024-07-07
,c0963,24.402748107910156,41.010018,7.676154,2024-07-08
-0.0262418115182834,c0963,10.454303741455078,41.010018,7.676154,2024-07-09
,c0963,10.05298900604248,41.010018,7.676154,2024-07-10
,c0963,6.735034465789795,41.010018,7.676154,2024-07-11
,c0963,24.661333084106445,41.010018,7.676154,2024-07-12
,c0963,13.90007781982422,41.010018,7.676154,2024-07-13
-0.0251495245351072,c0963,8.837677955627441,41.010018,7.676154,2024-07-14
,c0963,14.092887878417969,41.010018,7.676154,2024-07-15
,c0963,9.985817909240724,41.010018,7.676154,2024-07-16
,c0963,17.325105667114258,41.010018,7.676154,2024-07-17
,c0963,7.1216230392456055,41.010018,7.676154,2024-07-18
-0.034737112707294,c0963,20.461196899414062,41.010018,7.676154,2024-07-19
,c0963,31.8917236328125,41.010018,7.676154,2024-07-20
,c0963,16.259366989135742,41.010018,7.676154,2024-07-21
,c0963,28.39199447631836,41.010018,7.676154,2024-07-22
,c0963,13.854337692260742,41.010018,7.676154,2024-07-23
-0.0173799287801718,c0963,15.550514221191406,41.010018,7.676154,2024-07-24
,c0963,14.178670883178713,41.010018,7.676154,2024-07-25
,c0963,9.964794158935549,41.010018,7.676154,2024-07-26
,c0963,5.753420829772949,41.010018,7.676154,2024-07-27
,c0963,8.047977447509766,41.010018,7.676154,2024-07-28
-0.0309553909718113,c0963,2.9936258792877197,41.010018,7.676154,2024-07-29
,c0963,1.8853904008865356,41.010018,7.676154,2024-07-30
,c0963,3.864280223846435,41.010018,7.676154,2024-07-31
,c0963,0.0429470017552375,41.010018,7.676154,2024-08-01
,c0963,3.199999991920777e-05,41.010018,7.676154,2024-08-03
,c0963,11.004475593566896,41.010018,7.676154,2024-08-04
,c0963,0.0492830015718936,41.010018,7.676154,2024-08-05
,c0963,3.0401999950408936,41.010018,7.676154,2024-08-06
,c0963,0.9794870018959044,41.010018,7.676154,2024-08-07
,c0963,1.5999999959603883e-05,41.010018,7.676154,2024-08-08
,c0963,2.7134060859680176,41.010018,7.676154,2024-08-09
,c0963,10.066632270812988,41.010018,7.676154,2024-08-10
,c0963,5.212652206420898,41.010018,7.676154,2024-08-11
,c0963,23.29806137084961,41.010018,7.676154,2024-08-12
,c0963,1.5999999959603883e-05,41.010018,7.676154,2024-08-13
,c0963,0.8637580275535583,41.010018,7.676154,2024-08-14
,c0963,11.815869331359863,41.010018,7.676154,2024-08-15
,c0963,1.8213930130004885,41.010018,7.676154,2024-08-16
,c0963,2.575010061264038,41.010018,7.676154,2024-08-17
,c0963,51.28464889526367,41.010018,7.676154,2024-08-18
,c0963,98.20645904541016,41.010018,7.676154,2024-08-19
,c0963,0.9629279971122742,41.010018,7.676154,2024-08-20
,c0963,2.232693910598755,41.010018,7.676154,2024-08-21
,c0963,8.11805534362793,41.010018,7.676154,2024-08-22
,c0963,7.100099086761475,41.010018,7.676154,2024-08-23
,c0963,77.04053497314453,41.010018,7.676154,2024-08-24
,c0963,0.0,41.010018,7.676154,2024-08-25
,c0963,33.53176498413086,41.010018,7.676154,2024-08-26
,c0963,68.92681121826172,41.010018,7.676154,2024-08-27
,c0963,63.51115036010742,41.010018,7.676154,2024-08-28
,c0963,3.0474588871002197,41.010018,7.676154,2024-08-29
,c0963,0.0115320002660155,41.010018,7.676154,2024-08-30
,c0963,4.921261787414551,41.010018,7.676154,2024-08-31
,c0963,2.148124933242798,41.010018,7.676154,2024-09-02
,c0963,66.52261352539062,41.010018,7.676154,2024-09-03
,c0963,35.68122863769531,41.010018,7.676154,2024-09-04
,c0963,42.61156463623047,41.010018,7.676154,2024-09-05
,c0963,0.1475369930267334,41.010018,7.676154,2024-09-06
,c0963,9.709061622619627,41.010018,7.676154,2024-09-07
,c0963,82.852294921875,41.010018,7.676154,2024-09-08
,c0963,15.064523696899414,41.010018,7.676154,2024-09-09
,c0963,89.52749633789062,41.010018,7.676154,2024-09-10
,c0963,8.457006454467773,41.010018,7.676154,2024-09-11
,c0963,2.203629970550537,41.010018,7.676154,2024-09-12
,c0963,1.389518976211548,41.010018,7.676154,2024-09-13
,c0963,21.15987777709961,41.010018,7.676154,2024-09-14
,c0963,6.975241184234619,41.010018,7.676154,2024-09-15
,c0963,18.809450149536133,41.010018,7.676154,2024-09-16
,c0963,79.1529541015625,41.010018,7.676154,2024-09-17
,c0963,91.41603088378906,41.010018,7.676154,2024-09-18
,c0963,99.9930648803711,41.010018,7.676154,2024-09-19
,c0963,67.73198699951172,41.010018,7.676154,2024-09-20
,c0963,44.16054153442383,41.010018,7.676154,2024-09-21
,c0963,94.6955108642578,41.010018,7.676154,2024-09-22
,c0963,99.9641342163086,41.010018,7.676154,2024-09-23
,c0963,45.89764022827149,41.010018,7.676154,2024-09-24
,c0963,20.971221923828125,41.010018,7.676154,2024-09-25
,c0963,99.9992218017578,41.010018,7.676154,2024-09-26
,c0963,0.2713800072669983,41.010018,7.676154,2024-09-27
,c0963,4.371913909912109,41.010018,7.676154,2024-09-28
,c0963,87.64927673339844,41.010018,7.676154,2024-09-29
,c0963,2.781760931015014,41.010018,7.676154,2024-09-30
,c0963,28.435152053833008,41.010018,7.676154,2024-10-01
-0.0720986314610961,c0963,41.06722259521485,41.010018,7.676154,2024-10-02
,c0963,79.5069351196289,41.010018,7.676154,2024-10-03
,c0963,60.1187858581543,41.010018,7.676154,2024-10-04
,c0963,41.3562126159668,41.010018,7.676154,2024-10-05
,c0963,18.788803100585938,41.010018,7.676154,2024-10-06
-0.0411113146911649,c0963,56.390655517578125,41.010018,7.676154,2024-10-07
,c0963,44.246864318847656,41.010018,7.676154,2024-10-08
,c0963,56.21185302734375,41.010018,7.676154,2024-10-09
,c0963,57.26618576049805,41.010018,7.676154,2024-10-10
,c0963,40.926055908203125,41.010018,7.676154,2024-10-11
-0.0771340775029624,c0963,44.07011413574219,41.010018,7.676154,2024-10-12
,c0963,45.266326904296875,41.010018,7.676154,2024-10-13
,c0963,57.498008728027344,41.010018,7.676154,2024-10-14
,c0963,30.471527099609375,41.010018,7.676154,2024-10-15
,c0963,80.41695404052734,41.010018,7.676154,2024-10-16
0.0034854681114666,c0963,59.63551712036133,41.010018,7.676154,2024-10-17
,c0963,87.11678314208984,41.010018,7.676154,2024-10-18
,c0963,84.13642120361328,41.010018,7.676154,2024-10-19
,c0963,60.415977478027344,41.010018,7.676154,2024-10-20
,c0963,34.09987258911133,41.010018,7.676154,2024-10-21
0.0213783224825473,c0963,55.31215286254883,41.010018,7.676154,2024-10-22
,c0963,65.379638671875,41.010018,7.676154,2024-10-23
,c0963,82.67477416992188,41.010018,7.676154,2024-10-24
,c0963,45.235050201416016,41.010018,7.676154,2024-10-25
,c0963,64.65967559814453,41.010018,7.676154,2024-10-26
-0.3662810309625723,c0963,55.65425109863281,41.010018,7.676154,2024-10-27
,c0963,40.63677215576172,41.010018,7.676154,2024-10-28
,c0963,38.55287170410156,41.010018,7.676154,2024-10-29
,c0963,21.861963272094727,41.010018,7.676154,2024-10-30
,c0963,17.564990997314453,41.010018,7.676154,2024-10-31
-0.0878523805069134,c0963,15.221810340881348,41.010018,7.676154,2024-11-01
,c0963,23.006839752197266,41.010018,7.676154,2024-11-02
,c0963,16.716060638427734,41.010018,7.676154,2024-11-03
,c0963,22.453954696655273,41.010018,7.676154,2024-11-04
,c0963,23.950984954833984,41.010018,7.676154,2024-11-05
-0.1616366234306684,c0963,32.28773880004883,41.010018,7.676154,2024-11-06
,c0963,49.22328186035156,41.010018,7.676154,2024-11-07
,c0963,44.34760665893555,41.010018,7.676154,2024-11-08
,c0963,42.7254753112793,41.010018,7.676154,2024-11-09
,c0963,46.026817321777344,41.010018,7.676154,2024-11-10
-0.2224826735170448,c0963,24.42473030090332,41.010018,7.676154,2024-11-11
,c0963,69.61093139648438,41.010018,7.676154,2024-11-12
,c0963,37.70953750610352,41.010018,7.676154,2024-11-13
,c0963,49.31178283691406,41.010018,7.676154,2024-11-14
,c0963,24.2731876373291,41.010018,7.676154,2024-11-15
-0.7010822150637122,c0963,11.046212196350098,41.010018,7.676154,2024-11-16
,c0963,32.916404724121094,41.010018,7.676154,2024-11-17
,c0963,42.53014373779297,41.010018,7.676154,2024-11-18
,c0963,49.51173400878906,41.010018,7.676154,2024-11-19
,c0963,73.10162353515625,41.010018,7.676154,2024-11-20
0.0020085096910513,c0963,76.4147720336914,41.010018,7.676154,2024-11-21
,c0963,73.81185913085938,41.010018,7.676154,2024-11-22
,c0963,23.99271011352539,41.010018,7.676154,2024-11-23
,c0963,34.49763107299805,41.010018,7.676154,2024-11-24
,c0963,45.380313873291016,41.010018,7.676154,2024-11-25
-0.0296616703244473,c0963,36.75194549560547,41.010018,7.676154,2024-11-26
,c0963,47.0709228515625,41.010018,7.676154,2024-11-27
,c0963,55.776912689208984,41.010018,7.676154,2024-11-28
,c0963,44.68312072753906,41.010018,7.676154,2024-11-29
,c0963,27.463502883911133,41.010018,7.676154,2024-11-30
-0.0201029927990234,c0963,28.4342041015625,41.010018,7.676154,2024-12-01
,c0963,90.54200744628906,41.010018,7.676154,2024-12-02
,c0963,64.31190490722656,41.010018,7.676154,2024-12-03
,c0963,52.69152069091797,41.010018,7.676154,2024-12-04
,c0963,45.85888671875,41.010018,7.676154,2024-12-05
-0.0041471479570164,c0963,77.625732421875,41.010018,7.676154,2024-12-06
,c0963,47.04061126708984,41.010018,7.676154,2024-12-07
,c0963,75.44039154052734,41.010018,7.676154,2024-12-08
,c0963,81.45889282226562,41.010018,7.676154,2024-12-09
,c0963,58.798282623291016,41.010018,7.676154,2024-12-10
-0.1758242079758715,c0963,28.061166763305664,41.010018,7.676154,2024-12-11
,c0963,37.60451126098633,41.010018,7.676154,2024-12-12
,c0963,45.516056060791016,41.010018,7.676154,2024-12-13
,c0963,59.32770919799805,41.010018,7.676154,2024-12-14
,c0963,51.709320068359375,41.010018,7.676154,2024-12-15
-1.0,c0963,19.87109375,41.010018,7.676154,2024-12-16
,c0963,16.47684669494629,41.010018,7.676154,2024-12-17
,c0963,60.52494430541992,41.010018,7.676154,2024-12-18
,c0963,58.975616455078125,41.010018,7.676154,2024-12-19
,c0963,71.63053894042969,41.010018,7.676154,2024-12-20
-0.0171806679079856,c0963,31.13658905029297,41.010018,7.676154,2024-12-21
,c0963,47.27366256713867,41.010018,7.676154,2024-12-22
,c0963,51.32135772705078,41.010018,7.676154,2024-12-23
,c0963,60.573020935058594,41.010018,7.676154,2024-12-24
,c0963,57.141353607177734,41.010018,7.676154,2024-12-25
-0.1042006986708763,c0963,29.316959381103516,41.010018,7.676154,2024-12-26
,c0963,19.35202980041504,41.010018,7.676154,2024-12-27
,c0963,14.31520938873291,41.010018,7.676154,2024-12-28
,c0963,13.832744598388672,41.010018,7.676154,2024-12-29
,c0963,6.262077331542969,41.010018,7.676154,2024-12-30
-0.1404313828909139,c0963,17.261920928955078,41.010018,7.676154,2024-12-31
,c0963,32.76689529418945,41.010018,7.676154,2025-01-01
,c0963,98.44023895263672,41.010018,7.676154,2025-01-02
,c0963,99.99987030029295,41.010018,7.676154,2025-01-03
,c0963,4.011122226715088,41.010018,7.676154,2025-01-04
,c0963,10.724170684814451,41.010018,7.676154,2025-01-05
,c0963,99.9989776611328,41.010018,7.676154,2025-01-06
,c0963,36.37575912475586,41.010018,7.676154,2025-01-07
,c0963,30.279096603393555,41.010018,7.676154,2025-01-08
,c0963,18.881439208984375,41.010018,7.676154,2025-01-09
,c0963,0.3309719860553741,41.010018,7.676154,2025-01-10
,c0963,79.53449249267578,41.010018,7.676154,2025-01-11
,c0963,79.81915283203125,41.010018,7.676154,2025-01-12
,c0963,93.3242416381836,41.010018,7.676154,2025-01-13
,c0963,99.3827133178711,41.010018,7.676154,2025-01-14
,c0963,30.59558868408203,41.010018,7.676154,2025-01-15
,c0963,33.940040588378906,41.010018,7.676154,2025-01-16
,c0963,99.96190643310548,41.010018,7.676154,2025-01-17
,c0963,58.19844055175781,41.010018,7.676154,2025-01-18
,c0963,82.78585052490234,41.010018,7.676154,2025-01-19
,c0963,100.0,41.010018,7.676154,2025-01-20
,c0963,59.00490951538086,41.010018,7.676154,2025-01-21
,c0963,99.3467025756836,41.010018,7.676154,2025-01-22
,c0963,62.4463005065918,41.010018,7.676154,2025-01-23
,c0963,0.005202000029385,41.010018,7.676154,2025-01-24
,c0963,0.052971001714468,41.010018,7.676154,2025-01-25
,c0963,0.0001140000022132,41.010018,7.676154,2025-01-26
,c0963,99.65079498291016,41.010018,7.676154,2025-01-27
,c0963,11.188779830932615,41.010018,7.676154,2025-01-28
,c0963,0.1813250035047531,41.010018,7.676154,2025-01-30
,c0963,100.0,41.010018,7.676154,2025-01-31
,c0963,92.04920959472656,41.010018,7.676154,2025-02-01
,c0963,66.53450012207031,41.010018,7.676154,2025-02-02
,c0963,39.13116836547851,41.010018,7.676154,2025-02-03
-0.1833161747192635,c0963,21.99155044555664,41.010018,7.676154,2025-02-04
,c0963,11.386951446533203,41.010018,7.676154,2025-02-05
,c0963,28.18816566467285,41.010018,7.676154,2025-02-06
,c0963,55.71076583862305,41.010018,7.676154,2025-02-07
,c0963,77.78778076171875,41.010018,7.676154,2025-02-08
-0.4308886098778149,c0963,46.208961486816406,41.010018,7.676154,2025-02-09
,c0963,50.952598571777344,41.010018,7.676154,2025-02-10
,c0963,55.830684661865234,41.010018,7.676154,2025-02-11
,c0963,81.60005187988281,41.010018,7.676154,2025-02-12
,c0963,77.1146240234375,41.010018,7.676154,2025-02-13
-0.0527984688496765,c0963,48.76011276245117,41.010018,7.676154,2025-02-14
,c0963,71.44790649414062,41.010018,7.676154,2025-02-15
,c0963,22.44659423828125,41.010018,7.676154,2025-02-16
,c0963,57.967769622802734,41.010018,7.676154,2025-02-17
,c0963,35.87831115722656,41.010018,7.676154,2025-02-18
0.0004476494648877,c0963,64.47235870361328,41.010018,7.676154,2025-02-19
,c0963,45.3470458984375,41.010018,7.676154,2025-02-20
,c0963,34.31536102294922,41.010018,7.676154,2025-02-21
,c0963,42.90631484985352,41.010018,7.676154,2025-02-22
,c0963,56.31696319580078,41.010018,7.676154,2025-02-23
0.005817137651748,c0963,63.42304992675781,41.010018,7.676154,2025-02-24
,c0963,71.66055297851562,41.010018,7.676154,2025-02-25
,c0963,86.16390991210938,41.010018,7.676154,2025-02-26
,c0963,67.2282943725586,41.010018,7.676154,2025-02-27
,c0963,65.22355651855469,41.010018,7.676154,2025-02-28
0.0136650675168151,c0963,74.83647155761719,41.010018,7.676154,2025-03-01
,c0963,67.35357666015625,41.010018,7.676154,2025-03-02
,c0963,20.1629695892334,41.010018,7.676154,2025-03-03
,c0963,18.805973052978516,41.010018,7.676154,2025-03-04
,c0963,13.925210952758787,41.010018,7.676154,2025-03-05
0.0162030774661723,c0963,33.2108268737793,41.010018,7.676154,2025-03-06
,c0963,59.211029052734375,41.010018,7.676154,2025-03-07
,c0963,35.2609977722168,41.010018,7.676154,2025-03-08
,c0963,42.107669830322266,41.010018,7.676154,2025-03-09
,c0963,66.46562194824219,41.010018,7.676154,2025-03-10
-0.0142286893966443,c0963,70.31745147705078,41.010018,7.676154,2025-03-11
,c0963,92.8787841796875,41.010018,7.676154,2025-03-12
,c0963,59.73873519897461,41.010018,7.676154,2025-03-13
,c0963,72.48196411132812,41.010018,7.676154,2025-03-14
,c0963,66.33223724365234,41.010018,7.676154,2025-03-15
-0.0590383699163794,c0963,32.422054290771484,41.010018,7.676154,2025-03-16
,c0963,44.14568328857422,41.010018,7.676154,2025-03-17
,c0963,29.30756187438965,41.010018,7.676154,2025-03-18
,c0963,20.06329345703125,41.010018,7.676154,2025-03-19
,c0963,26.24781036376953,41.010018,7.676154,2025-03-20
-0.0109610180452685,c0963,59.39005661010742,41.010018,7.676154,2025-03-21
,c0963,81.80331420898438,41.010018,7.676154,2025-03-22
,c0963,67.3890380859375,41.010018,7.676154,2025-03-23
,c0963,93.0894012451172,41.010018,7.676154,2025-03-24
,c0963,58.017539978027344,41.010018,7.676154,2025-03-25
-0.0109499777393306,c0963,66.814208984375,41.010018,7.676154,2025-03-26
,c0963,69.60301208496094,41.010018,7.676154,2025-03-27
0.0196883705882903,c0963,62.450958251953125,41.010018,7.676154,2025-03-28
,c0963,70.98595428466797,41.010018,7.676154,2025-03-29
,c0963,51.863956451416016,41.010018,7.676154,2025-03-30
-0.0447759344516431,c0963,28.638303756713867,41.010018,7.676154,2025-03-31
,c0963,76.84915924072266,41.010018,7.676154,2025-04-01
,c0963,27.534225463867188,41.010018,7.676154,2025-04-02
,c0963,36.97823715209961,41.010018,7.676154,2025-04-03
,c0963,22.612668991088867,41.010018,7.676154,2025-04-04
0.0092008397869957,c0963,21.69472312927246,41.010018,7.676154,2025-04-05
,c0963,35.15282440185547,41.010018,7.676154,2025-04-06
-0.0541318203747163,c0963,31.34549903869629,41.010018,7.676154,2025-04-07
,c0963,37.128387451171875,41.010018,7.676154,2025-04-08
,c0963,60.079341888427734,41.010018,7.676154,2025-04-09
-0.0894061911632033,c0963,24.967714309692383,41.010018,7.676154,2025-04-10
,c0963,13.483864784240724,41.010018,7.676154,2025-04-11
,c0963,55.422874450683594,41.010018,7.676154,2025-04-12
,c0963,91.87235260009766,41.010018,7.676154,2025-04-13
,c0963,96.34049224853516,41.010018,7.676154,2025-04-14
-0.0012180686459246,c0963,61.148223876953125,41.010018,7.676154,2025-04-15
,c0963,63.813209533691406,41.010018,7.676154,2025-04-16
-0.0273229179849081,c0963,67.13390350341797,41.010018,7.676154,2025-04-17
,c0963,40.39789581298828,41.010018,7.676154,2025-04-18
,c0963,62.43719100952149,41.010018,7.676154,2025-04-19
0.0142032583600238,c0963,79.59076690673828,41.010018,7.676154,2025-04-20
,c0963,62.06793975830078,41.010018,7.676154,2025-04-21
,c0963,31.30600929260254,41.010018,7.676154,2025-04-22
,c0963,49.98448181152344,41.010018,7.676154,2025-04-23
,c0963,37.70878982543945,41.010018,7.676154,2025-04-24
-0.0267259255380314,c0963,30.90961647033691,41.010018,7.676154,2025-04-25
,c0963,57.1661491394043,41.010018,7.676154,2025-04-26
0.0143575554268489,c0963,74.31937408447266,41.010018,7.676154,2025-04-27
,c0963,37.553218841552734,41.010018,7.676154,2025-04-28
,c0963,9.513439178466797,41.010018,7.676154,2025-04-29
-0.2107653210487436,c0963,6.6656174659729,41.010018,7.676154,2025-04-30
,c0963,2.9561400413513184,41.010018,7.676154,2025-05-01
,c0963,15.456151962280272,41.010018,7.676154,2025-05-02
,c0963,45.566368103027344,41.010018,7.676154,2025-05-03
,c0963,86.0385971069336,41.010018,7.676154,2025-05-04
-0.022181214493535,c0963,48.37114715576172,41.010018,7.676154,2025-05-05
,c0963,75.80707550048828,41.010018,7.676154,2025-05-06
-0.0124439750712447,c0963,64.93350219726562,41.010018,7.676154,2025-05-07
,c0963,62.909156799316406,41.010018,7.676154,2025-05-08
,c0963,65.16112518310547,41.010018,7.676154,2025-05-09
-0.0372776757706614,c0963,44.68644714355469,41.010018,7.676154,2025-05-10
,c0963,59.79036331176758,41.010018,7.676154,2025-05-11
,c0963,45.170936584472656,41.010018,7.676154,2025-05-12
,c0963,30.747915267944336,41.010018,7.676154,2025-05-13
,c0963,58.46649932861328,41.010018,7.676154,2025-05-14
-0.0053984494694946,c0963,67.42018127441406,41.010018,7.676154,2025-05-15
,c0963,60.45191192626953,41.010018,7.676154,2025-05-16
-0.0226092488148852,c0963,34.68560028076172,41.010018,7.676154,2025-05-17
,c0963,30.85372543334961,41.010018,7.676154,2025-05-18
,c0963,18.21051597595215,41.010018,7.676154,2025-05-19
-0.0131823813388644,c0963,62.3553581237793,41.010018,7.676154,2025-05-20
,c0963,57.52992630004883,41.010018,7.676154,2025-05-21
,c0963,72.08965301513672,41.010018,7.676154,2025-05-22
,c0963,58.313323974609375,41.010018,7.676154,2025-05-23
,c0963,57.18155670166016,41.010018,7.676154,2025-05-24
-0.0122554711860549,c0963,36.5793342590332,41.010018,7.676154,2025-05-25
,c0963,21.771636962890625,41.010018,7.676154,2025-05-26
-0.0116136129123761,c0963,45.97809982299805,41.010018,7.676154,2025-05-27
,c0963,32.96192932128906,41.010018,7.676154,2025-05-28
,c0963,33.23713684082031,41.010018,7.676154,2025-05-29
-0.0177705546046662,c0963,10.645013809204102,41.010018,7.676154,2025-05-30
,c0963,9.109049797058104,41.010018,7.676154,2025-05-31
,c0963,12.845976829528809,41.010018,7.676154,2025-06-01
,c0963,41.126163482666016,41.010018,7.676154,2025-06-02
,c0963,23.39865493774414,41.010018,7.676154,2025-06-03
0.0048786876038374,c0963,45.282615661621094,41.010018,7.676154,2025-06-04
,c0963,13.164430618286133,41.010018,7.676154,2025-06-05
-0.0446589383241884,c0963,33.5684814453125,41.010018,7.676154,2025-06-06
,c0963,14.766823768615724,41.010018,7.676154,2025-06-07
,c0963,19.442502975463867,41.010018,7.676154,2025-06-08
0.0220612139646511,c0963,3.647363185882568,41.010018,7.676154,2025-06-09
,c0963,6.688796520233154,41.010018,7.676154,2025-06-10
,c0963,6.036306858062744,41.010018,7.676154,2025-06-11
,c0963,8.739583015441895,41.010018,7.676154,2025-06-12
,c0963,6.932076930999756,41.010018,7.676154,2025-06-13
-0.0370869437944801,c0963,14.040346145629885,41.010018,7.676154,2025-06-14
,c0963,6.6117658615112305,41.010018,7.676154,2025-06-15
-0.011293623219792,c0963,34.1448860168457,41.010018,7.676154,2025-06-16
,c0963,38.72880172729492,41.010018,7.676154,2025-06-17
,c0963,29.529781341552734,41.010018,7.676154,2025-06-18
-0.1638758813551463,c0963,6.1408915519714355,41.010018,7.676154,2025-06-19
,c0963,21.624603271484375,41.010018,7.676154,2025-06-20
,c0963,12.140055656433104,41.010018,7.676154,2025-06-21
,c0963,5.096663951873779,41.010018,7.676154,2025-06-22
,c0963,15.440528869628906,41.010018,7.676154,2025-06-23
,c0963,11.545405387878418,41.010018,7.676154,2025-06-24
,c0963,6.900295734405518,41.010018,7.676154,2025-06-25
-0.0845284702475456,c0963,14.890542984008787,41.010018,7.676154,2025-06-26
,c0963,26.893110275268555,41.010018,7.676154,2025-06-27
,c0963,13.788180351257324,41.010018,7.676154,2025-06-28
,c0963,2.838759183883667,41.010018,7.676154,2025-06-29
,c0963,12.224087715148926,41.010018,7.676154,2025-06-30
,c0963,9.395310401916504,41.010018,7.676154,2025-07-01
,c0963,15.241857528686523,41.010018,7.676154,2025-07-02
,c0963,18.47102928161621,41.010018,7.676154,2025-07-03
-0.0425984638250049,c0963,14.696415901184082,41.010018,7.676154,2025-07-04
,c0963,10.079428672790527,41.010018,7.676154,2025-07-05
-0.0280244329451199,c0963,35.43053436279297,41.010018,7.676154,2025-07-06
,c0963,40.50118637084961,41.010018,7.676154,2025-07-07
,c0963,29.00777053833008,41.010018,7.676154,2025-07-08
-0.0074609130155295,c0963,11.754623413085938,41.010018,7.676154,2025-07-09
,c0963,25.24647521972656,41.010018,7.676154,2025-07-10
,c0963,16.468908309936523,41.010018,7.676154,2025-07-11
,c0963,23.053983688354492,41.010018,7.676154,2025-07-12
,c0963,51.64943313598633,41.010018,7.676154,2025-07-13
-0.0258819975287598,c0963,13.607138633728027,41.010018,7.676154,2025-07-14
,c0963,13.089621543884276,41.010018,7.676154,2025-07-15
-0.0240501426215119,c0963,22.897539138793945,41.010018,7.676154,2025-07-16
,c0963,25.168630599975582,41.010018,7.676154,2025-07-17
,c0963,13.67119598388672,41.010018,7.676154,2025-07-18
-0.0440673411659458,c0963,50.83152389526367,41.010018,7.676154,2025-07-19
,c0963,13.888572692871094,41.010018,7.676154,2025-07-20
,c0963,29.21102523803711,41.010018,7.676154,2025-07-21
,c0963,17.24108123779297,41.010018,7.676154,2025-07-22
,c0963,19.255212783813477,41.010018,7.676154,2025-07-23
0.0071713801760993,c0963,36.418216705322266,41.010018,7.676154,2025-07-24
,c0963,19.757986068725582,41.010018,7.676154,2025-07-25
-0.0281535347129273,c0963,44.32929229736328,41.010018,7.676154,2025-07-26
,c0963,33.14476013183594,41.010018,7.676154,2025-07-27
,c0963,52.71284866333008,41.010018,7.676154,2025-07-28
-0.0240406834903885,c0963,17.60609245300293,41.010018,7.676154,2025-07-29
,c0963,15.461688041687012,41.010018,7.676154,2025-07-30
,c0963,13.194345474243164,41.010018,7.676154,2025-07-31
,c0963,15.599926948547363,41.010018,7.676154,2025-08-01
,c0963,36.45883560180664,41.010018,7.676154,2025-08-02
-0.0107603434788282,c0963,20.62146759033203,41.010018,7.676154,2025-08-03
,c0963,36.679901123046875,41.010018,7.676154,2025-08-04
-0.4574941666248966,c0963,8.17813777923584,41.010018,7.676154,2025-08-05
,c0963,21.069005966186523,41.010018,7.676154,2025-08-06
,c0963,2.033804416656494,41.010018,7.676154,2025-08-07
-0.114924039384898,c0963,2.512920379638672,41.010018,7.676154,2025-08-08
,c0963,0.3474905788898468,41.010018,7.676154,2025-08-09
,c0963,1.5015925168991089,41.010018,7.676154,2025-08-10
,c0963,1.4669924974441528,41.010018,7.676154,2025-08-11
,c0963,4.822649955749512,41.010018,7.676154,2025-08-12
-0.2155916431370903,c0963,6.417729377746582,41.010018,7.676154,2025-08-13
,c0963,15.365906715393066,41.010018,7.676154,2025-08-14
-0.4312586998238283,c0963,9.51640796661377,41.010018,7.676154,2025-08-15
,c0963,30.873640060424805,41.010018,7.676154,2025-08-16
,c0963,30.323163986206055,41.010018,7.676154,2025-08-17
-0.084246393139748,c0963,9.8112154006958,41.010018,7.676154,2025-08-18
,c0963,6.236966133117676,41.010018,7.676154,2025-08-19
,c0963,51.193084716796875,41.010018,7.676154,2025-08-20
,c0963,45.111820220947266,41.010018,7.676154,2025-08-21
,c0963,23.81826400756836,41.010018,7.676154,2025-08-22
-0.0132300678188638,c0963,25.572195053100582,41.010018,7.676154,2025-08-23
,c0963,29.96354103088379,41.010018,7.676154,2025-08-24
-0.0878990078016239,c0963,28.098285675048828,41.010018,7.676154,2025-08-25
,c0963,18.64384651184082,41.010018,7.676154,2025-08-26
,c0963,11.861736297607422,41.010018,7.676154,2025-08-27
-0.0085562420159797,c0963,46.8472785949707,41.010018,7.676154,2025-08-28
,c0963,56.56649017333984,41.010018,7.676154,2025-08-29
,c0963,39.5815544128418,41.010018,7.676154,2025-08-30
,c0963,26.417171478271484,41.010018,7.676154,2025-08-31
,c0963,15.942930221557615,41.010018,7.676154,2025-09-01
-0.0251174059970413,c0963,24.657276153564453,41.010018,7.676154,2025-09-02
,c0963,46.85677719116211,41.010018,7.676154,2025-09-03
-0.1742102407795541,c0963,11.13675022125244,41.010018,7.676154,2025-09-04
,c0963,12.46274185180664,41.010018,7.676154,2025-09-05
,c0963,13.720243453979492,41.010018,7.676154,2025-09-06
-0.0621471264125669,c0963,26.97968482971191,41.010018,7.676154,2025-09-07
,c0963,26.47627067565918,41.010018,7.676154,2025-09-08
,c0963,5.3272705078125,41.010018,7.676154,2025-09-09
,c0963,53.317970275878906,41.010018,7.676154,2025-09-10
,c0963,16.50468635559082,41.010018,7.676154,2025-09-11
-0.0442937340587377,c0963,12.277795791625977,41.010018,7.676154,2025-09-12
,c0963,13.519682884216309,41.010018,7.676154,2025-09-13
-0.0136382292517844,c0963,65.69681549072266,41.010018,7.676154,2025-09-14
,c0963,5.976215839385986,41.010018,7.676154,2025-09-15
,c0963,25.26536750793457,41.010018,7.676154,2025-09-16
-0.0161809342940721,c0963,50.34730911254883,41.010018,7.676154,2025-09-17
,c0963,10.25236701965332,41.010018,7.676154,2025-09-18
,c0963,7.63970136642456,41.010018,7.676154,2025-09-19
,c0963,3.650722742080689,41.010018,7.676154,2025-09-20
,c0963,11.132354736328123,41.010018,7.676154,2025-09-21
0.0154829398372813,c0963,35.22834777832031,41.010018,7.676154,2025-09-22
,c0963,66.78382873535156,41.010018,7.676154,2025-09-23
0.0025802744114223,c0963,46.41782760620117,41.010018,7.676154,2025-09-24
,c0963,43.51519775390625,41.010018,7.676154,2025-09-25
,c0963,60.21546936035156,41.010018,7.676154,2025-09-26
-0.2244965330971514,c0963,58.88718032836914,41.010018,7.676154,2025-09-27
,c0963,44.01264953613281,41.010018,7.676154,2025-09-28
,c0963,23.62434959411621,41.010018,7.676154,2025-09-29
,c0963,37.401588439941406,41.010018,7.676154,2025-09-30
,c0963,41.17395782470703,41.010018,7.676154,2025-10-01
-0.0701460546759121,c0963,44.21829605102539,41.010018,7.676154,2025-10-02
,c0963,50.11699676513672,41.010018,7.676154,2025-10-03
-0.0109822340419187,c0963,39.577842712402344,41.010018,7.676154,2025-10-04
,c0963,63.59416580200195,41.010018,7.676154,2025-10-05
,c0963,21.811763763427734,41.010018,7.676154,2025-10-06
-0.2343515095903593,c0963,18.44153213500977,41.010018,7.676154,2025-10-07
,c0963,13.416430473327637,41.010018,7.676154,2025-10-08
,c0963,46.53633499145508,41.010018,7.676154,2025-10-09
,c0963,42.67586517333984,41.010018,7.676154,2025-10-10
,c0963,29.900022506713867,41.010018,7.676154,2025-10-11
-0.2374101543251205,c0963,30.66090202331543,41.010018,7.676154,2025-10-12
,c0963,36.70709609985352,41.010018,7.676154,2025-10-13
0.0272826244753292,c0963,54.5865478515625,41.010018,7.676154,2025-10-14
,c0963,58.73404693603515,41.010018,7.676154,2025-10-15
,c0963,39.014549255371094,41.010018,7.676154,2025-10-16
-0.016568113162237,c0963,28.336715698242188,41.010018,7.676154,2025-10-17
,c0963,57.4232177734375,41.010018,7.676154,2025-10-18
,c0963,54.92742538452149,41.010018,7.676154,2025-10-19
,c0963,53.74974060058594,41.010018,7.676154,2025-10-20
,c0963,67.23442840576172,41.010018,7.676154,2025-10-21
-0.0121066631614025,c0963,59.41064453125,41.010018,7.676154,2025-10-22
,c0963,89.58171081542969,41.010018,7.676154,2025-10-23
0.0080914549601456,c0963,18.443275451660156,41.010018,7.676154,2025-10-24
,c0963,43.3084716796875,41.010018,7.676154,2025-10-25
,c0963,52.518699645996094,41.010018,7.676154,2025-10-26
-0.0554283997454844,c0963,58.55619812011719,41.010018,7.676154,2025-10-27
,c0963,20.966197967529297,41.010018,7.676154,2025-10-28
,c0963,40.29712677001953,41.010018,7.676154,2025-10-29
,c0963,71.3488998413086,41.010018,7.676154,2025-10-30
,c0963,55.40006637573242,41.010018,7.676154,2025-10-31
-0.0152110839776201,c0963,51.7990608215332,41.010018,7.676154,2025-11-01
,c0963,61.27719497680664,41.010018,7.676154,2025-11-02
-0.0663893326678696,c0963,20.193910598754883,41.010018,7.676154,2025-11-03
,c0963,12.435745239257812,41.010018,7.676154,2025-11-04
,c0963,5.072092533111572,41.010018,7.676154,2025-11-05
-0.1505590683657347,c0963,44.84791564941406,41.010018,7.676154,2025-11-06
,c0963,63.84364700317383,41.010018,7.676154,2025-11-07
,c0963,37.936241149902344,41.010018,7.676154,2025-11-08
,c0963,51.35735321044922,41.010018,7.676154,2025-11-09
,c0963,20.319902420043945,41.010018,7.676154,2025-11-10
-0.0235854495522182,c0963,22.259960174560547,41.010018,7.676154,2025-11-11
,c0963,27.93268585205078,41.010018,7.676154,2025-11-12
-0.2931935326689306,c0963,24.40689468383789,41.010018,7.676154,2025-11-13
,c0963,34.95893096923828,41.010018,7.676154,2025-11-14
,c0963,42.415042877197266,41.010018,7.676154,2025-11-15
0.0140241702689844,c0963,93.60620880126952,41.010018,7.676154,2025-11-16
,c0963,82.44193267822266,41.010018,7.676154,2025-11-17
,c0963,63.67207717895508,41.010018,7.676154,2025-11-18
,c0963,77.28726196289062,41.010018,7.676154,2025-11-19
,c0963,81.3189468383789,41.010018,7.676154,2025-11-20
0.020106070989962,c0963,67.42950439453125,41.010018,7.676154,2025-11-21
,c0963,34.63035202026367,41.010018,7.676154,2025-11-22
-0.0190793088754563,c0963,43.08491516113281,41.010018,7.676154,2025-11-23
,c0963,81.93798828125,41.010018,7.676154,2025-11-24
,c0963,87.2073745727539,41.010018,7.676154,2025-11-25
-0.1113411319168175,c0963,58.753604888916016,41.010018,7.676154,2025-11-26
,c0963,67.45507049560547,41.010018,7.676154,2025-11-27
,c0963,49.323036193847656,41.010018,7.676154,2025-11-28
,c0963,44.866905212402344,41.010018,7.676154,2025-11-29
,c0963,40.295169830322266,41.010018,7.676154,2025-11-30
0.0085999363978557,c0963,54.408447265625,41.010018,7.676154,2025-12-01
,c0963,65.08024597167969,41.010018,7.676154,2025-12-02
0.0101912528673625,c0963,73.07781219482422,41.010018,7.676154,2025-12-03
,c0963,85.99693298339844,41.010018,7.676154,2025-12-04
,c0963,83.09132385253906,41.010018,7.676154,2025-12-05
-0.0234677775269922,c0963,57.98340606689453,41.010018,7.676154,2025-12-06
,c0963,63.130088806152344,41.010018,7.676154,2025-12-07
,c0963,39.02548599243164,41.010018,7.676154,2025-12-08
,c0963,34.93971252441406,41.010018,7.676154,2025-12-09
,c0963,27.97344207763672,41.010018,7.676154,2025-12-10
0.0125123340787146,c0963,39.56949234008789,41.010018,7.676154,2025-12-11
,c0963,53.62242126464844,41.010018,7.676154,2025-12-12
-0.4816462939276415,c0963,8.912341117858887,41.010018,7.676154,2025-12-13
,c0963,38.91692352294922,41.010018,7.676154,2025-12-14
,c0963,75.90132904052734,41.010018,7.676154,2025-12-15
0.0119947158758912,c0963,84.13845825195312,41.010018,7.676154,2025-12-16
,c0963,62.3236198425293,41.010018,7.676154,2025-12-17
,c0963,66.96217346191406,41.010018,7.676154,2025-12-18
,c0963,78.55914306640625,41.010018,7.676154,2025-12-19
,c0963,68.82242584228516,41.010018,7.676154,2025-12-20
0.015717619397294,c0963,69.884765625,41.010018,7.676154,2025-12-21
,c0963,60.98404312133789,41.010018,7.676154,2025-12-22
0.0077693022686563,c0963,79.70730590820312,41.010018,7.676154,2025-12-23
,c0963,70.55998992919922,41.010018,7.676154,2025-12-24
,c0963,73.09832763671875,41.010018,7.676154,2025-12-25
0.0048544055289205,c0963,51.95352554321289,41.010018,7.676154,2025-12-26
,c0963,23.197343826293945,41.010018,7.676154,2025-12-27
,c0963,12.11467456817627,41.010018,7.676154,2025-12-28
,c0963,17.4130859375,41.010018,7.676154,2025-12-29
,c0963,32.4428825378418,41.010018,7.676154,2025-12-30
