cell_id,lat_center,lon_center,mean,date
c0869,40.334342,15.469868,1.9480051661046416,2019-01-01
c0869,40.334342,15.469868,0.8750477421938447,2019-01-02
c0869,40.334342,15.469868,2.4500208678540507,2019-01-03
c0869,40.334342,15.469868,1.653737610116419,2019-01-04
c0869,40.334342,15.469868,1.1243575279263034,2019-01-05
c0869,40.334342,15.469868,1.1501802972890551,2019-01-06
c0869,40.334342,15.469868,1.8258902922877895,2019-01-07
c0869,40.334342,15.469868,0.4257187560115537,2019-01-08
c0869,40.334342,15.469868,0.6578969437600445,2019-01-09
c0869,40.334342,15.469868,1.276051251508428,2019-01-10
c0869,40.334342,15.469868,1.4072041192298754,2019-01-11
c0869,40.334342,15.469868,1.6229393557153515,2019-01-12
c0869,40.334342,15.469868,0.4393978372144775,2019-01-13
c0869,40.334342,15.469868,0.4644825231956427,2019-01-14
c0869,40.334342,15.469868,1.7295935314069006,2019-01-15
c0869,40.334342,15.469868,0.3808350076024474,2019-01-16
c0869,40.334342,15.469868,0.6437682802485056,2019-01-17
c0869,40.334342,15.469868,0.91462811677832,2019-01-18
c0869,40.334342,15.469868,0.4240485385984204,2019-01-19
c0869,40.334342,15.469868,0.4857491921329162,2019-01-20
c0869,40.334342,15.469868,0.8795478916115632,2019-01-21
c0869,40.334342,15.469868,1.1081235562299523,2019-01-22
c0869,40.334342,15.469868,0.9237127886727822,2019-01-23
c0869,40.334342,15.469868,1.1388491802638607,2019-01-24
c0869,40.334342,15.469868,1.46410351247516,2019-01-25
c0869,40.334342,15.469868,1.621433583683641,2019-01-26
c0869,40.334342,15.469868,0.8298758083043107,2019-01-27
c0869,40.334342,15.469868,1.8783387923159367,2019-01-28
c0869,40.334342,15.469868,0.4665486735243748,2019-01-29
c0869,40.334342,15.469868,0.7246483653462361,2019-01-30
c0869,40.334342,15.469868,1.4103110049193657,2019-01-31
c0869,40.334342,15.469868,1.6396390654868094,2019-02-01
c0869,40.334342,15.469868,1.9506835751642488,2019-02-02
c0869,40.334342,15.469868,1.0895555140229478,2019-02-03
c0869,40.334342,15.469868,1.744214866993077,2019-02-04
c0869,40.334342,15.469868,2.3336281957298723,2019-02-05
c0869,40.334342,15.469868,2.3941226514993112,2019-02-06
c0869,40.334342,15.469868,1.035587021089958,2019-02-07
c0869,40.334342,15.469868,0.2270923552950154,2019-02-08
c0869,40.334342,15.469868,0.3841134341018612,2019-02-09
c0869,40.334342,15.469868,1.0102558675621784,2019-02-10
c0869,40.334342,15.469868,1.461453124895267,2019-02-11
c0869,40.334342,15.469868,2.6230563190984286,2019-02-12
c0869,40.334342,15.469868,3.311812632245087,2019-02-13
c0869,40.334342,15.469868,2.001571480220643,2019-02-14
c0869,40.334342,15.469868,2.0072475593065127,2019-02-15
c0869,40.334342,15.469868,1.747778399195556,2019-02-16
c0869,40.334342,15.469868,0.3543187122328285,2019-02-17
c0869,40.334342,15.469868,0.2272723919329814,2019-02-18
c0869,40.334342,15.469868,0.2048687042674045,2019-02-19
c0869,40.334342,15.469868,0.1685387117918692,2019-02-20
c0869,40.334342,15.469868,0.3298472308513934,2019-02-21
c0869,40.334342,15.469868,1.0039627231491255,2019-02-22
c0869,40.334342,15.469868,4.197413848419736,2019-02-23
c0869,40.334342,15.469868,3.130940402254893,2019-02-24
c0869,40.334342,15.469868,2.183928554996886,2019-02-25
c0869,40.334342,15.469868,1.1581959163928088,2019-02-26
c0869,40.334342,15.469868,1.9874073316378449,2019-02-27
c0869,40.334342,15.469868,0.4778163217414186,2019-02-28
c0869,40.334342,15.469868,0.8857212307409722,2019-03-01
c0869,40.334342,15.469868,1.560384380281247,2019-03-02
c0869,40.334342,15.469868,0.6505007317011964,2019-03-03
c0869,40.334342,15.469868,0.9856945133990456,2019-03-04
c0869,40.334342,15.469868,1.2478531964861836,2019-03-05
c0869,40.334342,15.469868,0.7305964109491423,2019-03-06
c0869,40.334342,15.469868,1.3122293630453945,2019-03-07
c0869,40.334342,15.469868,0.7518873336227145,2019-03-08
c0869,40.334342,15.469868,1.107586964388568,2019-03-09
c0869,40.334342,15.469868,1.3072310404580352,2019-03-10
c0869,40.334342,15.469868,1.884299767758862,2019-03-11
c0869,40.334342,15.469868,2.7432256480390516,2019-03-12
c0869,40.334342,15.469868,0.7291352168656424,2019-03-13
c0869,40.334342,15.469868,0.7335914905978516,2019-03-14
c0869,40.334342,15.469868,0.5498259122268941,2019-03-15
c0869,40.334342,15.469868,0.6317373119731191,2019-03-16
c0869,40.334342,15.469868,0.7729040170719768,2019-03-17
c0869,40.334342,15.469868,0.7261873543396304,2019-03-18
c0869,40.334342,15.469868,0.3962535532530732,2019-03-19
c0869,40.334342,15.469868,1.7680195971684491,2019-03-20
c0869,40.334342,15.469868,2.3981925536344075,2019-03-21
c0869,40.334342,15.469868,1.9505794437417607,2019-03-22
c0869,40.334342,15.469868,1.476474712525687,2019-03-23
c0869,40.334342,15.469868,0.2924400448988736,2019-03-24
c0869,40.334342,15.469868,0.9301698942368218,2019-03-25
c0869,40.334342,15.469868,0.40537277498453,2019-03-26
c0869,40.334342,15.469868,1.722723867009333,2019-03-27
c0869,40.334342,15.469868,2.412706591452656,2019-03-28
c0869,40.334342,15.469868,2.232939266844705,2019-03-29
c0869,40.334342,15.469868,1.3279463675758112,2019-03-30
c0869,40.334342,15.469868,0.2761297854260843,2019-03-31
c0869,40.334342,15.469868,0.3068643895820668,2019-04-01
c0869,40.334342,15.469868,0.5098426074179203,2019-04-02
c0869,40.334342,15.469868,0.8991395054613593,2019-04-03
c0869,40.334342,15.469868,1.916066219837,2019-04-04
c0869,40.334342,15.469868,1.082407170926561,2019-04-05
c0869,40.334342,15.469868,0.2624782462051545,2019-04-06
c0869,40.334342,15.469868,1.1235295771864162,2019-04-07
c0869,40.334342,15.469868,1.0310324116967726,2019-04-08
c0869,40.334342,15.469868,1.2938476489669124,2019-04-09
c0869,40.334342,15.469868,1.148061078449209,2019-04-10
c0869,40.334342,15.469868,1.3904950900625448,2019-04-11
c0869,40.334342,15.469868,0.5337957140184375,2019-04-12
c0869,40.334342,15.469868,0.6575182184068941,2019-04-13
c0869,40.334342,15.469868,0.4397889662428342,2019-04-14
c0869,40.334342,15.469868,1.5524768603474528,2019-04-15
c0869,40.334342,15.469868,0.3008044435655688,2019-04-16
c0869,40.334342,15.469868,0.655900687906506,2019-04-17
c0869,40.334342,15.469868,1.1865864324953848,2019-04-18
c0869,40.334342,15.469868,1.226988464756937,2019-04-19
c0869,40.334342,15.469868,1.0602446245357304,2019-04-20
c0869,40.334342,15.469868,1.2877472382132005,2019-04-21
c0869,40.334342,15.469868,1.7014482372698034,2019-04-22
c0869,40.334342,15.469868,1.1642717629409456,2019-04-23
c0869,40.334342,15.469868,0.7229394618867444,2019-04-24
c0869,40.334342,15.469868,0.5713746288578092,2019-04-25
c0869,40.334342,15.469868,0.9778753287436468,2019-04-26
c0869,40.334342,15.469868,1.3634879525048766,2019-04-27
c0869,40.334342,15.469868,1.7734557755984244,2019-04-28
c0869,40.334342,15.469868,2.0875081102252113,2019-04-29
c0869,40.334342,15.469868,1.121700728568085,2019-04-30
c0869,40.334342,15.469868,0.5099161875636088,2019-05-01
c0869,40.334342,15.469868,0.5670579359714777,2019-05-02
c0869,40.334342,15.469868,0.9267850819931736,2019-05-03
c0869,40.334342,15.469868,0.4001668909869605,2019-05-04
c0869,40.334342,15.469868,1.9544641563195235,2019-05-05
c0869,40.334342,15.469868,1.056845241282136,2019-05-06
c0869,40.334342,15.469868,1.31449797022747,2019-05-07
c0869,40.334342,15.469868,0.6678138199777223,2019-05-08
c0869,40.334342,15.469868,1.5634335357395417,2019-05-09
c0869,40.334342,15.469868,0.6566242929144153,2019-05-10
c0869,40.334342,15.469868,0.6476145292347181,2019-05-11
c0869,40.334342,15.469868,0.7848426897987621,2019-05-12
c0869,40.334342,15.469868,1.0833888856579008,2019-05-13
c0869,40.334342,15.469868,0.6684630695897874,2019-05-14
c0869,40.334342,15.469868,0.503520360964356,2019-05-15
c0869,40.334342,15.469868,1.393894918547099,2019-05-16
c0869,40.334342,15.469868,0.6252370986411518,2019-05-17
c0869,40.334342,15.469868,1.15808112900705,2019-05-18
c0869,40.334342,15.469868,1.269440989985601,2019-05-19
c0869,40.334342,15.469868,1.5204560602329915,2019-05-20
c0869,40.334342,15.469868,1.7038716860070051,2019-05-21
c0869,40.334342,15.469868,1.09215519503504,2019-05-22
c0869,40.334342,15.469868,0.5059984595577678,2019-05-23
c0869,40.334342,15.469868,0.6723213810942599,2019-05-24
c0869,40.334342,15.469868,0.5334229174124847,2019-05-25
c0869,40.334342,15.469868,1.307352121427281,2019-05-26
c0869,40.334342,15.469868,1.2728199919624947,2019-05-27
c0869,40.334342,15.469868,1.4641692188358542,2019-05-28
c0869,40.334342,15.469868,1.5656902131256925,2019-05-29
c0869,40.334342,15.469868,0.2807301446807149,2019-05-30
c0869,40.334342,15.469868,1.0359001223036246,2019-05-31
c0869,40.334342,15.469868,0.9658654047801872,2019-06-01
c0869,40.334342,15.469868,0.5097739920487946,2019-06-02
c0869,40.334342,15.469868,0.7320975167993686,2019-06-03
c0869,40.334342,15.469868,0.5832824298357314,2019-06-04
c0869,40.334342,15.469868,0.4440150886286766,2019-06-05
c0869,40.334342,15.469868,0.659343744904445,2019-06-06
c0869,40.334342,15.469868,0.4874855560333742,2019-06-07
c0869,40.334342,15.469868,0.6054246369678971,2019-06-08
c0869,40.334342,15.469868,0.4697615131655633,2019-06-09
c0869,40.334342,15.469868,0.5029640548414165,2019-06-10
c0869,40.334342,15.469868,0.3576353786189156,2019-06-11
c0869,40.334342,15.469868,0.913815528202546,2019-06-12
c0869,40.334342,15.469868,0.2379171110318057,2019-06-13
c0869,40.334342,15.469868,0.7586716777779541,2019-06-14
c0869,40.334342,15.469868,0.5476680607120569,2019-06-15
c0869,40.334342,15.469868,0.6263982705375197,2019-06-16
c0869,40.334342,15.469868,0.3315973586447968,2019-06-17
c0869,40.334342,15.469868,0.0527399038811378,2019-06-18
c0869,40.334342,15.469868,0.2687736548240621,2019-06-19
c0869,40.334342,15.469868,0.6510507829848358,2019-06-20
c0869,40.334342,15.469868,0.3053873365936577,2019-06-21
c0869,40.334342,15.469868,0.3936688049807185,2019-06-22
c0869,40.334342,15.469868,1.0994592321235153,2019-06-23
c0869,40.334342,15.469868,1.307993098879021,2019-06-24
c0869,40.334342,15.469868,1.9353825128966229,2019-06-25
c0869,40.334342,15.469868,1.5170034544531272,2019-06-26
c0869,40.334342,15.469868,1.4737887996962202,2019-06-27
c0869,40.334342,15.469868,1.097360138478275,2019-06-28
c0869,40.334342,15.469868,1.9994197827584037,2019-06-29
c0869,40.334342,15.469868,0.8837587551847357,2019-06-30
c0869,40.334342,15.469868,0.1293099251860052,2019-07-01
c0869,40.334342,15.469868,0.2740895726529023,2019-07-02
c0869,40.334342,15.469868,0.4138012885179302,2019-07-03
c0869,40.334342,15.469868,0.3356634611701991,2019-07-04
c0869,40.334342,15.469868,0.6918077002336567,2019-07-05
c0869,40.334342,15.469868,0.6807175704193639,2019-07-06
c0869,40.334342,15.469868,1.0062518661549418,2019-07-07
c0869,40.334342,15.469868,0.9610117859703264,2019-07-08
c0869,40.334342,15.469868,0.832460963080619,2019-07-09
c0869,40.334342,15.469868,1.3249112233221108,2019-07-10
c0869,40.334342,15.469868,1.1832762694652188,2019-07-11
c0869,40.334342,15.469868,0.8477525255832659,2019-07-12
c0869,40.334342,15.469868,1.0025126370521082,2019-07-13
c0869,40.334342,15.469868,1.3130021898040538,2019-07-14
c0869,40.334342,15.469868,0.607979998841875,2019-07-15
c0869,40.334342,15.469868,1.925342229232848,2019-07-16
c0869,40.334342,15.469868,1.0467122900575472,2019-07-17
c0869,40.334342,15.469868,0.5828220126048917,2019-07-18
c0869,40.334342,15.469868,0.3152024462368833,2019-07-19
c0869,40.334342,15.469868,0.2365278695759491,2019-07-20
c0869,40.334342,15.469868,0.538376065069705,2019-07-21
c0869,40.334342,15.469868,0.7027648657720847,2019-07-22
c0869,40.334342,15.469868,1.334779892176799,2019-07-23
c0869,40.334342,15.469868,1.4267308371511835,2019-07-24
c0869,40.334342,15.469868,0.5908840270901866,2019-07-25
c0869,40.334342,15.469868,0.6980119782354924,2019-07-26
c0869,40.334342,15.469868,0.8704357696066447,2019-07-27
c0869,40.334342,15.469868,2.0280846592682837,2019-07-28
c0869,40.334342,15.469868,1.6393427792795678,2019-07-29
c0869,40.334342,15.469868,0.7662434315161247,2019-07-30
c0869,40.334342,15.469868,0.8372341119513105,2019-07-31
c0869,40.334342,15.469868,0.6686207579741159,2019-08-01
c0869,40.334342,15.469868,0.6143913960123476,2019-08-02
c0869,40.334342,15.469868,0.6970373653730636,2019-08-03
c0869,40.334342,15.469868,0.8943617809193551,2019-08-04
c0869,40.334342,15.469868,0.85276578449915,2019-08-05
c0869,40.334342,15.469868,0.5904592283034216,2019-08-06
c0869,40.334342,15.469868,0.6255384043000672,2019-08-07
c0869,40.334342,15.469868,0.6377013600415141,2019-08-08
c0869,40.334342,15.469868,0.5980581033314756,2019-08-09
c0869,40.334342,15.469868,0.5024124325476119,2019-08-10
c0869,40.334342,15.469868,0.4714266044863084,2019-08-11
c0869,40.334342,15.469868,0.2613275660116123,2019-08-12
c0869,40.334342,15.469868,0.5916121042568583,2019-08-13
c0869,40.334342,15.469868,1.311578229716017,2019-08-14
c0869,40.334342,15.469868,0.9402668562707244,2019-08-15
c0869,40.334342,15.469868,0.7749076610694378,2019-08-16
c0869,40.334342,15.469868,0.543239672019233,2019-08-17
c0869,40.334342,15.469868,0.2212641520427257,2019-08-18
c0869,40.334342,15.469868,0.2860148126953295,2019-08-19
c0869,40.334342,15.469868,0.1819259885192279,2019-08-20
c0869,40.334342,15.469868,0.4645523439083581,2019-08-21
c0869,40.334342,15.469868,0.2101800466445869,2019-08-22
c0869,40.334342,15.469868,0.5926957711272138,2019-08-23
c0869,40.334342,15.469868,0.4811787096563865,2019-08-24
c0869,40.334342,15.469868,0.221372833375727,2019-08-25
c0869,40.334342,15.469868,0.0563109614328505,2019-08-26
c0869,40.334342,15.469868,0.1797002177336669,2019-08-27
c0869,40.334342,15.469868,0.2529695082391721,2019-08-28
c0869,40.334342,15.469868,0.2426433006867636,2019-08-29
c0869,40.334342,15.469868,0.480546515153277,2019-08-30
c0869,40.334342,15.469868,0.2568379298277691,2019-08-31
c0869,40.334342,15.469868,0.2570678931985488,2019-09-01
c0869,40.334342,15.469868,0.1161532450061883,2019-09-02
c0869,40.334342,15.469868,0.630232643714667,2019-09-03
c0869,40.334342,15.469868,1.2476769677171942,2019-09-04
c0869,40.334342,15.469868,0.3646244667934031,2019-09-05
c0869,40.334342,15.469868,0.4412422563020438,2019-09-06
c0869,40.334342,15.469868,0.966746847809253,2019-09-07
c0869,40.334342,15.469868,0.957094248520085,2019-09-08
c0869,40.334342,15.469868,1.1693936948112038,2019-09-09
c0869,40.334342,15.469868,0.6390114802036396,2019-09-10
c0869,40.334342,15.469868,1.1185621529855687,2019-09-11
c0869,40.334342,15.469868,1.261534319367784,2019-09-12
c0869,40.334342,15.469868,1.8227637048159104,2019-09-13
c0869,40.334342,15.469868,1.4621069751916105,2019-09-14
c0869,40.334342,15.469868,0.5972742276146951,2019-09-15
c0869,40.334342,15.469868,0.4115528175681128,2019-09-16
c0869,40.334342,15.469868,0.541208424316421,2019-09-17
c0869,40.334342,15.469868,0.4600559840532289,2019-09-18
c0869,40.334342,15.469868,0.1933579500410314,2019-09-19
c0869,40.334342,15.469868,1.5153498134883143,2019-09-20
c0869,40.334342,15.469868,0.5172540639022181,2019-09-21
c0869,40.334342,15.469868,0.7579480966665698,2019-09-22
c0869,40.334342,15.469868,1.420346180442102,2019-09-23
c0869,40.334342,15.469868,1.036248690340349,2019-09-24
c0869,40.334342,15.469868,1.0666339881333518,2019-09-25
c0869,40.334342,15.469868,0.433986149000302,2019-09-26
c0869,40.334342,15.469868,0.160760938273933,2019-09-27
c0869,40.334342,15.469868,0.6215660022408676,2019-09-28
c0869,40.334342,15.469868,0.6851661113888491,2019-09-29
c0869,40.334342,15.469868,0.8768018993674428,2019-09-30
c0869,40.334342,15.469868,0.389405857899479,2019-10-01
c0869,40.334342,15.469868,0.7492407297418423,2019-10-02
c0869,40.334342,15.469868,0.3959350983046915,2019-10-03
c0869,40.334342,15.469868,1.2206260525040853,2019-10-04
c0869,40.334342,15.469868,1.015244280274836,2019-10-05
c0869,40.334342,15.469868,0.486171452652091,2019-10-06
c0869,40.334342,15.469868,1.2237999496890428,2019-10-07
c0869,40.334342,15.469868,1.9509501426464864,2019-10-08
c0869,40.334342,15.469868,0.6118986693262162,2019-10-09
c0869,40.334342,15.469868,0.509792725464987,2019-10-10
c0869,40.334342,15.469868,0.6312293067748515,2019-10-11
c0869,40.334342,15.469868,0.242199102152344,2019-10-12
c0869,40.334342,15.469868,0.1632467302853704,2019-10-13
c0869,40.334342,15.469868,0.3718026580802069,2019-10-14
c0869,40.334342,15.469868,0.6224982160447224,2019-10-15
c0869,40.334342,15.469868,0.7486111713357781,2019-10-16
c0869,40.334342,15.469868,0.1283478963594702,2019-10-17
c0869,40.334342,15.469868,0.208150108279877,2019-10-18
c0869,40.334342,15.469868,0.4363402946972899,2019-10-19
c0869,40.334342,15.469868,0.2665052351850755,2019-10-20
c0869,40.334342,15.469868,0.3307210561881952,2019-10-21
c0869,40.334342,15.469868,0.7688574495929519,2019-10-22
c0869,40.334342,15.469868,0.7886424518872364,2019-10-23
c0869,40.334342,15.469868,0.8122187567269333,2019-10-24
c0869,40.334342,15.469868,0.676082851283827,2019-10-25
c0869,40.334342,15.469868,1.1945640702632423,2019-10-26
c0869,40.334342,15.469868,0.4386926782946787,2019-10-27
c0869,40.334342,15.469868,0.2837723912933923,2019-10-28
c0869,40.334342,15.469868,0.4538926557979487,2019-10-29
c0869,40.334342,15.469868,0.3168064856386735,2019-10-30
c0869,40.334342,15.469868,0.1115354781850335,2019-10-31
c0869,40.334342,15.469868,0.6665993908524745,2019-11-01
c0869,40.334342,15.469868,1.0993334916207846,2019-11-02
c0869,40.334342,15.469868,2.3653411605670662,2019-11-03
c0869,40.334342,15.469868,2.1272530849705653,2019-11-04
c0869,40.334342,15.469868,2.159151668667861,2019-11-05
c0869,40.334342,15.469868,1.1671422546392916,2019-11-06
c0869,40.334342,15.469868,0.4110449315810079,2019-11-07
c0869,40.334342,15.469868,1.1915177095423242,2019-11-08
c0869,40.334342,15.469868,1.3796726649608375,2019-11-09
c0869,40.334342,15.469868,1.002523178587326,2019-11-10
c0869,40.334342,15.469868,1.1413575764834685,2019-11-11
c0869,40.334342,15.469868,1.69036922990117,2019-11-12
c0869,40.334342,15.469868,1.6662096955028372,2019-11-13
c0869,40.334342,15.469868,0.6394870080091821,2019-11-14
c0869,40.334342,15.469868,1.49094323214269,2019-11-15
c0869,40.334342,15.469868,1.8008104551503707,2019-11-16
c0869,40.334342,15.469868,1.3431362827938096,2019-11-17
c0869,40.334342,15.469868,0.8901113699682757,2019-11-18
c0869,40.334342,15.469868,0.7166938763344766,2019-11-19
c0869,40.334342,15.469868,1.0440537213574823,2019-11-20
c0869,40.334342,15.469868,0.466255554662514,2019-11-21
c0869,40.334342,15.469868,0.611585030800446,2019-11-22
c0869,40.334342,15.469868,1.2694209661431746,2019-11-23
c0869,40.334342,15.469868,1.0059833193731105,2019-11-24
c0869,40.334342,15.469868,0.5902849605170446,2019-11-25
c0869,40.334342,15.469868,0.414424604930587,2019-11-26
c0869,40.334342,15.469868,1.3431860872492074,2019-11-27
c0869,40.334342,15.469868,1.7416319433823946,2019-11-28
c0869,40.334342,15.469868,1.6078164579713288,2019-11-29
c0869,40.334342,15.469868,0.2427071465101814,2019-11-30
c0869,40.334342,15.469868,0.6741215326806635,2019-12-01
c0869,40.334342,15.469868,1.005795788849477,2019-12-02
c0869,40.334342,15.469868,1.1084449019169755,2019-12-03
c0869,40.334342,15.469868,1.9827252557773465,2019-12-04
c0869,40.334342,15.469868,1.370035855123632,2019-12-05
c0869,40.334342,15.469868,0.2238942949663845,2019-12-06
c0869,40.334342,15.469868,0.8742525823645395,2019-12-07
c0869,40.334342,15.469868,0.3176420719426356,2019-12-08
c0869,40.334342,15.469868,0.9149441565142722,2019-12-09
c0869,40.334342,15.469868,0.8608285483585579,2019-12-10
c0869,40.334342,15.469868,1.845248994302234,2019-12-11
c0869,40.334342,15.469868,0.7649763748040839,2019-12-12
c0869,40.334342,15.469868,1.787966356856681,2019-12-13
c0869,40.334342,15.469868,0.7171716842702603,2019-12-14
c0869,40.334342,15.469868,0.642305484191942,2019-12-15
c0869,40.334342,15.469868,0.6039063479030607,2019-12-16
c0869,40.334342,15.469868,0.9836291106025076,2019-12-17
c0869,40.334342,15.469868,1.0332155157250724,2019-12-18
c0869,40.334342,15.469868,1.2257473998368928,2019-12-19
c0869,40.334342,15.469868,1.1640735196670653,2019-12-20
c0869,40.334342,15.469868,2.5861367635392156,2019-12-21
c0869,40.334342,15.469868,3.363826178524868,2019-12-22
c0869,40.334342,15.469868,1.0770188978398707,2019-12-23
c0869,40.334342,15.469868,0.7544968166902191,2019-12-24
c0869,40.334342,15.469868,0.4591116930378474,2019-12-25
c0869,40.334342,15.469868,1.280658761877296,2019-12-26
c0869,40.334342,15.469868,0.9226384704410814,2019-12-27
c0869,40.334342,15.469868,2.0433498986985836,2019-12-28
c0869,40.334342,15.469868,2.551289450797206,2019-12-29
c0869,40.334342,15.469868,2.703931622012001,2019-12-30
c0869,40.334342,15.469868,1.2137360858190622,2019-12-31
c0869,40.334342,15.469868,1.4397322732629962,2020-01-01
c0869,40.334342,15.469868,1.3649911175546967,2020-01-02
c0869,40.334342,15.469868,0.4335391824467303,2020-01-03
c0869,40.334342,15.469868,0.3688099932341933,2020-01-04
c0869,40.334342,15.469868,2.3379468986481866,2020-01-05
c0869,40.334342,15.469868,2.39375628793019,2020-01-06
c0869,40.334342,15.469868,1.111529071919477,2020-01-07
c0869,40.334342,15.469868,1.3011651373391322,2020-01-08
c0869,40.334342,15.469868,0.3567007557936784,2020-01-09
c0869,40.334342,15.469868,0.5226804463495343,2020-01-10
c0869,40.334342,15.469868,1.0430885154103322,2020-01-11
c0869,40.334342,15.469868,1.255485079456596,2020-01-12
c0869,40.334342,15.469868,0.9344316271189048,2020-01-13
c0869,40.334342,15.469868,0.4437705691543253,2020-01-14
c0869,40.334342,15.469868,0.4201552477618696,2020-01-15
c0869,40.334342,15.469868,0.8040531933866655,2020-01-16
c0869,40.334342,15.469868,0.2728794849846716,2020-01-17
c0869,40.334342,15.469868,0.6423700820246613,2020-01-18
c0869,40.334342,15.469868,0.7858705930394044,2020-01-19
c0869,40.334342,15.469868,1.7114502154391298,2020-01-20
c0869,40.334342,15.469868,1.4679981856444777,2020-01-21
c0869,40.334342,15.469868,0.4203585614305176,2020-01-22
c0869,40.334342,15.469868,0.8706066399983243,2020-01-23
c0869,40.334342,15.469868,0.5866136598565206,2020-01-24
c0869,40.334342,15.469868,0.5717584227164241,2020-01-25
c0869,40.334342,15.469868,0.4255378501025429,2020-01-26
c0869,40.334342,15.469868,0.4868566778023913,2020-01-27
c0869,40.334342,15.469868,1.7020672181401535,2020-01-28
c0869,40.334342,15.469868,1.7587177299725685,2020-01-29
c0869,40.334342,15.469868,0.2939924705470298,2020-01-30
c0869,40.334342,15.469868,0.5873976430846207,2020-01-31
c0869,40.334342,15.469868,0.4819969923122405,2020-02-01
c0869,40.334342,15.469868,0.7757598677272622,2020-02-02
c0869,40.334342,15.469868,0.7577115001432776,2020-02-03
c0869,40.334342,15.469868,1.4393654530351976,2020-02-04
c0869,40.334342,15.469868,3.0255651283849603,2020-02-05
c0869,40.334342,15.469868,2.940008265463091,2020-02-06
c0869,40.334342,15.469868,1.1132602521114556,2020-02-07
c0869,40.334342,15.469868,0.3322894264729917,2020-02-08
c0869,40.334342,15.469868,0.3423895919735246,2020-02-09
c0869,40.334342,15.469868,1.5492214939212812,2020-02-10
c0869,40.334342,15.469868,2.118559800403982,2020-02-11
c0869,40.334342,15.469868,0.871360510925468,2020-02-12
c0869,40.334342,15.469868,0.7269300969335577,2020-02-13
c0869,40.334342,15.469868,0.4344327809314798,2020-02-14
c0869,40.334342,15.469868,1.629038643264549,2020-02-15
c0869,40.334342,15.469868,0.3645329942391963,2020-02-16
c0869,40.334342,15.469868,0.3189353036114357,2020-02-17
c0869,40.334342,15.469868,0.4322371513145667,2020-02-18
c0869,40.334342,15.469868,0.7640021803197831,2020-02-19
c0869,40.334342,15.469868,1.8306430261980005,2020-02-20
c0869,40.334342,15.469868,0.5170223664351479,2020-02-21
c0869,40.334342,15.469868,1.7778966596881536,2020-02-22
c0869,40.334342,15.469868,0.5833168116918181,2020-02-23
c0869,40.334342,15.469868,0.5390543342493376,2020-02-24
c0869,40.334342,15.469868,0.8678738083066803,2020-02-25
c0869,40.334342,15.469868,2.4964717119213455,2020-02-26
c0869,40.334342,15.469868,1.7312628203074656,2020-02-27
c0869,40.334342,15.469868,0.4279828326917236,2020-02-28
c0869,40.334342,15.469868,0.7617489868742603,2020-02-29
c0869,40.334342,15.469868,1.711381855480678,2020-03-01
c0869,40.334342,15.469868,1.9031695269114053,2020-03-02
c0869,40.334342,15.469868,1.6532001427564298,2020-03-03
c0869,40.334342,15.469868,0.5791173488852039,2020-03-04
c0869,40.334342,15.469868,0.2856545828689584,2020-03-05
c0869,40.334342,15.469868,1.4305602183233797,2020-03-06
c0869,40.334342,15.469868,0.1400997303670794,2020-03-07
c0869,40.334342,15.469868,1.2710765106020925,2020-03-08
c0869,40.334342,15.469868,0.5205956715470397,2020-03-09
c0869,40.334342,15.469868,1.1446969137049257,2020-03-10
c0869,40.334342,15.469868,0.5448680202205751,2020-03-11
c0869,40.334342,15.469868,0.4138805573493433,2020-03-12
c0869,40.334342,15.469868,0.3626007743917047,2020-03-13
c0869,40.334342,15.469868,0.2619326549564001,2020-03-14
c0869,40.334342,15.469868,1.7293857796092915,2020-03-15
c0869,40.334342,15.469868,1.2921961552123875,2020-03-16
c0869,40.334342,15.469868,0.5094043633181924,2020-03-17
c0869,40.334342,15.469868,0.931931695249928,2020-03-18
c0869,40.334342,15.469868,0.5606296823358504,2020-03-19
c0869,40.334342,15.469868,0.1180064435707473,2020-03-20
c0869,40.334342,15.469868,0.543262118093901,2020-03-21
c0869,40.334342,15.469868,0.8322379549856944,2020-03-22
c0869,40.334342,15.469868,2.38159079115924,2020-03-23
c0869,40.334342,15.469868,1.3917803590768645,2020-03-24
c0869,40.334342,15.469868,2.0071330462474894,2020-03-25
c0869,40.334342,15.469868,1.4807432053445602,2020-03-26
c0869,40.334342,15.469868,0.6728502558814816,2020-03-27
c0869,40.334342,15.469868,0.330665162893119,2020-03-28
c0869,40.334342,15.469868,0.3090608847517479,2020-03-29
c0869,40.334342,15.469868,0.4751653480207519,2020-03-30
c0869,40.334342,15.469868,0.3518133722191492,2020-03-31
c0869,40.334342,15.469868,1.9224648058475895,2020-04-01
c0869,40.334342,15.469868,0.3670587496589521,2020-04-02
c0869,40.334342,15.469868,1.218975865708109,2020-04-03
c0869,40.334342,15.469868,2.384478936284329,2020-04-04
c0869,40.334342,15.469868,2.1609656295805832,2020-04-05
c0869,40.334342,15.469868,1.4704253354091903,2020-04-06
c0869,40.334342,15.469868,1.6099931459714831,2020-04-07
c0869,40.334342,15.469868,0.8441093754431447,2020-04-08
c0869,40.334342,15.469868,0.4519859793709802,2020-04-09
c0869,40.334342,15.469868,0.4586595024432379,2020-04-10
c0869,40.334342,15.469868,0.4013991618376948,2020-04-11
c0869,40.334342,15.469868,0.1140407534436785,2020-04-12
c0869,40.334342,15.469868,0.791758742494838,2020-04-13
c0869,40.334342,15.469868,0.3362239334270572,2020-04-14
c0869,40.334342,15.469868,2.169756981409636,2020-04-15
c0869,40.334342,15.469868,0.1520008980004797,2020-04-16
c0869,40.334342,15.469868,0.2710333080562718,2020-04-17
c0869,40.334342,15.469868,0.3533807446253507,2020-04-18
c0869,40.334342,15.469868,0.3683553084537684,2020-04-19
c0869,40.334342,15.469868,0.703448159375109,2020-04-20
c0869,40.334342,15.469868,0.8947596597212616,2020-04-21
c0869,40.334342,15.469868,0.3450735054876991,2020-04-22
c0869,40.334342,15.469868,1.032251527427301,2020-04-23
c0869,40.334342,15.469868,0.3174928021551798,2020-04-24
c0869,40.334342,15.469868,0.7284172717872984,2020-04-25
c0869,40.334342,15.469868,0.2181742995172116,2020-04-26
c0869,40.334342,15.469868,0.5084022836626656,2020-04-27
c0869,40.334342,15.469868,1.0608357963375978,2020-04-28
c0869,40.334342,15.469868,1.566782350192955,2020-04-29
c0869,40.334342,15.469868,1.2593422166569952,2020-04-30
c0869,40.334342,15.469868,1.4708484834585167,2020-05-01
c0869,40.334342,15.469868,1.4753304870147916,2020-05-02
c0869,40.334342,15.469868,0.4231910946925509,2020-05-03
c0869,40.334342,15.469868,1.1661536977948062,2020-05-04
c0869,40.334342,15.469868,0.6936319570943298,2020-05-05
c0869,40.334342,15.469868,0.4247179151192741,2020-05-06
c0869,40.334342,15.469868,2.264971265142607,2020-05-07
c0869,40.334342,15.469868,0.2939273622952761,2020-05-08
c0869,40.334342,15.469868,0.3892354590406949,2020-05-09
c0869,40.334342,15.469868,0.5651111878517148,2020-05-10
c0869,40.334342,15.469868,1.4722382606572273,2020-05-11
c0869,40.334342,15.469868,1.573949908713702,2020-05-12
c0869,40.334342,15.469868,1.2521841338249355,2020-05-13
c0869,40.334342,15.469868,1.7311933886326023,2020-05-14
c0869,40.334342,15.469868,1.1509993266241023,2020-05-15
c0869,40.334342,15.469868,1.3489619888541275,2020-05-16
c0869,40.334342,15.469868,0.3025780913624601,2020-05-17
c0869,40.334342,15.469868,1.6152979424342209,2020-05-18
c0869,40.334342,15.469868,0.8913090563446971,2020-05-19
c0869,40.334342,15.469868,0.303093690711329,2020-05-20
c0869,40.334342,15.469868,1.9104767849639537,2020-05-21
c0869,40.334342,15.469868,1.6974480651782011,2020-05-22
c0869,40.334342,15.469868,0.622180008280604,2020-05-23
c0869,40.334342,15.469868,0.803561718360411,2020-05-24
c0869,40.334342,15.469868,1.5914224411983966,2020-05-25
c0869,40.334342,15.469868,2.1425300930881277,2020-05-26
c0869,40.334342,15.469868,2.1644138072225085,2020-05-27
c0869,40.334342,15.469868,1.2696176240758337,2020-05-28
c0869,40.334342,15.469868,0.4658702373674493,2020-05-29
c0869,40.334342,15.469868,0.4330141218110687,2020-05-30
c0869,40.334342,15.469868,0.7832282381766704,2020-05-31
c0869,40.334342,15.469868,1.508813055388181,2020-06-01
c0869,40.334342,15.469868,0.9557804667229772,2020-06-02
c0869,40.334342,15.469868,0.6558596530477547,2020-06-03
c0869,40.334342,15.469868,1.4100531280847537,2020-06-04
c0869,40.334342,15.469868,1.0937155311470912,2020-06-05
c0869,40.334342,15.469868,0.6189072381078407,2020-06-06
c0869,40.334342,15.469868,0.8601804927820966,2020-06-07
c0869,40.334342,15.469868,1.1240980896234978,2020-06-08
c0869,40.334342,15.469868,1.0711727402764646,2020-06-09
c0869,40.334342,15.469868,1.4377061768897417,2020-06-10
c0869,40.334342,15.469868,1.3899260479726587,2020-06-11
c0869,40.334342,15.469868,0.5316113614893865,2020-06-12
c0869,40.334342,15.469868,0.8077507986055068,2020-06-13
c0869,40.334342,15.469868,1.4912864014337623,2020-06-14
c0869,40.334342,15.469868,1.3500065061902828,2020-06-15
c0869,40.334342,15.469868,0.8625545558552714,2020-06-16
c0869,40.334342,15.469868,1.4804249070887077,2020-06-17
c0869,40.334342,15.469868,1.4567212529712954,2020-06-18
c0869,40.334342,15.469868,0.5944588939578401,2020-06-19
c0869,40.334342,15.469868,0.7601176135156278,2020-06-20
c0869,40.334342,15.469868,1.5834808586551612,2020-06-21
c0869,40.334342,15.469868,2.1101611336091732,2020-06-22
c0869,40.334342,15.469868,2.1345002830370055,2020-06-23
c0869,40.334342,15.469868,0.3373307973420654,2020-06-24
c0869,40.334342,15.469868,0.4478067220754579,2020-06-25
c0869,40.334342,15.469868,0.2513033848846031,2020-06-26
c0869,40.334342,15.469868,0.3508869324400944,2020-06-27
c0869,40.334342,15.469868,0.1965945307576023,2020-06-28
c0869,40.334342,15.469868,0.8715946680724971,2020-06-29
c0869,40.334342,15.469868,0.6645383729760351,2020-06-30
c0869,40.334342,15.469868,0.6914065686192996,2020-07-01
c0869,40.334342,15.469868,0.4560395310430976,2020-07-02
c0869,40.334342,15.469868,0.6984722499629659,2020-07-03
c0869,40.334342,15.469868,0.4649242388376942,2020-07-04
c0869,40.334342,15.469868,1.421659619979558,2020-07-05
c0869,40.334342,15.469868,1.081275523050667,2020-07-06
c0869,40.334342,15.469868,1.3361438864631203,2020-07-07
c0869,40.334342,15.469868,0.7820947579971397,2020-07-08
c0869,40.334342,15.469868,0.3612046987207768,2020-07-09
c0869,40.334342,15.469868,0.3749328074661661,2020-07-10
c0869,40.334342,15.469868,0.7155856075887015,2020-07-11
c0869,40.334342,15.469868,0.8301012491669764,2020-07-12
c0869,40.334342,15.469868,1.3841987151108155,2020-07-13
c0869,40.334342,15.469868,0.3824925022748395,2020-07-14
c0869,40.334342,15.469868,0.989002827126842,2020-07-15
c0869,40.334342,15.469868,0.8148088119750991,2020-07-16
c0869,40.334342,15.469868,0.3201073723412236,2020-07-17
c0869,40.334342,15.469868,0.537044896949036,2020-07-18
c0869,40.334342,15.469868,0.6232014884419943,2020-07-19
c0869,40.334342,15.469868,0.7674752278746507,2020-07-20
c0869,40.334342,15.469868,0.7639151059548042,2020-07-21
c0869,40.334342,15.469868,0.548712845138502,2020-07-22
c0869,40.334342,15.469868,0.657075105530613,2020-07-23
c0869,40.334342,15.469868,0.8137704783598242,2020-07-24
c0869,40.334342,15.469868,0.8917997649948936,2020-07-25
c0869,40.334342,15.469868,0.8353021402779153,2020-07-26
c0869,40.334342,15.469868,0.7108569348643287,2020-07-27
c0869,40.334342,15.469868,0.4822936999090825,2020-07-28
c0869,40.334342,15.469868,0.4592091504498143,2020-07-29
c0869,40.334342,15.469868,0.491465445368595,2020-07-30
c0869,40.334342,15.469868,0.5816808301595716,2020-07-31
c0869,40.334342,15.469868,0.5549111857959458,2020-08-01
c0869,40.334342,15.469868,0.6149392300197031,2020-08-02
c0869,40.334342,15.469868,1.1573714053002515,2020-08-03
c0869,40.334342,15.469868,1.362263797611012,2020-08-04
c0869,40.334342,15.469868,0.3706424508212607,2020-08-05
c0869,40.334342,15.469868,1.1246996868819954,2020-08-06
c0869,40.334342,15.469868,1.144183044894335,2020-08-07
c0869,40.334342,15.469868,1.2270699812194406,2020-08-08
c0869,40.334342,15.469868,1.6972608316139055,2020-08-09
c0869,40.334342,15.469868,0.4572439090096357,2020-08-10
c0869,40.334342,15.469868,0.3312313083149178,2020-08-11
c0869,40.334342,15.469868,0.4679041705624411,2020-08-12
c0869,40.334342,15.469868,0.5855244135265183,2020-08-13
c0869,40.334342,15.469868,0.8029414923308626,2020-08-14
c0869,40.334342,15.469868,0.7624129304910334,2020-08-15
c0869,40.334342,15.469868,0.541669818807483,2020-08-16
c0869,40.334342,15.469868,0.718209665110081,2020-08-17
c0869,40.334342,15.469868,0.9736775543009272,2020-08-18
c0869,40.334342,15.469868,0.7690802472485037,2020-08-19
c0869,40.334342,15.469868,0.5244850564642614,2020-08-20
c0869,40.334342,15.469868,0.3968491054197883,2020-08-21
c0869,40.334342,15.469868,0.5639383221200015,2020-08-22
c0869,40.334342,15.469868,0.6470625977491831,2020-08-23
c0869,40.334342,15.469868,0.6344415125477556,2020-08-24
c0869,40.334342,15.469868,0.6340308171433409,2020-08-25
c0869,40.334342,15.469868,0.795309940283183,2020-08-26
c0869,40.334342,15.469868,0.7133505738313672,2020-08-27
c0869,40.334342,15.469868,0.5669176709872615,2020-08-28
c0869,40.334342,15.469868,0.910671224887101,2020-08-29
c0869,40.334342,15.469868,0.8277531441297952,2020-08-30
c0869,40.334342,15.469868,0.9180263291968692,2020-08-31
c0869,40.334342,15.469868,1.010719682721983,2020-09-01
c0869,40.334342,15.469868,0.4767301888588801,2020-09-02
c0869,40.334342,15.469868,0.3637763469189303,2020-09-03
c0869,40.334342,15.469868,1.2429943176356766,2020-09-04
c0869,40.334342,15.469868,0.2750250681798898,2020-09-05
c0869,40.334342,15.469868,0.4601560405275694,2020-09-06
c0869,40.334342,15.469868,0.194760777582079,2020-09-07
c0869,40.334342,15.469868,1.2845248841947736,2020-09-08
c0869,40.334342,15.469868,0.5012134329584026,2020-09-09
c0869,40.334342,15.469868,0.3317930811031401,2020-09-10
c0869,40.334342,15.469868,0.0999760596656067,2020-09-11
c0869,40.334342,15.469868,0.6021249226180189,2020-09-12
c0869,40.334342,15.469868,1.3315905900972822,2020-09-13
c0869,40.334342,15.469868,1.283507413135328,2020-09-14
c0869,40.334342,15.469868,1.0208901791201648,2020-09-15
c0869,40.334342,15.469868,0.9914659710349848,2020-09-16
c0869,40.334342,15.469868,1.0826901136517475,2020-09-17
c0869,40.334342,15.469868,1.5319858064965617,2020-09-18
c0869,40.334342,15.469868,0.5133329168178612,2020-09-19
c0869,40.334342,15.469868,0.4529696060156055,2020-09-20
c0869,40.334342,15.469868,0.7646174339946097,2020-09-21
c0869,40.334342,15.469868,1.0052190518393669,2020-09-22
c0869,40.334342,15.469868,1.3014413592837986,2020-09-23
c0869,40.334342,15.469868,1.155328469176301,2020-09-24
c0869,40.334342,15.469868,1.834748694904294,2020-09-25
c0869,40.334342,15.469868,1.9135508596886923,2020-09-26
c0869,40.334342,15.469868,2.171457767902269,2020-09-27
c0869,40.334342,15.469868,2.136046461648857,2020-09-28
c0869,40.334342,15.469868,0.7670672781095658,2020-09-29
c0869,40.334342,15.469868,0.3249972036208043,2020-09-30
c0869,40.334342,15.469868,0.3585535112575228,2020-10-01
c0869,40.334342,15.469868,1.0242970816090196,2020-10-02
c0869,40.334342,15.469868,1.708368396657398,2020-10-03
c0869,40.334342,15.469868,1.2349787512314585,2020-10-04
c0869,40.334342,15.469868,1.0120507600266475,2020-10-05
c0869,40.334342,15.469868,0.8204711609829057,2020-10-06
c0869,40.334342,15.469868,1.006807411134545,2020-10-07
c0869,40.334342,15.469868,1.8884501034391776,2020-10-08
c0869,40.334342,15.469868,0.6293825705697469,2020-10-09
c0869,40.334342,15.469868,0.3399909372592352,2020-10-10
c0869,40.334342,15.469868,0.7232815134436855,2020-10-11
c0869,40.334342,15.469868,0.5901878063427316,2020-10-12
c0869,40.334342,15.469868,0.5106745046731163,2020-10-13
c0869,40.334342,15.469868,1.2982206468022373,2020-10-14
c0869,40.334342,15.469868,1.8974534781296797,2020-10-15
c0869,40.334342,15.469868,1.0733256396275073,2020-10-16
c0869,40.334342,15.469868,0.5867310977654574,2020-10-17
c0869,40.334342,15.469868,0.3063124594356709,2020-10-18
c0869,40.334342,15.469868,0.6691573877785697,2020-10-19
c0869,40.334342,15.469868,0.5916101732150225,2020-10-20
c0869,40.334342,15.469868,0.221539154053193,2020-10-21
c0869,40.334342,15.469868,0.2836965719980897,2020-10-22
c0869,40.334342,15.469868,0.3181039744906583,2020-10-23
c0869,40.334342,15.469868,0.734808543669716,2020-10-24
c0869,40.334342,15.469868,0.932325107671491,2020-10-25
c0869,40.334342,15.469868,0.7589068499588312,2020-10-26
c0869,40.334342,15.469868,0.4188981509771171,2020-10-27
c0869,40.334342,15.469868,1.1596602433255097,2020-10-28
c0869,40.334342,15.469868,0.29874105615296,2020-10-29
c0869,40.334342,15.469868,0.5702523534957867,2020-10-30
c0869,40.334342,15.469868,0.3100204031070471,2020-10-31
c0869,40.334342,15.469868,0.2449669208499728,2020-11-01
c0869,40.334342,15.469868,0.1871269353882343,2020-11-02
c0869,40.334342,15.469868,0.2582945680556388,2020-11-03
c0869,40.334342,15.469868,0.2654222567094395,2020-11-04
c0869,40.334342,15.469868,0.8701535315075268,2020-11-05
c0869,40.334342,15.469868,1.3989871345588178,2020-11-06
c0869,40.334342,15.469868,1.0166305768057162,2020-11-07
c0869,40.334342,15.469868,0.702501238306103,2020-11-08
c0869,40.334342,15.469868,0.8698942997036706,2020-11-09
c0869,40.334342,15.469868,0.9902090594680556,2020-11-10
c0869,40.334342,15.469868,0.5586031304056969,2020-11-11
c0869,40.334342,15.469868,0.2439791265812344,2020-11-12
c0869,40.334342,15.469868,0.2248870286665173,2020-11-13
c0869,40.334342,15.469868,0.2666340873203601,2020-11-14
c0869,40.334342,15.469868,0.2694461329613577,2020-11-15
c0869,40.334342,15.469868,0.8532020821255776,2020-11-16
c0869,40.334342,15.469868,1.2406751524894843,2020-11-17
c0869,40.334342,15.469868,1.7751239439626882,2020-11-18
c0869,40.334342,15.469868,0.2497085650878895,2020-11-19
c0869,40.334342,15.469868,0.6027160603427757,2020-11-20
c0869,40.334342,15.469868,2.7688220994545465,2020-11-21
c0869,40.334342,15.469868,2.1740617456465996,2020-11-22
c0869,40.334342,15.469868,1.2259027641728193,2020-11-23
c0869,40.334342,15.469868,1.1667569723402913,2020-11-24
c0869,40.334342,15.469868,0.8212785699399064,2020-11-25
c0869,40.334342,15.469868,0.6147553329810275,2020-11-26
c0869,40.334342,15.469868,0.6484857326180138,2020-11-27
c0869,40.334342,15.469868,1.2005800063287384,2020-11-28
c0869,40.334342,15.469868,0.7737639975055672,2020-11-29
c0869,40.334342,15.469868,1.3643298026635582,2020-11-30
c0869,40.334342,15.469868,0.5134549381150911,2020-12-01
c0869,40.334342,15.469868,1.442397168843117,2020-12-02
c0869,40.334342,15.469868,0.7976723255385061,2020-12-03
c0869,40.334342,15.469868,0.6693091933298057,2020-12-04
c0869,40.334342,15.469868,1.6711979719396035,2020-12-05
c0869,40.334342,15.469868,1.4982618955077025,2020-12-06
c0869,40.334342,15.469868,1.000495996068601,2020-12-07
c0869,40.334342,15.469868,1.7641050319265308,2020-12-08
c0869,40.334342,15.469868,1.6100278620798312,2020-12-09
c0869,40.334342,15.469868,1.0691559383288445,2020-12-10
c0869,40.334342,15.469868,0.9798952912123096,2020-12-11
c0869,40.334342,15.469868,0.2322893372790664,2020-12-12
c0869,40.334342,15.469868,1.4128941938441533,2020-12-13
c0869,40.334342,15.469868,1.5932858112213657,2020-12-14
c0869,40.334342,15.469868,0.5360527361681704,2020-12-15
c0869,40.334342,15.469868,0.3407592170727462,2020-12-16
c0869,40.334342,15.469868,0.6104563669080957,2020-12-17
c0869,40.334342,15.469868,0.722105331068872,2020-12-18
c0869,40.334342,15.469868,0.6632987495329928,2020-12-19
c0869,40.334342,15.469868,0.9381208573132264,2020-12-20
c0869,40.334342,15.469868,0.6454416133513,2020-12-21
c0869,40.334342,15.469868,0.3018074972166746,2020-12-22
c0869,40.334342,15.469868,0.36268751454611,2020-12-23
c0869,40.334342,15.469868,1.3629104754607186,2020-12-24
c0869,40.334342,15.469868,1.4158898758367229,2020-12-25
c0869,40.334342,15.469868,0.3999274458103602,2020-12-26
c0869,40.334342,15.469868,0.2221468117129639,2020-12-27
c0869,40.334342,15.469868,2.9441861341288504,2020-12-28
c0869,40.334342,15.469868,1.7785337727393653,2020-12-29
c0869,40.334342,15.469868,1.5254228608021725,2020-12-30
c0869,40.334342,15.469868,0.9361701187692152,2020-12-31
c0869,40.334342,15.469868,0.904069944435242,2021-01-01
c0869,40.334342,15.469868,1.369095664279835,2021-01-02
c0869,40.334342,15.469868,1.1226498733413808,2021-01-03
c0869,40.334342,15.469868,0.5451525752789098,2021-01-04
c0869,40.334342,15.469868,1.281436589250415,2021-01-05
c0869,40.334342,15.469868,1.6650323777409688,2021-01-06
c0869,40.334342,15.469868,0.6387592271976131,2021-01-07
c0869,40.334342,15.469868,0.6111940897022448,2021-01-08
c0869,40.334342,15.469868,1.286070077042998,2021-01-09
c0869,40.334342,15.469868,0.7492330606560139,2021-01-10
c0869,40.334342,15.469868,0.3247784636974699,2021-01-11
c0869,40.334342,15.469868,0.4301993469504694,2021-01-12
c0869,40.334342,15.469868,0.63456744232202,2021-01-13
c0869,40.334342,15.469868,0.4787989760468171,2021-01-14
c0869,40.334342,15.469868,1.5973301269537783,2021-01-15
c0869,40.334342,15.469868,1.8687347518711204,2021-01-16
c0869,40.334342,15.469868,0.4465531752918552,2021-01-17
c0869,40.334342,15.469868,1.5373536678695223,2021-01-18
c0869,40.334342,15.469868,0.3349320137500572,2021-01-19
c0869,40.334342,15.469868,1.1018211069235244,2021-01-20
c0869,40.334342,15.469868,1.1565269364235486,2021-01-21
c0869,40.334342,15.469868,1.7307374665962272,2021-01-22
c0869,40.334342,15.469868,2.159667567372747,2021-01-23
c0869,40.334342,15.469868,2.0153282430625294,2021-01-24
c0869,40.334342,15.469868,1.965446777492286,2021-01-25
c0869,40.334342,15.469868,1.615535978573448,2021-01-26
c0869,40.334342,15.469868,0.6946213553247401,2021-01-27
c0869,40.334342,15.469868,0.4661047744304958,2021-01-28
c0869,40.334342,15.469868,1.4029795334409287,2021-01-29
c0869,40.334342,15.469868,1.1908796951153828,2021-01-30
c0869,40.334342,15.469868,1.385416959877212,2021-01-31
c0869,40.334342,15.469868,1.1673266398987454,2021-02-01
c0869,40.334342,15.469868,0.3347288564557716,2021-02-02
c0869,40.334342,15.469868,0.6799909260505109,2021-02-03
c0869,40.334342,15.469868,0.3374707200088747,2021-02-04
c0869,40.334342,15.469868,0.6333824405993163,2021-02-05
c0869,40.334342,15.469868,0.8408999047052658,2021-02-06
c0869,40.334342,15.469868,1.1968739225876062,2021-02-07
c0869,40.334342,15.469868,1.922312593696516,2021-02-08
c0869,40.334342,15.469868,2.349584370594882,2021-02-09
c0869,40.334342,15.469868,2.655433943366663,2021-02-10
c0869,40.334342,15.469868,1.2763800410189297,2021-02-11
c0869,40.334342,15.469868,0.651662333008621,2021-02-12
c0869,40.334342,15.469868,1.663793275548457,2021-02-13
c0869,40.334342,15.469868,2.7958082802631177,2021-02-14
c0869,40.334342,15.469868,2.3131169708982786,2021-02-15
c0869,40.334342,15.469868,0.4639527717525588,2021-02-16
c0869,40.334342,15.469868,0.4633377478468504,2021-02-17
c0869,40.334342,15.469868,0.3465182059921144,2021-02-18
c0869,40.334342,15.469868,0.290014536596156,2021-02-19
c0869,40.334342,15.469868,0.3141436427492264,2021-02-20
c0869,40.334342,15.469868,0.6006830598925261,2021-02-21
c0869,40.334342,15.469868,0.3227597356308613,2021-02-22
c0869,40.334342,15.469868,0.8795432799768805,2021-02-23
c0869,40.334342,15.469868,0.93994490544527,2021-02-24
c0869,40.334342,15.469868,0.7948546116986187,2021-02-25
c0869,40.334342,15.469868,0.3174148177966265,2021-02-26
c0869,40.334342,15.469868,0.3647059461486822,2021-02-27
c0869,40.334342,15.469868,1.7678830445379772,2021-02-28
c0869,40.334342,15.469868,0.823136759290297,2021-03-01
c0869,40.334342,15.469868,1.4556969836967784,2021-03-02
c0869,40.334342,15.469868,0.2991979292244253,2021-03-03
c0869,40.334342,15.469868,0.4079545069269084,2021-03-04
c0869,40.334342,15.469868,0.55893633391239,2021-03-05
c0869,40.334342,15.469868,0.7702338970203315,2021-03-06
c0869,40.334342,15.469868,0.3881918564134066,2021-03-07
c0869,40.334342,15.469868,0.3081783499869314,2021-03-08
c0869,40.334342,15.469868,1.1086462441299791,2021-03-09
c0869,40.334342,15.469868,0.6655658858128812,2021-03-10
c0869,40.334342,15.469868,0.7426996189996762,2021-03-11
c0869,40.334342,15.469868,1.46501920214053,2021-03-12
c0869,40.334342,15.469868,1.1426551844400372,2021-03-13
c0869,40.334342,15.469868,2.2966397476711915,2021-03-14
c0869,40.334342,15.469868,1.5341232701448548,2021-03-15
c0869,40.334342,15.469868,1.1061691664126516,2021-03-16
c0869,40.334342,15.469868,1.3634934070900209,2021-03-17
c0869,40.334342,15.469868,1.1639311972825583,2021-03-18
c0869,40.334342,15.469868,0.7447450397633049,2021-03-19
c0869,40.334342,15.469868,1.5913212796665397,2021-03-20
c0869,40.334342,15.469868,1.9386747175244048,2021-03-21
c0869,40.334342,15.469868,2.091988329579375,2021-03-22
c0869,40.334342,15.469868,2.4952084041542197,2021-03-23
c0869,40.334342,15.469868,1.8866796487822528,2021-03-24
c0869,40.334342,15.469868,1.243749218738066,2021-03-25
c0869,40.334342,15.469868,0.4450139273712193,2021-03-26
c0869,40.334342,15.469868,0.525125574342185,2021-03-27
c0869,40.334342,15.469868,0.2789312977768996,2021-03-28
c0869,40.334342,15.469868,0.738218557536976,2021-03-29
c0869,40.334342,15.469868,1.6532875071761903,2021-03-30
c0869,40.334342,15.469868,1.4568131448233836,2021-03-31
c0869,40.334342,15.469868,0.4309840852019789,2021-04-01
c0869,40.334342,15.469868,0.558604857375005,2021-04-02
c0869,40.334342,15.469868,0.3542278304403566,2021-04-03
c0869,40.334342,15.469868,1.999659235486252,2021-04-04
c0869,40.334342,15.469868,0.187622114259594,2021-04-05
c0869,40.334342,15.469868,2.565811377148094,2021-04-06
c0869,40.334342,15.469868,0.5335237598088431,2021-04-07
c0869,40.334342,15.469868,1.5859070721467188,2021-04-08
c0869,40.334342,15.469868,0.0831898038355661,2021-04-09
c0869,40.334342,15.469868,0.5551633306028958,2021-04-10
c0869,40.334342,15.469868,0.7410760148129425,2021-04-11
c0869,40.334342,15.469868,1.0289272340426958,2021-04-12
c0869,40.334342,15.469868,1.535804587328421,2021-04-13
c0869,40.334342,15.469868,1.1487329808172684,2021-04-14
c0869,40.334342,15.469868,0.5171020728565526,2021-04-15
c0869,40.334342,15.469868,1.7892061374351966,2021-04-16
c0869,40.334342,15.469868,1.3201073542246131,2021-04-17
c0869,40.334342,15.469868,0.5511104687144278,2021-04-18
c0869,40.334342,15.469868,0.2120071219327613,2021-04-19
c0869,40.334342,15.469868,0.7031164075717682,2021-04-20
c0869,40.334342,15.469868,0.5767368035083911,2021-04-21
c0869,40.334342,15.469868,0.8612020033255131,2021-04-22
c0869,40.334342,15.469868,1.593513490325814,2021-04-23
c0869,40.334342,15.469868,1.9809441953326157,2021-04-24
c0869,40.334342,15.469868,0.3696106693581094,2021-04-25
c0869,40.334342,15.469868,0.826741297545783,2021-04-26
c0869,40.334342,15.469868,1.1082325914662534,2021-04-27
c0869,40.334342,15.469868,0.8393689469698467,2021-04-28
c0869,40.334342,15.469868,0.4948572830704461,2021-04-29
c0869,40.334342,15.469868,0.9205617031590836,2021-04-30
c0869,40.334342,15.469868,1.4462255323278854,2021-05-01
c0869,40.334342,15.469868,1.7741488420170357,2021-05-02
c0869,40.334342,15.469868,0.6290074615544757,2021-05-03
c0869,40.334342,15.469868,0.3265915638812113,2021-05-04
c0869,40.334342,15.469868,1.374644967916823,2021-05-05
c0869,40.334342,15.469868,0.8140800966593794,2021-05-06
c0869,40.334342,15.469868,1.1699109396238505,2021-05-07
c0869,40.334342,15.469868,0.5801104119988604,2021-05-08
c0869,40.334342,15.469868,0.2826334228857389,2021-05-09
c0869,40.334342,15.469868,0.4153237421602702,2021-05-10
c0869,40.334342,15.469868,0.781508934002298,2021-05-11
c0869,40.334342,15.469868,1.8013553830400406,2021-05-12
c0869,40.334342,15.469868,1.764178995115676,2021-05-13
c0869,40.334342,15.469868,1.7649211867143852,2021-05-14
c0869,40.334342,15.469868,1.5832048803411518,2021-05-15
c0869,40.334342,15.469868,1.3241286474120124,2021-05-16
c0869,40.334342,15.469868,1.7978475410106778,2021-05-17
c0869,40.334342,15.469868,0.932523846423998,2021-05-18
c0869,40.334342,15.469868,1.8506543814942151,2021-05-19
c0869,40.334342,15.469868,1.5014271986919183,2021-05-20
c0869,40.334342,15.469868,0.493444259920387,2021-05-21
c0869,40.334342,15.469868,0.8487990168895847,2021-05-22
c0869,40.334342,15.469868,0.6262633937130422,2021-05-23
c0869,40.334342,15.469868,1.1409236607701088,2021-05-24
c0869,40.334342,15.469868,0.954326357417776,2021-05-25
c0869,40.334342,15.469868,0.6682731967786184,2021-05-26
c0869,40.334342,15.469868,0.665414922892642,2021-05-27
c0869,40.334342,15.469868,0.5081358988647756,2021-05-28
c0869,40.334342,15.469868,0.3458909737232407,2021-05-29
c0869,40.334342,15.469868,0.5270324792951783,2021-05-30
c0869,40.334342,15.469868,1.2704568012654156,2021-05-31
c0869,40.334342,15.469868,0.874375236375666,2021-06-01
c0869,40.334342,15.469868,0.3749774972825496,2021-06-02
c0869,40.334342,15.469868,0.3597886652926021,2021-06-03
c0869,40.334342,15.469868,0.4102562792637179,2021-06-04
c0869,40.334342,15.469868,0.7530295465494565,2021-06-05
c0869,40.334342,15.469868,0.7819392331195125,2021-06-06
c0869,40.334342,15.469868,0.8993379285151469,2021-06-07
c0869,40.334342,15.469868,0.4820116387347151,2021-06-08
c0869,40.334342,15.469868,0.800891130638488,2021-06-09
c0869,40.334342,15.469868,0.8924954058273251,2021-06-10
c0869,40.334342,15.469868,0.5219845125891193,2021-06-11
c0869,40.334342,15.469868,0.7529470105639471,2021-06-12
c0869,40.334342,15.469868,0.7359934863505037,2021-06-13
c0869,40.334342,15.469868,0.9528229773075804,2021-06-14
c0869,40.334342,15.469868,1.4305802285160452,2021-06-15
c0869,40.334342,15.469868,0.5348444273178313,2021-06-16
c0869,40.334342,15.469868,0.3579342620777673,2021-06-17
c0869,40.334342,15.469868,0.6402643084426606,2021-06-18
c0869,40.334342,15.469868,0.7127779010059349,2021-06-19
c0869,40.334342,15.469868,0.6046286215325514,2021-06-20
c0869,40.334342,15.469868,0.6183955997816232,2021-06-21
c0869,40.334342,15.469868,0.90642393451728,2021-06-22
c0869,40.334342,15.469868,0.3792833491010479,2021-06-23
c0869,40.334342,15.469868,0.6236899423720501,2021-06-24
c0869,40.334342,15.469868,0.9111924160730892,2021-06-25
c0869,40.334342,15.469868,0.7513571452335136,2021-06-26
c0869,40.334342,15.469868,0.2467744379954764,2021-06-27
c0869,40.334342,15.469868,0.8389696862262087,2021-06-28
c0869,40.334342,15.469868,0.9024305577270356,2021-06-29
c0869,40.334342,15.469868,1.2076953071351737,2021-06-30
c0869,40.334342,15.469868,1.3776911771632756,2021-07-01
c0869,40.334342,15.469868,1.148386698756117,2021-07-02
c0869,40.334342,15.469868,0.7585997815442392,2021-07-03
c0869,40.334342,15.469868,1.0688084714798995,2021-07-04
c0869,40.334342,15.469868,0.8842088956763677,2021-07-05
c0869,40.334342,15.469868,0.6035350238478583,2021-07-06
c0869,40.334342,15.469868,0.3134909007322532,2021-07-07
c0869,40.334342,15.469868,0.5107820285047749,2021-07-08
c0869,40.334342,15.469868,0.7778289023714874,2021-07-09
c0869,40.334342,15.469868,0.5712621341161079,2021-07-10
c0869,40.334342,15.469868,0.8256481659684626,2021-07-11
c0869,40.334342,15.469868,0.5043999779734015,2021-07-12
c0869,40.334342,15.469868,0.8113651722001676,2021-07-13
c0869,40.334342,15.469868,1.505394400541707,2021-07-14
c0869,40.334342,15.469868,1.3918251286397034,2021-07-15
c0869,40.334342,15.469868,1.2730486310673648,2021-07-16
c0869,40.334342,15.469868,0.7550900942678851,2021-07-17
c0869,40.334342,15.469868,0.8211728237997067,2021-07-18
c0869,40.334342,15.469868,0.7734181790425447,2021-07-19
c0869,40.334342,15.469868,1.1896147888145154,2021-07-20
c0869,40.334342,15.469868,1.20281902196457,2021-07-21
c0869,40.334342,15.469868,1.138359196322982,2021-07-22
c0869,40.334342,15.469868,0.5296516986958084,2021-07-23
c0869,40.334342,15.469868,0.5031002367161003,2021-07-24
c0869,40.334342,15.469868,0.7460698172536295,2021-07-25
c0869,40.334342,15.469868,0.5838243164670338,2021-07-26
c0869,40.334342,15.469868,0.3792428322789541,2021-07-27
c0869,40.334342,15.469868,0.5040235785529953,2021-07-28
c0869,40.334342,15.469868,0.991099442865712,2021-07-29
c0869,40.334342,15.469868,0.7981050223290038,2021-07-30
c0869,40.334342,15.469868,0.6481482367024909,2021-07-31
c0869,40.334342,15.469868,1.4137896959025866,2021-08-01
c0869,40.334342,15.469868,1.2711006081074314,2021-08-02
c0869,40.334342,15.469868,0.7150235398135611,2021-08-03
c0869,40.334342,15.469868,1.2083702749792915,2021-08-04
c0869,40.334342,15.469868,2.0245402327531856,2021-08-05
c0869,40.334342,15.469868,1.483685964863735,2021-08-06
c0869,40.334342,15.469868,0.4546999083895857,2021-08-07
c0869,40.334342,15.469868,0.9302137746206212,2021-08-08
c0869,40.334342,15.469868,0.7297298951635633,2021-08-09
c0869,40.334342,15.469868,0.602197445829494,2021-08-10
c0869,40.334342,15.469868,0.4814919431277434,2021-08-11
c0869,40.334342,15.469868,1.1265779853742484,2021-08-12
c0869,40.334342,15.469868,0.6171754302873231,2021-08-13
c0869,40.334342,15.469868,0.8651689920085058,2021-08-14
c0869,40.334342,15.469868,0.3239176805346302,2021-08-15
c0869,40.334342,15.469868,0.7414023928332485,2021-08-16
c0869,40.334342,15.469868,1.256179000652056,2021-08-17
c0869,40.334342,15.469868,0.481883781164519,2021-08-18
c0869,40.334342,15.469868,0.1176956015777593,2021-08-19
c0869,40.334342,15.469868,0.2519013890772459,2021-08-20
c0869,40.334342,15.469868,0.6543762193206,2021-08-21
c0869,40.334342,15.469868,0.4198444596021931,2021-08-22
c0869,40.334342,15.469868,0.8456150733638824,2021-08-23
c0869,40.334342,15.469868,0.6119490525500643,2021-08-24
c0869,40.334342,15.469868,0.6830852395407269,2021-08-25
c0869,40.334342,15.469868,0.802142932468499,2021-08-26
c0869,40.334342,15.469868,1.2114232546189443,2021-08-27
c0869,40.334342,15.469868,1.0793439338809472,2021-08-28
c0869,40.334342,15.469868,0.5714666466688558,2021-08-29
c0869,40.334342,15.469868,0.5594042994061155,2021-08-30
c0869,40.334342,15.469868,0.6291724932676283,2021-08-31
c0869,40.334342,15.469868,0.5638299813595778,2021-09-01
c0869,40.334342,15.469868,1.0295122390407054,2021-09-02
c0869,40.334342,15.469868,0.0761232428750306,2021-09-03
c0869,40.334342,15.469868,0.4172096425835445,2021-09-04
c0869,40.334342,15.469868,0.9145607239413376,2021-09-05
c0869,40.334342,15.469868,1.1173793889648749,2021-09-06
c0869,40.334342,15.469868,1.155814131373731,2021-09-07
c0869,40.334342,15.469868,0.8511580616747609,2021-09-08
c0869,40.334342,15.469868,0.2502740167074052,2021-09-09
c0869,40.334342,15.469868,0.3841271067002716,2021-09-10
c0869,40.334342,15.469868,1.1245885256031398,2021-09-11
c0869,40.334342,15.469868,0.9380685359685248,2021-09-12
c0869,40.334342,15.469868,0.4573095817228776,2021-09-13
c0869,40.334342,15.469868,0.4614027611386934,2021-09-14
c0869,40.334342,15.469868,0.3852682799535452,2021-09-15
c0869,40.334342,15.469868,0.5175483336433562,2021-09-16
c0869,40.334342,15.469868,1.007038656080474,2021-09-17
c0869,40.334342,15.469868,0.939401938502898,2021-09-18
c0869,40.334342,15.469868,1.0981080711521214,2021-09-19
c0869,40.334342,15.469868,1.5902843921784189,2021-09-20
c0869,40.334342,15.469868,0.5549195224263251,2021-09-21
c0869,40.334342,15.469868,1.101590781331232,2021-09-22
c0869,40.334342,15.469868,1.4976921002704826,2021-09-23
c0869,40.334342,15.469868,0.2090842495918874,2021-09-24
c0869,40.334342,15.469868,0.1532287809846957,2021-09-25
c0869,40.334342,15.469868,0.2631713621144779,2021-09-26
c0869,40.334342,15.469868,0.3912111382598037,2021-09-27
c0869,40.334342,15.469868,0.8169666285097731,2021-09-28
c0869,40.334342,15.469868,0.2284787141456206,2021-09-29
c0869,40.334342,15.469868,0.6109576629641381,2021-09-30
c0869,40.334342,15.469868,0.8419031677185314,2021-10-01
c0869,40.334342,15.469868,0.3615317491516272,2021-10-02
c0869,40.334342,15.469868,0.5956139472612084,2021-10-03
c0869,40.334342,15.469868,0.5944913688093465,2021-10-04
c0869,40.334342,15.469868,0.8225389115086974,2021-10-05
c0869,40.334342,15.469868,1.4320582003998916,2021-10-06
c0869,40.334342,15.469868,1.0304920256133656,2021-10-07
c0869,40.334342,15.469868,0.6306701316958322,2021-10-08
c0869,40.334342,15.469868,1.1701306974175325,2021-10-09
c0869,40.334342,15.469868,1.0544395471247223,2021-10-10
c0869,40.334342,15.469868,0.4466350822241335,2021-10-11
c0869,40.334342,15.469868,1.2389766131687203,2021-10-12
c0869,40.334342,15.469868,1.4100763656369957,2021-10-13
c0869,40.334342,15.469868,3.0636522884279844,2021-10-14
c0869,40.334342,15.469868,2.27593643736352,2021-10-15
c0869,40.334342,15.469868,0.5474409294067547,2021-10-16
c0869,40.334342,15.469868,0.4467574723545904,2021-10-17
c0869,40.334342,15.469868,0.7100743870883566,2021-10-18
c0869,40.334342,15.469868,0.2439048852076032,2021-10-19
c0869,40.334342,15.469868,0.4910304481262356,2021-10-20
c0869,40.334342,15.469868,1.0704399285074553,2021-10-21
c0869,40.334342,15.469868,0.8712734065059704,2021-10-22
c0869,40.334342,15.469868,0.4608090414290214,2021-10-23
c0869,40.334342,15.469868,2.150568989325087,2021-10-24
c0869,40.334342,15.469868,1.935437322264512,2021-10-25
c0869,40.334342,15.469868,1.2759243002317713,2021-10-26
c0869,40.334342,15.469868,1.432206041953185,2021-10-27
c0869,40.334342,15.469868,1.4268780999790769,2021-10-28
c0869,40.334342,15.469868,1.495700416164367,2021-10-29
c0869,40.334342,15.469868,0.7236423175798818,2021-10-30
c0869,40.334342,15.469868,0.6878331701142407,2021-10-31
c0869,40.334342,15.469868,1.0581502740041522,2021-11-01
c0869,40.334342,15.469868,1.9554840458907548,2021-11-02
c0869,40.334342,15.469868,1.6165506768869813,2021-11-03
c0869,40.334342,15.469868,1.2217884957758185,2021-11-04
c0869,40.334342,15.469868,0.5837059652024078,2021-11-05
c0869,40.334342,15.469868,1.2564984351217847,2021-11-06
c0869,40.334342,15.469868,1.2961474721325563,2021-11-07
c0869,40.334342,15.469868,1.1055829795140384,2021-11-08
c0869,40.334342,15.469868,1.3010088273505145,2021-11-09
c0869,40.334342,15.469868,1.2901399533516271,2021-11-10
c0869,40.334342,15.469868,1.2639944048979934,2021-11-11
c0869,40.334342,15.469868,0.6584641403702263,2021-11-12
c0869,40.334342,15.469868,0.5014169759278699,2021-11-13
c0869,40.334342,15.469868,0.2902117234065007,2021-11-14
c0869,40.334342,15.469868,0.8633187296326179,2021-11-15
c0869,40.334342,15.469868,0.5746245206937038,2021-11-16
c0869,40.334342,15.469868,0.7735970354166468,2021-11-17
c0869,40.334342,15.469868,0.875159362838148,2021-11-18
c0869,40.334342,15.469868,1.3620867129172167,2021-11-19
c0869,40.334342,15.469868,0.9635988173746174,2021-11-20
c0869,40.334342,15.469868,0.4381117946273266,2021-11-21
c0869,40.334342,15.469868,0.5966380835801959,2021-11-22
c0869,40.334342,15.469868,0.8176022186108128,2021-11-23
c0869,40.334342,15.469868,1.3472382057985064,2021-11-24
c0869,40.334342,15.469868,0.7459309738557874,2021-11-25
c0869,40.334342,15.469868,1.882035774473262,2021-11-26
c0869,40.334342,15.469868,1.9311889266107416,2021-11-27
c0869,40.334342,15.469868,2.046639524482551,2021-11-28
c0869,40.334342,15.469868,1.177065777267422,2021-11-29
c0869,40.334342,15.469868,0.9514591458636285,2021-11-30
c0869,40.334342,15.469868,1.1315806521231837,2021-12-01
c0869,40.334342,15.469868,2.175307733735761,2021-12-02
c0869,40.334342,15.469868,0.257913160380568,2021-12-03
c0869,40.334342,15.469868,0.3586004676969736,2021-12-04
c0869,40.334342,15.469868,1.575813242584915,2021-12-05
c0869,40.334342,15.469868,0.3168491857934182,2021-12-06
c0869,40.334342,15.469868,1.7708068812821876,2021-12-07
c0869,40.334342,15.469868,0.8801674298647493,2021-12-08
c0869,40.334342,15.469868,1.3612210157440792,2021-12-09
c0869,40.334342,15.469868,1.217799452440406,2021-12-10
c0869,40.334342,15.469868,0.4149212519843679,2021-12-11
c0869,40.334342,15.469868,1.729169755889287,2021-12-12
c0869,40.334342,15.469868,1.694400109966179,2021-12-13
c0869,40.334342,15.469868,1.9086242968074456,2021-12-14
c0869,40.334342,15.469868,1.490750731724027,2021-12-15
c0869,40.334342,15.469868,1.2302323589988955,2021-12-16
c0869,40.334342,15.469868,1.6115371242731436,2021-12-17
c0869,40.334342,15.469868,2.2524686765673105,2021-12-18
c0869,40.334342,15.469868,0.9605150757400388,2021-12-19
c0869,40.334342,15.469868,0.3528379216664478,2021-12-20
c0869,40.334342,15.469868,0.8108951206374764,2021-12-21
c0869,40.334342,15.469868,0.4409467699598467,2021-12-22
c0869,40.334342,15.469868,0.3578284471867588,2021-12-23
c0869,40.334342,15.469868,1.05248848768511,2021-12-24
c0869,40.334342,15.469868,1.018600851678392,2021-12-25
c0869,40.334342,15.469868,1.5338893573897114,2021-12-26
c0869,40.334342,15.469868,0.9721345771204704,2021-12-27
c0869,40.334342,15.469868,0.1448012469764107,2021-12-28
c0869,40.334342,15.469868,0.2601285793618053,2021-12-29
c0869,40.334342,15.469868,1.5269494869892726,2021-12-30
c0869,40.334342,15.469868,1.0968990499908535,2021-12-31
c0869,40.334342,15.469868,0.5176243760543169,2022-01-01
c0869,40.334342,15.469868,0.2904512556410799,2022-01-02
c0869,40.334342,15.469868,0.6455515777276974,2022-01-03
c0869,40.334342,15.469868,1.0587469499882096,2022-01-04
c0869,40.334342,15.469868,1.2925895935906295,2022-01-05
c0869,40.334342,15.469868,0.8391391731740236,2022-01-06
c0869,40.334342,15.469868,1.5776505844233353,2022-01-07
c0869,40.334342,15.469868,1.246702591490075,2022-01-08
c0869,40.334342,15.469868,0.7100445119399031,2022-01-09
c0869,40.334342,15.469868,1.634502158159964,2022-01-10
c0869,40.334342,15.469868,2.5841952719201267,2022-01-11
c0869,40.334342,15.469868,2.307919369904733,2022-01-12
c0869,40.334342,15.469868,1.9325436513757697,2022-01-13
c0869,40.334342,15.469868,1.1543949355651648,2022-01-14
c0869,40.334342,15.469868,1.3031917359033507,2022-01-15
c0869,40.334342,15.469868,0.3070180903289216,2022-01-16
c0869,40.334342,15.469868,0.4748211901820776,2022-01-17
c0869,40.334342,15.469868,1.1452687844556122,2022-01-18
c0869,40.334342,15.469868,0.2372192930717445,2022-01-19
c0869,40.334342,15.469868,0.9184469713682928,2022-01-20
c0869,40.334342,15.469868,0.4767716086419038,2022-01-21
c0869,40.334342,15.469868,1.2129421466373342,2022-01-22
c0869,40.334342,15.469868,1.403264660977737,2022-01-23
c0869,40.334342,15.469868,1.8751675026422696,2022-01-24
c0869,40.334342,15.469868,1.1193710658818183,2022-01-25
c0869,40.334342,15.469868,0.5145728464857554,2022-01-26
c0869,40.334342,15.469868,0.2723246599218853,2022-01-27
c0869,40.334342,15.469868,0.5936092211028401,2022-01-28
c0869,40.334342,15.469868,2.258158546630347,2022-01-29
c0869,40.334342,15.469868,0.4149000204528301,2022-01-30
c0869,40.334342,15.469868,0.639877578152105,2022-01-31
c0869,40.334342,15.469868,2.6638746316288033,2022-02-01
c0869,40.334342,15.469868,1.2921020818421824,2022-02-02
c0869,40.334342,15.469868,1.756560396745002,2022-02-03
c0869,40.334342,15.469868,0.6414311278135073,2022-02-04
c0869,40.334342,15.469868,0.2191733467329609,2022-02-05
c0869,40.334342,15.469868,0.4079729023762505,2022-02-06
c0869,40.334342,15.469868,1.1351047666531808,2022-02-07
c0869,40.334342,15.469868,2.533493769339308,2022-02-08
c0869,40.334342,15.469868,0.8708608308696316,2022-02-09
c0869,40.334342,15.469868,0.2950744078223434,2022-02-10
c0869,40.334342,15.469868,0.3252429245244905,2022-02-11
c0869,40.334342,15.469868,1.3234031108898494,2022-02-12
c0869,40.334342,15.469868,0.4083114358284908,2022-02-13
c0869,40.334342,15.469868,0.8386046763802216,2022-02-14
c0869,40.334342,15.469868,1.225487466793595,2022-02-15
c0869,40.334342,15.469868,0.4177161758167007,2022-02-16
c0869,40.334342,15.469868,0.3434560224615844,2022-02-17
c0869,40.334342,15.469868,0.3132739028721292,2022-02-18
c0869,40.334342,15.469868,0.4597601773331144,2022-02-19
c0869,40.334342,15.469868,0.4868869260126668,2022-02-20
c0869,40.334342,15.469868,2.136931573505373,2022-02-21
c0869,40.334342,15.469868,1.9648990039645275,2022-02-22
c0869,40.334342,15.469868,2.233165706552287,2022-02-23
c0869,40.334342,15.469868,0.5719936128057594,2022-02-24
c0869,40.334342,15.469868,0.4337903282325464,2022-02-25
c0869,40.334342,15.469868,0.5031364993524584,2022-02-26
c0869,40.334342,15.469868,1.5206700453761428,2022-02-27
c0869,40.334342,15.469868,1.6272756429771966,2022-02-28
c0869,40.334342,15.469868,1.7023568863144034,2022-03-01
c0869,40.334342,15.469868,1.5935633036269987,2022-03-02
c0869,40.334342,15.469868,0.3755188967109804,2022-03-03
c0869,40.334342,15.469868,0.0836581084391544,2022-03-04
c0869,40.334342,15.469868,1.0672960693477886,2022-03-05
c0869,40.334342,15.469868,0.6924746649285014,2022-03-06
c0869,40.334342,15.469868,0.2627139723555937,2022-03-07
c0869,40.334342,15.469868,1.8090338824216847,2022-03-08
c0869,40.334342,15.469868,2.3409340377484216,2022-03-09
c0869,40.334342,15.469868,1.819084466655728,2022-03-10
c0869,40.334342,15.469868,1.3772506701973404,2022-03-11
c0869,40.334342,15.469868,1.3463940700330568,2022-03-12
c0869,40.334342,15.469868,0.4554076179246579,2022-03-13
c0869,40.334342,15.469868,0.7222533972073151,2022-03-14
c0869,40.334342,15.469868,0.2995681114211488,2022-03-15
c0869,40.334342,15.469868,0.1440877982301748,2022-03-16
c0869,40.334342,15.469868,1.5441502150489863,2022-03-17
c0869,40.334342,15.469868,1.8445668638852135,2022-03-18
c0869,40.334342,15.469868,1.4431451042699244,2022-03-19
c0869,40.334342,15.469868,1.3249150166242856,2022-03-20
c0869,40.334342,15.469868,1.8725679331021612,2022-03-21
c0869,40.334342,15.469868,1.8290119626457584,2022-03-22
c0869,40.334342,15.469868,1.6060482132198926,2022-03-23
c0869,40.334342,15.469868,0.5097041195314258,2022-03-24
c0869,40.334342,15.469868,0.242537680927909,2022-03-25
c0869,40.334342,15.469868,0.809672475063834,2022-03-26
c0869,40.334342,15.469868,1.5863894827697425,2022-03-27
c0869,40.334342,15.469868,0.8411875967880266,2022-03-28
c0869,40.334342,15.469868,0.5109633805936776,2022-03-29
c0869,40.334342,15.469868,1.2903444369677737,2022-03-30
c0869,40.334342,15.469868,1.6554752735206488,2022-03-31
c0869,40.334342,15.469868,1.724898004897066,2022-04-01
c0869,40.334342,15.469868,1.9472263237594285,2022-04-02
c0869,40.334342,15.469868,1.1390998984101544,2022-04-03
c0869,40.334342,15.469868,0.803580944921328,2022-04-04
c0869,40.334342,15.469868,0.404746252355097,2022-04-05
c0869,40.334342,15.469868,0.8833274850209899,2022-04-06
c0869,40.334342,15.469868,1.5013222293331032,2022-04-07
c0869,40.334342,15.469868,1.808854377320951,2022-04-08
c0869,40.334342,15.469868,2.0177627531435474,2022-04-09
c0869,40.334342,15.469868,1.534008852284287,2022-04-10
c0869,40.334342,15.469868,0.692223910775857,2022-04-11
c0869,40.334342,15.469868,0.2185643463944487,2022-04-12
c0869,40.334342,15.469868,1.1136473771471616,2022-04-13
c0869,40.334342,15.469868,1.2872957501425395,2022-04-14
c0869,40.334342,15.469868,0.8650090520636061,2022-04-15
c0869,40.334342,15.469868,1.3256598163280746,2022-04-16
c0869,40.334342,15.469868,2.7206029165761176,2022-04-17
c0869,40.334342,15.469868,2.251998748810852,2022-04-18
c0869,40.334342,15.469868,0.8849893042559386,2022-04-19
c0869,40.334342,15.469868,0.2586867980705544,2022-04-20
c0869,40.334342,15.469868,1.707278287013435,2022-04-21
c0869,40.334342,15.469868,1.6811775540009253,2022-04-22
c0869,40.334342,15.469868,0.9828117223130656,2022-04-23
c0869,40.334342,15.469868,1.4543217456855368,2022-04-24
c0869,40.334342,15.469868,1.2302837446706123,2022-04-25
c0869,40.334342,15.469868,0.3950845110119901,2022-04-26
c0869,40.334342,15.469868,0.5240775126654506,2022-04-27
c0869,40.334342,15.469868,1.918249616697422,2022-04-28
c0869,40.334342,15.469868,1.9494001793497449,2022-04-29
c0869,40.334342,15.469868,0.3040785809438508,2022-04-30
c0869,40.334342,15.469868,0.3683133503438177,2022-05-01
c0869,40.334342,15.469868,0.4585255788681726,2022-05-02
c0869,40.334342,15.469868,0.4714285799764886,2022-05-03
c0869,40.334342,15.469868,0.1984151701037522,2022-05-04
c0869,40.334342,15.469868,1.0259125256083796,2022-05-05
c0869,40.334342,15.469868,1.963878879310426,2022-05-06
c0869,40.334342,15.469868,1.714680933352105,2022-05-07
c0869,40.334342,15.469868,1.1685674017559056,2022-05-08
c0869,40.334342,15.469868,1.1410128192785671,2022-05-09
c0869,40.334342,15.469868,0.6949479775816368,2022-05-10
c0869,40.334342,15.469868,0.2895205165561005,2022-05-11
c0869,40.334342,15.469868,0.4332967994932427,2022-05-12
c0869,40.334342,15.469868,0.4642253389038277,2022-05-13
c0869,40.334342,15.469868,0.5512530526899965,2022-05-14
c0869,40.334342,15.469868,0.3228446198832822,2022-05-15
c0869,40.334342,15.469868,0.219378251244086,2022-05-16
c0869,40.334342,15.469868,0.4571021154632516,2022-05-17
c0869,40.334342,15.469868,1.9118399323285045,2022-05-18
c0869,40.334342,15.469868,1.7840798539497007,2022-05-19
c0869,40.334342,15.469868,0.6383987566590101,2022-05-20
c0869,40.334342,15.469868,0.7203103214638553,2022-05-21
c0869,40.334342,15.469868,0.5483904793945847,2022-05-22
c0869,40.334342,15.469868,0.5516985197477825,2022-05-23
c0869,40.334342,15.469868,0.5840948282687424,2022-05-24
c0869,40.334342,15.469868,0.5328606578235233,2022-05-25
c0869,40.334342,15.469868,0.2415230559194289,2022-05-26
c0869,40.334342,15.469868,1.4779065678421066,2022-05-27
c0869,40.334342,15.469868,0.4529682197343466,2022-05-28
c0869,40.334342,15.469868,0.9473339534924292,2022-05-29
c0869,40.334342,15.469868,1.1281294649089169,2022-05-30
c0869,40.334342,15.469868,0.8926176344297381,2022-05-31
c0869,40.334342,15.469868,0.4480597605761003,2022-06-01
c0869,40.334342,15.469868,0.3789222071773709,2022-06-02
c0869,40.334342,15.469868,0.4230304496484621,2022-06-03
c0869,40.334342,15.469868,0.6505220758869737,2022-06-04
c0869,40.334342,15.469868,0.4517453746965401,2022-06-05
c0869,40.334342,15.469868,0.8670557427373183,2022-06-06
c0869,40.334342,15.469868,0.9797510212202344,2022-06-07
c0869,40.334342,15.469868,1.0604226323243495,2022-06-08
c0869,40.334342,15.469868,1.0293281952699382,2022-06-09
c0869,40.334342,15.469868,1.6280798231172808,2022-06-10
c0869,40.334342,15.469868,2.2866940488280387,2022-06-11
c0869,40.334342,15.469868,2.041610845537556,2022-06-12
c0869,40.334342,15.469868,0.8934320119696629,2022-06-13
c0869,40.334342,15.469868,0.8237920455360771,2022-06-14
c0869,40.334342,15.469868,0.6867941850531389,2022-06-15
c0869,40.334342,15.469868,0.5675150318342711,2022-06-16
c0869,40.334342,15.469868,0.5448461923604058,2022-06-17
c0869,40.334342,15.469868,1.9457058775954392,2022-06-18
c0869,40.334342,15.469868,0.3072947133326975,2022-06-19
c0869,40.334342,15.469868,0.8751233558907803,2022-06-20
c0869,40.334342,15.469868,0.7046543228930916,2022-06-21
c0869,40.334342,15.469868,0.5862960907301996,2022-06-22
c0869,40.334342,15.469868,0.5497198927771697,2022-06-23
c0869,40.334342,15.469868,0.8972628554782106,2022-06-24
c0869,40.334342,15.469868,0.757948170203975,2022-06-25
c0869,40.334342,15.469868,0.2650416024706423,2022-06-26
c0869,40.334342,15.469868,0.3848346098749847,2022-06-27
c0869,40.334342,15.469868,0.3820434091908045,2022-06-28
c0869,40.334342,15.469868,0.8879905450419471,2022-06-29
c0869,40.334342,15.469868,0.2943223619574377,2022-06-30
c0869,40.334342,15.469868,0.1565829197712738,2022-07-01
c0869,40.334342,15.469868,0.5851876529223504,2022-07-02
c0869,40.334342,15.469868,0.8244438168994921,2022-07-03
c0869,40.334342,15.469868,0.5644309317783115,2022-07-04
c0869,40.334342,15.469868,0.8761896886149694,2022-07-05
c0869,40.334342,15.469868,0.6765777396270711,2022-07-06
c0869,40.334342,15.469868,0.6910788749934765,2022-07-07
c0869,40.334342,15.469868,2.050019058625538,2022-07-08
c0869,40.334342,15.469868,2.4210887020057417,2022-07-09
c0869,40.334342,15.469868,1.530402318134697,2022-07-10
c0869,40.334342,15.469868,1.186513721194952,2022-07-11
c0869,40.334342,15.469868,0.5891734196073396,2022-07-12
c0869,40.334342,15.469868,1.5165870038579676,2022-07-13
c0869,40.334342,15.469868,0.842099444900591,2022-07-14
c0869,40.334342,15.469868,0.3079938670130875,2022-07-15
c0869,40.334342,15.469868,0.342169997871294,2022-07-16
c0869,40.334342,15.469868,0.4940943689642811,2022-07-17
c0869,40.334342,15.469868,1.0134646817607489,2022-07-18
c0869,40.334342,15.469868,0.7822158834721332,2022-07-19
c0869,40.334342,15.469868,0.4406651923480608,2022-07-20
c0869,40.334342,15.469868,0.4689974929090498,2022-07-21
c0869,40.334342,15.469868,0.2945265895118727,2022-07-22
c0869,40.334342,15.469868,0.6135868947873216,2022-07-23
c0869,40.334342,15.469868,0.791040057986585,2022-07-24
c0869,40.334342,15.469868,0.6208347257602719,2022-07-25
c0869,40.334342,15.469868,0.8279883383411545,2022-07-26
c0869,40.334342,15.469868,0.4052258860052594,2022-07-27
c0869,40.334342,15.469868,0.1226533587292364,2022-07-28
c0869,40.334342,15.469868,0.6092490232961723,2022-07-29
c0869,40.334342,15.469868,0.883697747914198,2022-07-30
c0869,40.334342,15.469868,1.4200678204503183,2022-07-31
c0869,40.334342,15.469868,1.9464446479302764,2022-08-01
c0869,40.334342,15.469868,1.7547524973871589,2022-08-02
c0869,40.334342,15.469868,0.906232123917933,2022-08-03
c0869,40.334342,15.469868,0.1378836450899864,2022-08-04
c0869,40.334342,15.469868,0.5898688667755849,2022-08-05
c0869,40.334342,15.469868,0.5617533584098383,2022-08-06
c0869,40.334342,15.469868,0.8305618593994728,2022-08-07
c0869,40.334342,15.469868,0.7538373810264214,2022-08-08
c0869,40.334342,15.469868,0.6938987056059779,2022-08-09
c0869,40.334342,15.469868,0.8889273758642988,2022-08-10
c0869,40.334342,15.469868,0.6784859899142028,2022-08-11
c0869,40.334342,15.469868,0.2180238638849087,2022-08-12
c0869,40.334342,15.469868,0.5176264227161854,2022-08-13
c0869,40.334342,15.469868,0.9964989492289436,2022-08-14
c0869,40.334342,15.469868,0.5840668076553356,2022-08-15
c0869,40.334342,15.469868,1.0021399505594497,2022-08-16
c0869,40.334342,15.469868,0.3533484777067532,2022-08-17
c0869,40.334342,15.469868,0.7939188691784423,2022-08-18
c0869,40.334342,15.469868,1.1300063857591816,2022-08-19
c0869,40.334342,15.469868,1.098468508744456,2022-08-20
c0869,40.334342,15.469868,1.1297922276980985,2022-08-21
c0869,40.334342,15.469868,0.9948115366547884,2022-08-22
c0869,40.334342,15.469868,0.6591881272002169,2022-08-23
c0869,40.334342,15.469868,1.1033653802514818,2022-08-24
c0869,40.334342,15.469868,0.9391816101158632,2022-08-25
c0869,40.334342,15.469868,0.2476329346969601,2022-08-26
c0869,40.334342,15.469868,0.4447866883737938,2022-08-27
c0869,40.334342,15.469868,0.2244838471675304,2022-08-28
c0869,40.334342,15.469868,0.4681074205351794,2022-08-29
c0869,40.334342,15.469868,0.6331961099944285,2022-08-30
c0869,40.334342,15.469868,0.624284126398963,2022-08-31
c0869,40.334342,15.469868,0.2750561832414045,2022-09-01
c0869,40.334342,15.469868,0.671050812389284,2022-09-02
c0869,40.334342,15.469868,0.4491836769517953,2022-09-03
c0869,40.334342,15.469868,0.2352636476383263,2022-09-04
c0869,40.334342,15.469868,0.8314045588865077,2022-09-05
c0869,40.334342,15.469868,0.2960568493309576,2022-09-06
c0869,40.334342,15.469868,0.4698523126204718,2022-09-07
c0869,40.334342,15.469868,0.7274089631293386,2022-09-08
c0869,40.334342,15.469868,1.22774272243898,2022-09-09
c0869,40.334342,15.469868,1.087355309163018,2022-09-10
c0869,40.334342,15.469868,0.765317640644046,2022-09-11
c0869,40.334342,15.469868,0.8601330159925703,2022-09-12
c0869,40.334342,15.469868,0.5833013456723707,2022-09-13
c0869,40.334342,15.469868,0.3847488484583354,2022-09-14
c0869,40.334342,15.469868,0.6562635800624148,2022-09-15
c0869,40.334342,15.469868,0.9491069144288812,2022-09-16
c0869,40.334342,15.469868,1.6788982063529467,2022-09-17
c0869,40.334342,15.469868,0.7893317858925557,2022-09-18
c0869,40.334342,15.469868,0.555556435466394,2022-09-19
c0869,40.334342,15.469868,0.7626471437827915,2022-09-20
c0869,40.334342,15.469868,1.673350174746741,2022-09-21
c0869,40.334342,15.469868,1.4334886869509036,2022-09-22
c0869,40.334342,15.469868,1.1444863539722203,2022-09-23
c0869,40.334342,15.469868,0.8796085594783483,2022-09-24
c0869,40.334342,15.469868,1.1673387610485493,2022-09-25
c0869,40.334342,15.469868,0.9999423703387956,2022-09-26
c0869,40.334342,15.469868,1.903480304220735,2022-09-27
c0869,40.334342,15.469868,2.0246449905517996,2022-09-28
c0869,40.334342,15.469868,1.381237099072436,2022-09-29
c0869,40.334342,15.469868,1.4616193018807828,2022-09-30
c0869,40.334342,15.469868,1.131005394278639,2022-10-01
c0869,40.334342,15.469868,0.695259051104679,2022-10-02
c0869,40.334342,15.469868,0.8384054572743979,2022-10-03
c0869,40.334342,15.469868,1.5040272664676877,2022-10-04
c0869,40.334342,15.469868,1.2789043487870535,2022-10-05
c0869,40.334342,15.469868,0.9645740758644294,2022-10-06
c0869,40.334342,15.469868,0.4354550053703038,2022-10-07
c0869,40.334342,15.469868,0.2123983998280597,2022-10-08
c0869,40.334342,15.469868,0.2999081178647572,2022-10-09
c0869,40.334342,15.469868,0.5701241248656251,2022-10-10
c0869,40.334342,15.469868,0.5589376137642914,2022-10-11
c0869,40.334342,15.469868,0.3680402602904288,2022-10-12
c0869,40.334342,15.469868,0.8213284614163154,2022-10-13
c0869,40.334342,15.469868,1.2044299490950243,2022-10-14
c0869,40.334342,15.469868,0.3785032699848715,2022-10-15
c0869,40.334342,15.469868,0.5077063352918384,2022-10-16
c0869,40.334342,15.469868,0.7385943542384112,2022-10-17
c0869,40.334342,15.469868,0.6276010840600786,2022-10-18
c0869,40.334342,15.469868,0.833231560564615,2022-10-19
c0869,40.334342,15.469868,0.9815328512762924,2022-10-20
c0869,40.334342,15.469868,0.3224201933725457,2022-10-21
c0869,40.334342,15.469868,0.4730764872485007,2022-10-22
c0869,40.334342,15.469868,0.3430347707032548,2022-10-23
c0869,40.334342,15.469868,0.4445743777068728,2022-10-24
c0869,40.334342,15.469868,0.4146865858557858,2022-10-25
c0869,40.334342,15.469868,0.3676456080102762,2022-10-26
c0869,40.334342,15.469868,0.961958031729272,2022-10-27
c0869,40.334342,15.469868,0.9752928055869502,2022-10-28
c0869,40.334342,15.469868,1.1102607433748364,2022-10-29
c0869,40.334342,15.469868,0.8550262323266923,2022-10-30
c0869,40.334342,15.469868,0.7854212837052671,2022-10-31
c0869,40.334342,15.469868,0.2920176457165635,2022-11-01
c0869,40.334342,15.469868,0.2528103639510551,2022-11-02
c0869,40.334342,15.469868,0.4268522282075741,2022-11-03
c0869,40.334342,15.469868,1.4102938648253474,2022-11-04
c0869,40.334342,15.469868,0.3491700628560321,2022-11-05
c0869,40.334342,15.469868,1.4026508835291125,2022-11-06
c0869,40.334342,15.469868,0.2273083316637538,2022-11-07
c0869,40.334342,15.469868,0.2258973599860736,2022-11-08
c0869,40.334342,15.469868,0.3134545337617649,2022-11-09
c0869,40.334342,15.469868,0.6604244752847718,2022-11-10
c0869,40.334342,15.469868,1.487866764117782,2022-11-11
c0869,40.334342,15.469868,1.5000666427190217,2022-11-12
c0869,40.334342,15.469868,0.6524815266322453,2022-11-13
c0869,40.334342,15.469868,0.7267919710065306,2022-11-14
c0869,40.334342,15.469868,0.4797276348620111,2022-11-15
c0869,40.334342,15.469868,1.156996571770618,2022-11-16
c0869,40.334342,15.469868,0.9668247796942268,2022-11-17
c0869,40.334342,15.469868,1.20396678748216,2022-11-18
c0869,40.334342,15.469868,1.618115337646855,2022-11-19
c0869,40.334342,15.469868,0.5420907766213221,2022-11-20
c0869,40.334342,15.469868,0.6942234400201426,2022-11-21
c0869,40.334342,15.469868,2.9999572135177957,2022-11-22
c0869,40.334342,15.469868,1.1002469236045316,2022-11-23
c0869,40.334342,15.469868,0.3921977255348239,2022-11-24
c0869,40.334342,15.469868,0.4452957382553915,2022-11-25
c0869,40.334342,15.469868,1.468429898472316,2022-11-26
c0869,40.334342,15.469868,2.1054029102285456,2022-11-27
c0869,40.334342,15.469868,0.8284579810523065,2022-11-28
c0869,40.334342,15.469868,1.273871255876213,2022-11-29
c0869,40.334342,15.469868,1.7380703152398649,2022-11-30
c0869,40.334342,15.469868,0.7020212160089746,2022-12-01
c0869,40.334342,15.469868,0.8139741438824376,2022-12-02
c0869,40.334342,15.469868,1.2152134245782948,2022-12-03
c0869,40.334342,15.469868,0.6895364974134098,2022-12-04
c0869,40.334342,15.469868,0.4387555959152627,2022-12-05
c0869,40.334342,15.469868,0.4038575463164893,2022-12-06
c0869,40.334342,15.469868,0.3811475837007645,2022-12-07
c0869,40.334342,15.469868,0.7445179700070115,2022-12-08
c0869,40.334342,15.469868,1.270262477743578,2022-12-09
c0869,40.334342,15.469868,1.5350713792701227,2022-12-10
c0869,40.334342,15.469868,1.727336811976167,2022-12-11
c0869,40.334342,15.469868,0.7336955142258644,2022-12-12
c0869,40.334342,15.469868,0.8164623281256832,2022-12-13
c0869,40.334342,15.469868,1.320377180274187,2022-12-14
c0869,40.334342,15.469868,1.1654420786942212,2022-12-15
c0869,40.334342,15.469868,1.4112451038489136,2022-12-16
c0869,40.334342,15.469868,0.8371615603186546,2022-12-17
c0869,40.334342,15.469868,0.9543369438376178,2022-12-18
c0869,40.334342,15.469868,1.025329573367435,2022-12-19
c0869,40.334342,15.469868,0.2756288226911177,2022-12-20
c0869,40.334342,15.469868,0.2662115022263675,2022-12-21
c0869,40.334342,15.469868,0.3500513703121143,2022-12-22
c0869,40.334342,15.469868,0.4072265876288155,2022-12-23
c0869,40.334342,15.469868,0.3244505636401765,2022-12-24
c0869,40.334342,15.469868,0.2638876329883685,2022-12-25
c0869,40.334342,15.469868,0.3676289656498444,2022-12-26
c0869,40.334342,15.469868,0.3781213093034768,2022-12-27
c0869,40.334342,15.469868,0.2842625834224613,2022-12-28
c0869,40.334342,15.469868,0.3808100544134271,2022-12-29
c0869,40.334342,15.469868,0.5409097673469571,2022-12-30
c0869,40.334342,15.469868,0.3744005421810805,2022-12-31
c0869,40.334342,15.469868,0.516810313628887,2023-01-01
c0869,40.334342,15.469868,0.2908940047134997,2023-01-02
c0869,40.334342,15.469868,0.3055957502736878,2023-01-03
c0869,40.334342,15.469868,0.7242410184870338,2023-01-04
c0869,40.334342,15.469868,0.3630482777690708,2023-01-05
c0869,40.334342,15.469868,0.5464157404552183,2023-01-06
c0869,40.334342,15.469868,0.2287662661782619,2023-01-07
c0869,40.334342,15.469868,0.8412690694456212,2023-01-08
c0869,40.334342,15.469868,1.9622973031655453,2023-01-09
c0869,40.334342,15.469868,1.31174206303158,2023-01-10
c0869,40.334342,15.469868,1.4508607192516407,2023-01-11
c0869,40.334342,15.469868,1.0359298851370229,2023-01-12
c0869,40.334342,15.469868,0.3679618803552694,2023-01-13
c0869,40.334342,15.469868,0.8806316525728247,2023-01-14
c0869,40.334342,15.469868,0.5973636687808423,2023-01-15
c0869,40.334342,15.469868,1.7717002345612851,2023-01-16
c0869,40.334342,15.469868,3.228367465413881,2023-01-17
c0869,40.334342,15.469868,2.6403035779743504,2023-01-18
c0869,40.334342,15.469868,1.2602679368474212,2023-01-19
c0869,40.334342,15.469868,1.1027713735491549,2023-01-20
c0869,40.334342,15.469868,1.0403324803113454,2023-01-21
c0869,40.334342,15.469868,0.6204666824938584,2023-01-22
c0869,40.334342,15.469868,0.9050614650184118,2023-01-23
c0869,40.334342,15.469868,1.0546599559359682,2023-01-24
c0869,40.334342,15.469868,1.352823298528527,2023-01-25
c0869,40.334342,15.469868,0.7947061690158622,2023-01-26
c0869,40.334342,15.469868,1.1767615626619297,2023-01-27
c0869,40.334342,15.469868,1.3007532014089236,2023-01-28
c0869,40.334342,15.469868,1.470080776346315,2023-01-29
c0869,40.334342,15.469868,0.4779158337964693,2023-01-30
c0869,40.334342,15.469868,1.4381860337821977,2023-01-31
c0869,40.334342,15.469868,0.6447477385378271,2023-02-01
c0869,40.334342,15.469868,0.3793774310417737,2023-02-02
c0869,40.334342,15.469868,0.3885891148233954,2023-02-03
c0869,40.334342,15.469868,1.2210279312532732,2023-02-04
c0869,40.334342,15.469868,3.121702390375657,2023-02-05
c0869,40.334342,15.469868,2.227409903782421,2023-02-06
c0869,40.334342,15.469868,1.9067190596266828,2023-02-07
c0869,40.334342,15.469868,1.9957364304815175,2023-02-08
c0869,40.334342,15.469868,1.9383446117618757,2023-02-09
c0869,40.334342,15.469868,2.0448214040543022,2023-02-10
c0869,40.334342,15.469868,0.8054117699178001,2023-02-11
c0869,40.334342,15.469868,1.117566346333125,2023-02-12
c0869,40.334342,15.469868,1.3912624350938672,2023-02-13
c0869,40.334342,15.469868,0.9609767065355564,2023-02-14
c0869,40.334342,15.469868,0.6382029686766882,2023-02-15
c0869,40.334342,15.469868,0.2604481945614163,2023-02-16
c0869,40.334342,15.469868,0.320861339327661,2023-02-17
c0869,40.334342,15.469868,0.4852986931329024,2023-02-18
c0869,40.334342,15.469868,0.6150325750316644,2023-02-19
c0869,40.334342,15.469868,0.2277165996768227,2023-02-20
c0869,40.334342,15.469868,0.3067443699829417,2023-02-21
c0869,40.334342,15.469868,0.1276963577632771,2023-02-22
c0869,40.334342,15.469868,0.213423975548299,2023-02-23
c0869,40.334342,15.469868,0.6984720905622742,2023-02-24
c0869,40.334342,15.469868,1.3203275245327268,2023-02-25
c0869,40.334342,15.469868,1.5166461465429693,2023-02-26
c0869,40.334342,15.469868,0.5922486986798076,2023-02-27
c0869,40.334342,15.469868,1.2480544517923506,2023-02-28
c0869,40.334342,15.469868,0.7716714940795906,2023-03-01
c0869,40.334342,15.469868,0.845246211493332,2023-03-02
c0869,40.334342,15.469868,0.552120762839895,2023-03-03
c0869,40.334342,15.469868,1.0372243404839752,2023-03-04
c0869,40.334342,15.469868,0.6030802374992847,2023-03-05
c0869,40.334342,15.469868,1.2280679653315605,2023-03-06
c0869,40.334342,15.469868,1.1385262523369264,2023-03-07
c0869,40.334342,15.469868,1.5010471134011272,2023-03-08
c0869,40.334342,15.469868,1.943371450163148,2023-03-09
c0869,40.334342,15.469868,2.0779258354069348,2023-03-10
c0869,40.334342,15.469868,1.4886826624714424,2023-03-11
c0869,40.334342,15.469868,1.0464607982322096,2023-03-12
c0869,40.334342,15.469868,0.2271891754053516,2023-03-13
c0869,40.334342,15.469868,1.433070677594019,2023-03-14
c0869,40.334342,15.469868,0.9942447555741348,2023-03-15
c0869,40.334342,15.469868,2.664909514679301,2023-03-16
c0869,40.334342,15.469868,1.2566059505207652,2023-03-17
c0869,40.334342,15.469868,0.2626577518036702,2023-03-18
c0869,40.334342,15.469868,0.3551033538652574,2023-03-19
c0869,40.334342,15.469868,0.3292835816396567,2023-03-20
c0869,40.334342,15.469868,1.127474338763599,2023-03-21
c0869,40.334342,15.469868,0.7857464802943009,2023-03-22
c0869,40.334342,15.469868,0.3699488781637526,2023-03-23
c0869,40.334342,15.469868,0.6818692308429979,2023-03-24
c0869,40.334342,15.469868,0.9806034012597032,2023-03-25
c0869,40.334342,15.469868,1.1110151607966188,2023-03-26
c0869,40.334342,15.469868,1.186841545667264,2023-03-27
c0869,40.334342,15.469868,2.025327767500105,2023-03-28
c0869,40.334342,15.469868,0.7922007586166432,2023-03-29
c0869,40.334342,15.469868,0.6641415048476895,2023-03-30
c0869,40.334342,15.469868,1.062840966804107,2023-03-31
c0869,40.334342,15.469868,1.5089010512175027,2023-04-01
c0869,40.334342,15.469868,0.239041068905458,2023-04-02
c0869,40.334342,15.469868,2.692905858921247,2023-04-03
c0869,40.334342,15.469868,1.7369073143406482,2023-04-04
c0869,40.334342,15.469868,0.9989823493602932,2023-04-05
c0869,40.334342,15.469868,1.4928356375223617,2023-04-06
c0869,40.334342,15.469868,0.4969614377331995,2023-04-07
c0869,40.334342,15.469868,0.8348871507129394,2023-04-08
c0869,40.334342,15.469868,1.1256165327918013,2023-04-09
c0869,40.334342,15.469868,1.814597352766393,2023-04-10
c0869,40.334342,15.469868,0.7956024830552053,2023-04-11
c0869,40.334342,15.469868,0.9000444990703896,2023-04-12
c0869,40.334342,15.469868,1.6136206905774904,2023-04-13
c0869,40.334342,15.469868,1.6325296129863716,2023-04-14
c0869,40.334342,15.469868,1.3608470783834907,2023-04-15
c0869,40.334342,15.469868,0.1629575291460767,2023-04-16
c0869,40.334342,15.469868,1.008389954386573,2023-04-17
c0869,40.334342,15.469868,0.3198025371858103,2023-04-18
c0869,40.334342,15.469868,0.4763746618210889,2023-04-19
c0869,40.334342,15.469868,0.2932962154741501,2023-04-20
c0869,40.334342,15.469868,0.4053637104031765,2023-04-21
c0869,40.334342,15.469868,0.6374251336053297,2023-04-22
c0869,40.334342,15.469868,0.5996897426285607,2023-04-23
c0869,40.334342,15.469868,1.6870840419612836,2023-04-24
c0869,40.334342,15.469868,1.9042831167010192,2023-04-25
c0869,40.334342,15.469868,1.52085212850063,2023-04-26
c0869,40.334342,15.469868,0.7019306228264268,2023-04-27
c0869,40.334342,15.469868,0.4802736561452058,2023-04-28
c0869,40.334342,15.469868,0.4420151243792467,2023-04-29
c0869,40.334342,15.469868,0.5937805444237244,2023-04-30
c0869,40.334342,15.469868,0.9156996078449012,2023-05-01
c0869,40.334342,15.469868,0.7071750074823818,2023-05-02
c0869,40.334342,15.469868,1.9672822245779995,2023-05-03
c0869,40.334342,15.469868,1.396030957501728,2023-05-04
c0869,40.334342,15.469868,0.8230123247887917,2023-05-05
c0869,40.334342,15.469868,0.4152405765865051,2023-05-06
c0869,40.334342,15.469868,0.2505381144401353,2023-05-07
c0869,40.334342,15.469868,0.1277452818869579,2023-05-08
c0869,40.334342,15.469868,0.4144835356939581,2023-05-09
c0869,40.334342,15.469868,0.820677412579762,2023-05-10
c0869,40.334342,15.469868,1.301368123436886,2023-05-11
c0869,40.334342,15.469868,1.1951411437226958,2023-05-12
c0869,40.334342,15.469868,0.9412488626757628,2023-05-13
c0869,40.334342,15.469868,1.0661924750920535,2023-05-14
c0869,40.334342,15.469868,1.2294043844744234,2023-05-15
c0869,40.334342,15.469868,1.8498100469577257,2023-05-16
c0869,40.334342,15.469868,1.4419518737634194,2023-05-17
c0869,40.334342,15.469868,0.3082173112018096,2023-05-18
c0869,40.334342,15.469868,1.513664043434626,2023-05-19
c0869,40.334342,15.469868,1.9965205504538917,2023-05-20
c0869,40.334342,15.469868,1.6120952697743862,2023-05-21
c0869,40.334342,15.469868,1.0291925316345267,2023-05-22
c0869,40.334342,15.469868,0.2847089504493459,2023-05-23
c0869,40.334342,15.469868,0.3904565481974042,2023-05-24
c0869,40.334342,15.469868,0.9074087907543946,2023-05-25
c0869,40.334342,15.469868,1.210425491019868,2023-05-26
c0869,40.334342,15.469868,1.2070568448109036,2023-05-27
c0869,40.334342,15.469868,0.6754782111482465,2023-05-28
c0869,40.334342,15.469868,0.4212990683524225,2023-05-29
c0869,40.334342,15.469868,0.4769350500027678,2023-05-30
c0869,40.334342,15.469868,0.7258033769355619,2023-05-31
c0869,40.334342,15.469868,0.5483846028291295,2023-06-01
c0869,40.334342,15.469868,0.233006556437734,2023-06-02
c0869,40.334342,15.469868,0.1774180383078121,2023-06-03
c0869,40.334342,15.469868,0.3676147426659932,2023-06-04
c0869,40.334342,15.469868,0.5915638218703025,2023-06-05
c0869,40.334342,15.469868,0.4782791065307874,2023-06-06
c0869,40.334342,15.469868,0.2472344693590417,2023-06-07
c0869,40.334342,15.469868,0.3190782529658358,2023-06-08
c0869,40.334342,15.469868,0.5550938914135922,2023-06-09
c0869,40.334342,15.469868,0.4377890769126981,2023-06-10
c0869,40.334342,15.469868,0.6231613422507388,2023-06-11
c0869,40.334342,15.469868,0.4936625864657798,2023-06-12
c0869,40.334342,15.469868,0.4483899608946297,2023-06-13
c0869,40.334342,15.469868,0.5246701366650637,2023-06-14
c0869,40.334342,15.469868,0.6667746860137711,2023-06-15
c0869,40.334342,15.469868,2.0030764288425766,2023-06-16
c0869,40.334342,15.469868,1.8405193767590515,2023-06-17
c0869,40.334342,15.469868,1.1472279309852262,2023-06-18
c0869,40.334342,15.469868,0.2962326236794048,2023-06-19
c0869,40.334342,15.469868,0.4799689287881621,2023-06-20
c0869,40.334342,15.469868,0.491889876027281,2023-06-21
c0869,40.334342,15.469868,0.4688188810866694,2023-06-22
c0869,40.334342,15.469868,0.705833464860026,2023-06-23
c0869,40.334342,15.469868,0.2487770203270446,2023-06-24
c0869,40.334342,15.469868,1.437925501353996,2023-06-25
c0869,40.334342,15.469868,0.9702421663927898,2023-06-26
c0869,40.334342,15.469868,0.4208443830819682,2023-06-27
c0869,40.334342,15.469868,0.6887748415211015,2023-06-28
c0869,40.334342,15.469868,0.3562482981757552,2023-06-29
c0869,40.334342,15.469868,0.7417861933331577,2023-06-30
c0869,40.334342,15.469868,1.208320173465227,2023-07-01
c0869,40.334342,15.469868,0.8381992734400351,2023-07-02
c0869,40.334342,15.469868,0.7484455397873646,2023-07-03
c0869,40.334342,15.469868,0.5103346435551804,2023-07-04
c0869,40.334342,15.469868,0.6495256781146775,2023-07-05
c0869,40.334342,15.469868,0.7177900952497347,2023-07-06
c0869,40.334342,15.469868,0.6952973293557807,2023-07-07
c0869,40.334342,15.469868,0.5609888538569249,2023-07-08
c0869,40.334342,15.469868,0.8142808742586293,2023-07-09
c0869,40.334342,15.469868,0.7991137998672059,2023-07-10
c0869,40.334342,15.469868,0.2573215452006457,2023-07-11
c0869,40.334342,15.469868,0.6552026782946133,2023-07-12
c0869,40.334342,15.469868,0.8467824580848793,2023-07-13
c0869,40.334342,15.469868,0.6531131376107954,2023-07-14
c0869,40.334342,15.469868,0.2844086337893411,2023-07-15
c0869,40.334342,15.469868,0.3701812008009744,2023-07-16
c0869,40.334342,15.469868,0.4765539949694917,2023-07-17
c0869,40.334342,15.469868,0.4849757412478254,2023-07-18
c0869,40.334342,15.469868,0.81186396544927,2023-07-19
c0869,40.334342,15.469868,0.7412324565111756,2023-07-20
c0869,40.334342,15.469868,0.7720246568145346,2023-07-21
c0869,40.334342,15.469868,1.2343149343178257,2023-07-22
c0869,40.334342,15.469868,0.909710180856741,2023-07-23
c0869,40.334342,15.469868,0.9126116293592152,2023-07-24
c0869,40.334342,15.469868,1.9025501510840104,2023-07-25
c0869,40.334342,15.469868,2.3306634597168876,2023-07-26
c0869,40.334342,15.469868,0.5584595983841683,2023-07-27
c0869,40.334342,15.469868,0.8347637773704522,2023-07-28
c0869,40.334342,15.469868,0.5074399839759995,2023-07-29
c0869,40.334342,15.469868,0.9388634523462828,2023-07-30
c0869,40.334342,15.469868,0.6836196207999973,2023-07-31
c0869,40.334342,15.469868,1.134444992128672,2023-08-01
c0869,40.334342,15.469868,1.4543838750636666,2023-08-02
c0869,40.334342,15.469868,0.8060716097757179,2023-08-03
c0869,40.334342,15.469868,0.9134084775739812,2023-08-04
c0869,40.334342,15.469868,1.7021856466766356,2023-08-05
c0869,40.334342,15.469868,1.5648021179784797,2023-08-06
c0869,40.334342,15.469868,0.9122761915370712,2023-08-07
c0869,40.334342,15.469868,0.8835625722586496,2023-08-08
c0869,40.334342,15.469868,0.4629117930080408,2023-08-09
c0869,40.334342,15.469868,0.4913868132270055,2023-08-10
c0869,40.334342,15.469868,1.4402235921449031,2023-08-11
c0869,40.334342,15.469868,1.421501601343962,2023-08-12
c0869,40.334342,15.469868,0.7611464411644474,2023-08-13
c0869,40.334342,15.469868,0.0530532776385202,2023-08-14
c0869,40.334342,15.469868,0.5840456076221422,2023-08-15
c0869,40.334342,15.469868,0.5951248672963337,2023-08-16
c0869,40.334342,15.469868,0.7465905968484176,2023-08-17
c0869,40.334342,15.469868,0.8354911891979672,2023-08-18
c0869,40.334342,15.469868,0.91640698058793,2023-08-19
c0869,40.334342,15.469868,1.2557177179282313,2023-08-20
c0869,40.334342,15.469868,1.7633681601487152,2023-08-21
c0869,40.334342,15.469868,1.1559524516449649,2023-08-22
c0869,40.334342,15.469868,0.8372486799767899,2023-08-23
c0869,40.334342,15.469868,0.3826484672195051,2023-08-24
c0869,40.334342,15.469868,0.3280363941916344,2023-08-25
c0869,40.334342,15.469868,0.4253652302134947,2023-08-26
c0869,40.334342,15.469868,0.4665209501899957,2023-08-27
c0869,40.334342,15.469868,1.7923937452385894,2023-08-28
c0869,40.334342,15.469868,2.0696063177675637,2023-08-29
c0869,40.334342,15.469868,1.6256570667659822,2023-08-30
c0869,40.334342,15.469868,1.0859570091664534,2023-08-31
c0869,40.334342,15.469868,0.0558091401969228,2023-09-01
c0869,40.334342,15.469868,0.38488581402243,2023-09-02
c0869,40.334342,15.469868,0.7937233541422429,2023-09-03
c0869,40.334342,15.469868,2.6022518430356993,2023-09-04
c0869,40.334342,15.469868,3.0462693361828244,2023-09-05
c0869,40.334342,15.469868,2.6138326095924422,2023-09-06
c0869,40.334342,15.469868,1.9343804561199276,2023-09-07
c0869,40.334342,15.469868,1.7059202554223871,2023-09-08
c0869,40.334342,15.469868,1.1608450148944496,2023-09-09
c0869,40.334342,15.469868,1.217069445427284,2023-09-10
c0869,40.334342,15.469868,0.5622842365819657,2023-09-11
c0869,40.334342,15.469868,0.3624430791679095,2023-09-12
c0869,40.334342,15.469868,0.4633775763825678,2023-09-13
c0869,40.334342,15.469868,0.2738587885249807,2023-09-14
c0869,40.334342,15.469868,0.2626492799137465,2023-09-15
c0869,40.334342,15.469868,0.1637814051158432,2023-09-16
c0869,40.334342,15.469868,0.3191199185368343,2023-09-17
c0869,40.334342,15.469868,0.3935788054694129,2023-09-18
c0869,40.334342,15.469868,0.748407309475127,2023-09-19
c0869,40.334342,15.469868,0.2129980031915511,2023-09-20
c0869,40.334342,15.469868,1.3382370362527156,2023-09-21
c0869,40.334342,15.469868,1.542112951380362,2023-09-22
c0869,40.334342,15.469868,1.1830993141072388,2023-09-23
c0869,40.334342,15.469868,0.5450082420485747,2023-09-24
c0869,40.334342,15.469868,1.2127953950907426,2023-09-25
c0869,40.334342,15.469868,1.9174800283982172,2023-09-26
c0869,40.334342,15.469868,1.5529338597658071,2023-09-27
c0869,40.334342,15.469868,0.5312863667132345,2023-09-28
c0869,40.334342,15.469868,0.4463272224108499,2023-09-29
c0869,40.334342,15.469868,0.7665513866810935,2023-09-30
c0869,40.334342,15.469868,1.465084427065103,2023-10-01
c0869,40.334342,15.469868,1.4909619082318428,2023-10-02
c0869,40.334342,15.469868,0.4635171047498458,2023-10-03
c0869,40.334342,15.469868,0.2888550413778369,2023-10-04
c0869,40.334342,15.469868,0.0789591581913741,2023-10-05
c0869,40.334342,15.469868,0.4239276483828587,2023-10-06
c0869,40.334342,15.469868,0.5551698857254537,2023-10-07
c0869,40.334342,15.469868,1.0851918751796157,2023-10-08
c0869,40.334342,15.469868,0.5211498129107631,2023-10-09
c0869,40.334342,15.469868,0.2644075461743416,2023-10-10
c0869,40.334342,15.469868,0.1104753938947813,2023-10-11
c0869,40.334342,15.469868,0.192670831019374,2023-10-12
c0869,40.334342,15.469868,0.2009946795988727,2023-10-13
c0869,40.334342,15.469868,0.4807135417235236,2023-10-14
c0869,40.334342,15.469868,0.9769084062394257,2023-10-15
c0869,40.334342,15.469868,0.3802168455425941,2023-10-16
c0869,40.334342,15.469868,0.5375728785750861,2023-10-17
c0869,40.334342,15.469868,0.4772388817389762,2023-10-18
c0869,40.334342,15.469868,1.371752417231329,2023-10-19
c0869,40.334342,15.469868,1.9133114827324764,2023-10-20
c0869,40.334342,15.469868,1.4070590767270954,2023-10-21
c0869,40.334342,15.469868,1.0182914688473466,2023-10-22
c0869,40.334342,15.469868,0.2870359934637737,2023-10-23
c0869,40.334342,15.469868,1.0131726035510802,2023-10-24
c0869,40.334342,15.469868,1.7092364636097128,2023-10-25
c0869,40.334342,15.469868,1.3241311936895854,2023-10-26
c0869,40.334342,15.469868,2.0222811516067307,2023-10-27
c0869,40.334342,15.469868,1.4152163976588417,2023-10-28
c0869,40.334342,15.469868,0.3294934388333175,2023-10-29
c0869,40.334342,15.469868,0.976946225549475,2023-10-30
c0869,40.334342,15.469868,1.37665031654833,2023-10-31
c0869,40.334342,15.469868,0.6032344180081534,2023-11-01
c0869,40.334342,15.469868,1.5960116448204296,2023-11-02
c0869,40.334342,15.469868,2.0832100719899067,2023-11-03
c0869,40.334342,15.469868,1.6326947244255463,2023-11-04
c0869,40.334342,15.469868,2.5674310226397257,2023-11-05
c0869,40.334342,15.469868,1.4930911461191876,2023-11-06
c0869,40.334342,15.469868,0.9337682159457724,2023-11-07
c0869,40.334342,15.469868,0.4384378939585889,2023-11-08
c0869,40.334342,15.469868,0.4674510104846301,2023-11-09
c0869,40.334342,15.469868,1.3378849614906283,2023-11-10
c0869,40.334342,15.469868,1.7628556135880378,2023-11-11
c0869,40.334342,15.469868,1.073050831467755,2023-11-12
c0869,40.334342,15.469868,0.5459407316783241,2023-11-13
c0869,40.334342,15.469868,1.2693241598083769,2023-11-14
c0869,40.334342,15.469868,1.1784104169260683,2023-11-15
c0869,40.334342,15.469868,0.611822182326089,2023-11-16
c0869,40.334342,15.469868,1.7785686583205031,2023-11-17
c0869,40.334342,15.469868,1.9090116373866848,2023-11-18
c0869,40.334342,15.469868,0.3764663693094637,2023-11-19
c0869,40.334342,15.469868,0.7954427817679837,2023-11-20
c0869,40.334342,15.469868,1.174828292376724,2023-11-21
c0869,40.334342,15.469868,0.5416415655247919,2023-11-22
c0869,40.334342,15.469868,1.8548075598612888,2023-11-23
c0869,40.334342,15.469868,0.5833591361738197,2023-11-24
c0869,40.334342,15.469868,1.3909349314780437,2023-11-25
c0869,40.334342,15.469868,0.5426202933900656,2023-11-26
c0869,40.334342,15.469868,0.9002549870584086,2023-11-27
c0869,40.334342,15.469868,2.3636888389769823,2023-11-28
c0869,40.334342,15.469868,1.258708761983783,2023-11-29
c0869,40.334342,15.469868,1.4337838195948802,2023-11-30
c0869,40.334342,15.469868,1.6964777146977428,2023-12-01
c0869,40.334342,15.469868,1.9246176719591768,2023-12-02
c0869,40.334342,15.469868,0.6061235613558222,2023-12-03
c0869,40.334342,15.469868,0.2311874644694394,2023-12-04
c0869,40.334342,15.469868,1.1778521352969018,2023-12-05
c0869,40.334342,15.469868,0.6693216908224875,2023-12-06
c0869,40.334342,15.469868,1.0245832371739751,2023-12-07
c0869,40.334342,15.469868,0.4227414236858226,2023-12-08
c0869,40.334342,15.469868,0.9928158384235566,2023-12-09
c0869,40.334342,15.469868,0.4396720777056986,2023-12-10
c0869,40.334342,15.469868,0.4256071879293018,2023-12-11
c0869,40.334342,15.469868,0.9151369662747744,2023-12-12
c0869,40.334342,15.469868,1.799300350660677,2023-12-13
c0869,40.334342,15.469868,0.7546875048765621,2023-12-14
c0869,40.334342,15.469868,2.3037392890203674,2023-12-15
c0869,40.334342,15.469868,3.02043358462088,2023-12-16
c0869,40.334342,15.469868,1.7764110729376048,2023-12-17
c0869,40.334342,15.469868,1.2474034238073053,2023-12-18
c0869,40.334342,15.469868,0.7419433658269505,2023-12-19
c0869,40.334342,15.469868,0.2822653936150683,2023-12-20
c0869,40.334342,15.469868,0.3154890857946409,2023-12-21
c0869,40.334342,15.469868,1.0655226207607311,2023-12-22
c0869,40.334342,15.469868,0.8595426586743087,2023-12-23
c0869,40.334342,15.469868,0.8341052014230671,2023-12-24
c0869,40.334342,15.469868,0.4766895249540818,2023-12-25
c0869,40.334342,15.469868,0.3788246067681465,2023-12-26
c0869,40.334342,15.469868,0.6225263455852343,2023-12-27
c0869,40.334342,15.469868,0.2740476097678931,2023-12-28
c0869,40.334342,15.469868,0.2263774103883273,2023-12-29
c0869,40.334342,15.469868,0.2107850063456145,2023-12-30
c0869,40.334342,15.469868,0.4951883970795944,2023-12-31
c0869,40.334342,15.469868,1.2776597781147876,2024-01-01
c0869,40.334342,15.469868,1.123732222330157,2024-01-02
c0869,40.334342,15.469868,1.6926942467277557,2024-01-03
c0869,40.334342,15.469868,1.3044346275934444,2024-01-04
c0869,40.334342,15.469868,0.990305997973832,2024-01-05
c0869,40.334342,15.469868,1.039238623720053,2024-01-06
c0869,40.334342,15.469868,0.959332164770553,2024-01-07
c0869,40.334342,15.469868,0.465188291370811,2024-01-08
c0869,40.334342,15.469868,1.4822059256906917,2024-01-09
c0869,40.334342,15.469868,0.941632529853871,2024-01-10
c0869,40.334342,15.469868,1.419069832566373,2024-01-11
c0869,40.334342,15.469868,1.7433758494134617,2024-01-12
c0869,40.334342,15.469868,1.0116036349081554,2024-01-13
c0869,40.334342,15.469868,0.8646452659055683,2024-01-14
c0869,40.334342,15.469868,1.3306884423570606,2024-01-15
c0869,40.334342,15.469868,1.1380414416911222,2024-01-16
c0869,40.334342,15.469868,1.378235427044574,2024-01-17
c0869,40.334342,15.469868,1.95432360700578,2024-01-18
c0869,40.334342,15.469868,1.7682218734212412,2024-01-19
c0869,40.334342,15.469868,1.741634494059525,2024-01-20
c0869,40.334342,15.469868,1.937201972336843,2024-01-21
c0869,40.334342,15.469868,0.4409693317660151,2024-01-22
c0869,40.334342,15.469868,0.6286086592108013,2024-01-23
c0869,40.334342,15.469868,0.7575149315408273,2024-01-24
c0869,40.334342,15.469868,0.3966343705018485,2024-01-25
c0869,40.334342,15.469868,0.3629851705830477,2024-01-26
c0869,40.334342,15.469868,1.1073727489048824,2024-01-27
c0869,40.334342,15.469868,1.825138305859412,2024-01-28
c0869,40.334342,15.469868,1.3616796787471623,2024-01-29
c0869,40.334342,15.469868,1.2991785658166983,2024-01-30
c0869,40.334342,15.469868,0.3989628619603133,2024-01-31
c0869,40.334342,15.469868,0.2569475633657389,2024-02-01
c0869,40.334342,15.469868,1.4833918461143336,2024-02-02
c0869,40.334342,15.469868,0.5859551296363273,2024-02-03
c0869,40.334342,15.469868,0.4436868479046902,2024-02-04
c0869,40.334342,15.469868,0.5848314282555966,2024-02-05
c0869,40.334342,15.469868,0.531963513610537,2024-02-06
c0869,40.334342,15.469868,0.6403982072957035,2024-02-07
c0869,40.334342,15.469868,1.05728459129149,2024-02-08
c0869,40.334342,15.469868,1.2082136666365977,2024-02-09
c0869,40.334342,15.469868,2.358375110560636,2024-02-10
c0869,40.334342,15.469868,1.9044963208229713,2024-02-11
c0869,40.334342,15.469868,0.9928373733386124,2024-02-12
c0869,40.334342,15.469868,1.0296221838004398,2024-02-13
c0869,40.334342,15.469868,1.94511116682302,2024-02-14
c0869,40.334342,15.469868,1.2536827510751525,2024-02-15
c0869,40.334342,15.469868,0.4726836081882959,2024-02-16
c0869,40.334342,15.469868,0.6509149058280866,2024-02-17
c0869,40.334342,15.469868,0.2628839488140034,2024-02-18
c0869,40.334342,15.469868,0.4030158169219919,2024-02-19
c0869,40.334342,15.469868,1.427157740607795,2024-02-20
c0869,40.334342,15.469868,1.4583572058616825,2024-02-21
c0869,40.334342,15.469868,0.9882481825591536,2024-02-22
c0869,40.334342,15.469868,2.0289903043430515,2024-02-23
c0869,40.334342,15.469868,0.949984920973475,2024-02-24
c0869,40.334342,15.469868,0.7177206140946044,2024-02-25
c0869,40.334342,15.469868,0.3789750696156582,2024-02-26
c0869,40.334342,15.469868,1.3362595860340212,2024-02-27
c0869,40.334342,15.469868,2.026284390713572,2024-02-28
c0869,40.334342,15.469868,0.8392035602206439,2024-02-29
c0869,40.334342,15.469868,1.0450339633135866,2024-03-01
c0869,40.334342,15.469868,0.8224184305445825,2024-03-02
c0869,40.334342,15.469868,0.9807508594549248,2024-03-03
c0869,40.334342,15.469868,0.932767328960186,2024-03-04
c0869,40.334342,15.469868,0.5710808663790883,2024-03-05
c0869,40.334342,15.469868,1.2611858113039058,2024-03-06
c0869,40.334342,15.469868,0.683622543385576,2024-03-07
c0869,40.334342,15.469868,0.6569570702230212,2024-03-08
c0869,40.334342,15.469868,1.2232070807318671,2024-03-09
c0869,40.334342,15.469868,2.0790019103677193,2024-03-10
c0869,40.334342,15.469868,1.563409509777793,2024-03-11
c0869,40.334342,15.469868,0.9164068960328244,2024-03-12
c0869,40.334342,15.469868,0.8787924399120889,2024-03-13
c0869,40.334342,15.469868,0.5202227148157074,2024-03-14
c0869,40.334342,15.469868,0.6742568138892197,2024-03-15
c0869,40.334342,15.469868,0.5307926809228081,2024-03-16
c0869,40.334342,15.469868,0.7620438073373321,2024-03-17
c0869,40.334342,15.469868,0.9383158156315392,2024-03-18
c0869,40.334342,15.469868,1.041900104532065,2024-03-19
c0869,40.334342,15.469868,1.182122264200552,2024-03-20
c0869,40.334342,15.469868,0.700559765267567,2024-03-21
c0869,40.334342,15.469868,0.7730962133861085,2024-03-22
c0869,40.334342,15.469868,0.815727879041956,2024-03-23
c0869,40.334342,15.469868,2.1963680984861154,2024-03-24
c0869,40.334342,15.469868,0.5089845700232386,2024-03-25
c0869,40.334342,15.469868,0.9005541268758621,2024-03-26
c0869,40.334342,15.469868,1.6411864207624642,2024-03-27
c0869,40.334342,15.469868,2.0689172663557565,2024-03-28
c0869,40.334342,15.469868,0.7275572547737394,2024-03-29
c0869,40.334342,15.469868,1.8283304227782256,2024-03-30
c0869,40.334342,15.469868,1.6553226169364004,2024-03-31
c0869,40.334342,15.469868,1.7777420903966443,2024-04-01
c0869,40.334342,15.469868,1.6291183333631187,2024-04-02
c0869,40.334342,15.469868,0.7933622559900959,2024-04-03
c0869,40.334342,15.469868,0.5728716821326195,2024-04-04
c0869,40.334342,15.469868,0.3112951352673279,2024-04-05
c0869,40.334342,15.469868,0.349641972070876,2024-04-06
c0869,40.334342,15.469868,0.5785987418312838,2024-04-07
c0869,40.334342,15.469868,0.2566129118946647,2024-04-08
c0869,40.334342,15.469868,0.7211953328036975,2024-04-09
c0869,40.334342,15.469868,1.0976360531348257,2024-04-10
c0869,40.334342,15.469868,0.969004409904518,2024-04-11
c0869,40.334342,15.469868,1.2626039220277467,2024-04-12
c0869,40.334342,15.469868,0.9791567204809892,2024-04-13
c0869,40.334342,15.469868,0.3655373158531366,2024-04-14
c0869,40.334342,15.469868,0.6120935643078086,2024-04-15
c0869,40.334342,15.469868,1.538055698979749,2024-04-16
c0869,40.334342,15.469868,1.1363384850232698,2024-04-17
c0869,40.334342,15.469868,0.6615953859958656,2024-04-18
c0869,40.334342,15.469868,1.1271220707762024,2024-04-19
c0869,40.334342,15.469868,1.267824192440497,2024-04-20
c0869,40.334342,15.469868,0.5244665730296262,2024-04-21
c0869,40.334342,15.469868,0.645670354050831,2024-04-22
c0869,40.334342,15.469868,1.21674748040933,2024-04-23
c0869,40.334342,15.469868,1.6700425751441954,2024-04-24
c0869,40.334342,15.469868,1.12253629219455,2024-04-25
c0869,40.334342,15.469868,0.8315749084961213,2024-04-26
c0869,40.334342,15.469868,0.2758663195831008,2024-04-27
c0869,40.334342,15.469868,0.9734317850314896,2024-04-28
c0869,40.334342,15.469868,1.1110005050964475,2024-04-29
c0869,40.334342,15.469868,0.8914891200723903,2024-04-30
c0869,40.334342,15.469868,1.333844155338425,2024-05-01
c0869,40.334342,15.469868,1.641147932474034,2024-05-02
c0869,40.334342,15.469868,1.6874710891364857,2024-05-03
c0869,40.334342,15.469868,0.8928156285400913,2024-05-04
c0869,40.334342,15.469868,0.557782782486878,2024-05-05
c0869,40.334342,15.469868,0.3809744352813731,2024-05-06
c0869,40.334342,15.469868,0.8085900230079744,2024-05-07
c0869,40.334342,15.469868,0.6482621993083504,2024-05-08
c0869,40.334342,15.469868,1.6106880046926706,2024-05-09
c0869,40.334342,15.469868,1.5102233177718485,2024-05-10
c0869,40.334342,15.469868,1.1010247064671848,2024-05-11
c0869,40.334342,15.469868,0.5759631506576811,2024-05-12
c0869,40.334342,15.469868,0.1360031253561077,2024-05-13
c0869,40.334342,15.469868,0.361889885061364,2024-05-14
c0869,40.334342,15.469868,0.8343238758194781,2024-05-15
c0869,40.334342,15.469868,1.0604391650118608,2024-05-16
c0869,40.334342,15.469868,0.5650225764406538,2024-05-17
c0869,40.334342,15.469868,0.551002372982207,2024-05-18
c0869,40.334342,15.469868,0.398577339289951,2024-05-19
c0869,40.334342,15.469868,0.8292619858266964,2024-05-20
c0869,40.334342,15.469868,1.5784438266247265,2024-05-21
c0869,40.334342,15.469868,1.63990676516774,2024-05-22
c0869,40.334342,15.469868,0.8107786618122942,2024-05-23
c0869,40.334342,15.469868,0.4362879912106983,2024-05-24
c0869,40.334342,15.469868,0.2074125133977136,2024-05-25
c0869,40.334342,15.469868,1.0491265149766145,2024-05-26
c0869,40.334342,15.469868,0.4587546167728163,2024-05-27
c0869,40.334342,15.469868,0.6382796755054958,2024-05-28
c0869,40.334342,15.469868,0.2196376725759095,2024-05-29
c0869,40.334342,15.469868,0.8591587868675551,2024-05-30
c0869,40.334342,15.469868,1.7406764468240803,2024-05-31
c0869,40.334342,15.469868,0.9626568650818056,2024-06-01
c0869,40.334342,15.469868,0.6772072782749337,2024-06-02
c0869,40.334342,15.469868,0.9645121746521492,2024-06-03
c0869,40.334342,15.469868,0.4491814859034804,2024-06-04
c0869,40.334342,15.469868,0.3425605603913713,2024-06-05
c0869,40.334342,15.469868,0.6227070312759933,2024-06-06
c0869,40.334342,15.469868,0.5302319811092492,2024-06-07
c0869,40.334342,15.469868,0.4149752880972103,2024-06-08
c0869,40.334342,15.469868,0.7540688802950195,2024-06-09
c0869,40.334342,15.469868,1.7693564161873463,2024-06-10
c0869,40.334342,15.469868,0.5689348090654264,2024-06-11
c0869,40.334342,15.469868,0.8913198394572704,2024-06-12
c0869,40.334342,15.469868,1.34102813764427,2024-06-13
c0869,40.334342,15.469868,0.7041788818461343,2024-06-14
c0869,40.334342,15.469868,0.5393436879385634,2024-06-15
c0869,40.334342,15.469868,0.8291727703899624,2024-06-16
c0869,40.334342,15.469868,0.4631479879769039,2024-06-17
c0869,40.334342,15.469868,0.0515872929580148,2024-06-18
c0869,40.334342,15.469868,0.3517298993579983,2024-06-19
c0869,40.334342,15.469868,1.1116154304132944,2024-06-20
c0869,40.334342,15.469868,0.4047505145038724,2024-06-21
c0869,40.334342,15.469868,1.1716636672223055,2024-06-22
c0869,40.334342,15.469868,1.0619701894489433,2024-06-23
c0869,40.334342,15.469868,1.0165228649600375,2024-06-24
c0869,40.334342,15.469868,0.1959097973381658,2024-06-25
c0869,40.334342,15.469868,0.8656779306882636,2024-06-26
c0869,40.334342,15.469868,1.0146377386012455,2024-06-27
c0869,40.334342,15.469868,1.0478064853663904,2024-06-28
c0869,40.334342,15.469868,1.2396618117083904,2024-06-29
c0869,40.334342,15.469868,1.0854535536332746,2024-06-30
c0869,40.334342,15.469868,0.6427101943353755,2024-07-01
c0869,40.334342,15.469868,0.8107365505006596,2024-07-02
c0869,40.334342,15.469868,0.6077206069686212,2024-07-03
c0869,40.334342,15.469868,0.6083133055241481,2024-07-04
c0869,40.334342,15.469868,0.4065126296931944,2024-07-05
c0869,40.334342,15.469868,0.7601581236773244,2024-07-06
c0869,40.334342,15.469868,0.6282261525299904,2024-07-07
c0869,40.334342,15.469868,0.5950058501162442,2024-07-08
c0869,40.334342,15.469868,0.5864219566949986,2024-07-09
c0869,40.334342,15.469868,0.4628469196125686,2024-07-10
c0869,40.334342,15.469868,0.5304061607778318,2024-07-11
c0869,40.334342,15.469868,0.7306413504283801,2024-07-12
c0869,40.334342,15.469868,0.7837662699684859,2024-07-13
c0869,40.334342,15.469868,0.554154033087669,2024-07-14
c0869,40.334342,15.469868,0.2898091580603593,2024-07-15
c0869,40.334342,15.469868,0.7611816236469249,2024-07-16
c0869,40.334342,15.469868,0.3848057158278328,2024-07-17
c0869,40.334342,15.469868,0.4716338876951683,2024-07-18
c0869,40.334342,15.469868,0.5843282286439764,2024-07-19
c0869,40.334342,15.469868,0.8935510880837234,2024-07-20
c0869,40.334342,15.469868,0.5864874334051611,2024-07-21
c0869,40.334342,15.469868,0.5351462019402335,2024-07-22
c0869,40.334342,15.469868,1.15179760026686,2024-07-23
c0869,40.334342,15.469868,0.7226674235018449,2024-07-24
c0869,40.334342,15.469868,1.185154917768812,2024-07-25
c0869,40.334342,15.469868,1.0884299915720037,2024-07-26
c0869,40.334342,15.469868,0.4414608913098107,2024-07-27
c0869,40.334342,15.469868,0.3519823971749039,2024-07-28
c0869,40.334342,15.469868,1.0347853843284742,2024-07-29
c0869,40.334342,15.469868,1.8699539489022428,2024-07-30
c0869,40.334342,15.469868,0.8069521045081423,2024-07-31
c0869,40.334342,15.469868,0.5453004282005532,2024-08-01
c0869,40.334342,15.469868,0.8098289826116473,2024-08-02
c0869,40.334342,15.469868,0.4859361187559465,2024-08-03
c0869,40.334342,15.469868,0.3486430260060532,2024-08-04
c0869,40.334342,15.469868,0.3360060083063299,2024-08-05
c0869,40.334342,15.469868,0.5213848054444487,2024-08-06
c0869,40.334342,15.469868,0.4267473528561964,2024-08-07
c0869,40.334342,15.469868,0.5579527806050463,2024-08-08
c0869,40.334342,15.469868,0.6221802046455006,2024-08-09
c0869,40.334342,15.469868,1.1224425581305706,2024-08-10
c0869,40.334342,15.469868,0.9820572606145056,2024-08-11
c0869,40.334342,15.469868,0.2821592465606829,2024-08-12
c0869,40.334342,15.469868,0.4206518848146951,2024-08-13
c0869,40.334342,15.469868,0.6373152119522665,2024-08-14
c0869,40.334342,15.469868,0.1265443176479674,2024-08-15
c0869,40.334342,15.469868,0.5516259862286661,2024-08-16
c0869,40.334342,15.469868,0.5894478101640033,2024-08-17
c0869,40.334342,15.469868,1.0021649866052036,2024-08-18
c0869,40.334342,15.469868,0.8964119153612817,2024-08-19
c0869,40.334342,15.469868,0.2407646238282928,2024-08-20
c0869,40.334342,15.469868,0.6054535690862339,2024-08-21
c0869,40.334342,15.469868,0.3069719205017411,2024-08-22
c0869,40.334342,15.469868,0.1048715631843771,2024-08-23
c0869,40.334342,15.469868,0.3371880270201399,2024-08-24
c0869,40.334342,15.469868,0.7670933630201412,2024-08-25
c0869,40.334342,15.469868,0.4468754942167184,2024-08-26
c0869,40.334342,15.469868,0.7414241202551951,2024-08-27
c0869,40.334342,15.469868,0.4067191725039343,2024-08-28
c0869,40.334342,15.469868,0.6125478179657909,2024-08-29
c0869,40.334342,15.469868,0.9536079775056896,2024-08-30
c0869,40.334342,15.469868,1.346516193065338,2024-08-31
c0869,40.334342,15.469868,0.5959673620245193,2024-09-01
c0869,40.334342,15.469868,0.2895486200783144,2024-09-02
c0869,40.334342,15.469868,0.3106192856747875,2024-09-03
c0869,40.334342,15.469868,0.3450451963276208,2024-09-04
c0869,40.334342,15.469868,0.925043729855078,2024-09-05
c0869,40.334342,15.469868,0.7938983391861191,2024-09-06
c0869,40.334342,15.469868,0.324591597381757,2024-09-07
c0869,40.334342,15.469868,0.4884333455572484,2024-09-08
c0869,40.334342,15.469868,1.2257830265317349,2024-09-09
c0869,40.334342,15.469868,1.3024706964514956,2024-09-10
c0869,40.334342,15.469868,0.4711489816457019,2024-09-11
c0869,40.334342,15.469868,1.380931470721289,2024-09-12
c0869,40.334342,15.469868,2.3132536514240463,2024-09-13
c0869,40.334342,15.469868,1.044250669221831,2024-09-14
c0869,40.334342,15.469868,0.6187547409250816,2024-09-15
c0869,40.334342,15.469868,0.2038104438914772,2024-09-16
c0869,40.334342,15.469868,0.7680412795564255,2024-09-17
c0869,40.334342,15.469868,0.7403457766518795,2024-09-18
c0869,40.334342,15.469868,0.9232655078460152,2024-09-19
c0869,40.334342,15.469868,0.4606133185467701,2024-09-20
c0869,40.334342,15.469868,0.6663701191191235,2024-09-21
c0869,40.334342,15.469868,0.372048739833913,2024-09-22
c0869,40.334342,15.469868,0.7991971191413473,2024-09-23
c0869,40.334342,15.469868,0.9583421972041604,2024-09-24
c0869,40.334342,15.469868,0.7736353425356198,2024-09-25
c0869,40.334342,15.469868,0.9154555314218638,2024-09-26
c0869,40.334342,15.469868,0.8577769403443661,2024-09-27
c0869,40.334342,15.469868,1.1356545084846086,2024-09-28
c0869,40.334342,15.469868,1.4137470618577055,2024-09-29
c0869,40.334342,15.469868,0.8730719303279677,2024-09-30
c0869,40.334342,15.469868,0.3226722664637642,2024-10-01
c0869,40.334342,15.469868,0.9121219528428672,2024-10-02
c0869,40.334342,15.469868,1.6356751837285908,2024-10-03
c0869,40.334342,15.469868,1.9172876498510096,2024-10-04
c0869,40.334342,15.469868,1.0698543603038368,2024-10-05
c0869,40.334342,15.469868,0.8348507920164671,2024-10-06
c0869,40.334342,15.469868,0.2792168248451584,2024-10-07
c0869,40.334342,15.469868,1.1787202144518678,2024-10-08
c0869,40.334342,15.469868,1.4466948691384642,2024-10-09
c0869,40.334342,15.469868,1.232768148472465,2024-10-10
c0869,40.334342,15.469868,1.203580991479635,2024-10-11
c0869,40.334342,15.469868,0.1906407367236447,2024-10-12
c0869,40.334342,15.469868,0.3504583722277392,2024-10-13
c0869,40.334342,15.469868,0.2646419725286715,2024-10-14
c0869,40.334342,15.469868,0.4057191153942223,2024-10-15
c0869,40.334342,15.469868,0.4803875044607993,2024-10-16
c0869,40.334342,15.469868,0.5662226193701354,2024-10-17
c0869,40.334342,15.469868,0.5092700311721982,2024-10-18
c0869,40.334342,15.469868,1.084553363585314,2024-10-19
c0869,40.334342,15.469868,1.099714634862928,2024-10-20
c0869,40.334342,15.469868,1.3001914845774374,2024-10-21
c0869,40.334342,15.469868,0.5719618223336591,2024-10-22
c0869,40.334342,15.469868,0.3994063004456675,2024-10-23
c0869,40.334342,15.469868,0.1794620958437158,2024-10-24
c0869,40.334342,15.469868,0.3486730801518939,2024-10-25
c0869,40.334342,15.469868,0.4381933131381077,2024-10-26
c0869,40.334342,15.469868,0.348217393151503,2024-10-27
c0869,40.334342,15.469868,0.6736850439187206,2024-10-28
c0869,40.334342,15.469868,0.5193478035515678,2024-10-29
c0869,40.334342,15.469868,0.620679263296154,2024-10-30
c0869,40.334342,15.469868,1.07032422079342,2024-10-31
c0869,40.334342,15.469868,0.7302548316483389,2024-11-01
c0869,40.334342,15.469868,0.8388118910051117,2024-11-02
c0869,40.334342,15.469868,0.9044893716559884,2024-11-03
c0869,40.334342,15.469868,0.8057497031358148,2024-11-04
c0869,40.334342,15.469868,0.6875500466309118,2024-11-05
c0869,40.334342,15.469868,0.881516097690591,2024-11-06
c0869,40.334342,15.469868,0.870371037054636,2024-11-07
c0869,40.334342,15.469868,0.9072807857297758,2024-11-08
c0869,40.334342,15.469868,1.0353150958565502,2024-11-09
c0869,40.334342,15.469868,0.9871523998095164,2024-11-10
c0869,40.334342,15.469868,1.344530769999392,2024-11-11
c0869,40.334342,15.469868,1.744585943699282,2024-11-12
c0869,40.334342,15.469868,1.328063522292043,2024-11-13
c0869,40.334342,15.469868,0.2906826814947023,2024-11-14
c0869,40.334342,15.469868,1.6323655364049732,2024-11-15
c0869,40.334342,15.469868,1.0501711836322611,2024-11-16
c0869,40.334342,15.469868,0.3920385531465569,2024-11-17
c0869,40.334342,15.469868,0.583317592350692,2024-11-18
c0869,40.334342,15.469868,1.2151043522540332,2024-11-19
c0869,40.334342,15.469868,2.6133877012837248,2024-11-20
c0869,40.334342,15.469868,1.5699975032394622,2024-11-21
c0869,40.334342,15.469868,2.7917232793605007,2024-11-22
c0869,40.334342,15.469868,1.1674589587164728,2024-11-23
c0869,40.334342,15.469868,0.3174412988135194,2024-11-24
c0869,40.334342,15.469868,0.3877773647134692,2024-11-25
c0869,40.334342,15.469868,0.3251010215153703,2024-11-26
c0869,40.334342,15.469868,0.266437634331597,2024-11-27
c0869,40.334342,15.469868,0.6032353084608832,2024-11-28
c0869,40.334342,15.469868,0.5115475503538721,2024-11-29
c0869,40.334342,15.469868,1.7948570821953782,2024-11-30
c0869,40.334342,15.469868,1.551804274647742,2024-12-01
c0869,40.334342,15.469868,0.8132416397455274,2024-12-02
c0869,40.334342,15.469868,0.2605214322558939,2024-12-03
c0869,40.334342,15.469868,0.2396570694450709,2024-12-04
c0869,40.334342,15.469868,1.6355204223423825,2024-12-05
c0869,40.334342,15.469868,0.2846639639139499,2024-12-06
c0869,40.334342,15.469868,0.6824190376415941,2024-12-07
c0869,40.334342,15.469868,1.6643776633033378,2024-12-08
c0869,40.334342,15.469868,1.1816826645429186,2024-12-09
c0869,40.334342,15.469868,0.7769073506544841,2024-12-10
c0869,40.334342,15.469868,0.4683734596711592,2024-12-11
c0869,40.334342,15.469868,0.9837110321146966,2024-12-12
c0869,40.334342,15.469868,1.2194770613337926,2024-12-13
c0869,40.334342,15.469868,1.0392309807164497,2024-12-14
c0869,40.334342,15.469868,0.403425967275494,2024-12-15
c0869,40.334342,15.469868,1.4296343955508417,2024-12-16
c0869,40.334342,15.469868,0.3978221890696889,2024-12-17
c0869,40.334342,15.469868,0.3187403965488606,2024-12-18
c0869,40.334342,15.469868,0.9355441144008136,2024-12-19
c0869,40.334342,15.469868,0.9988370728654724,2024-12-20
c0869,40.334342,15.469868,1.358781761295573,2024-12-21
c0869,40.334342,15.469868,0.8907582553220957,2024-12-22
c0869,40.334342,15.469868,1.1757762016255875,2024-12-23
c0869,40.334342,15.469868,2.0966187337549673,2024-12-24
c0869,40.334342,15.469868,2.487733327661345,2024-12-25
c0869,40.334342,15.469868,2.371724346049893,2024-12-26
c0869,40.334342,15.469868,1.7928177080452483,2024-12-27
c0869,40.334342,15.469868,1.2407514376966184,2024-12-28
c0869,40.334342,15.469868,0.7787055599377019,2024-12-29
c0869,40.334342,15.469868,0.4635600659756504,2024-12-30
c0869,40.334342,15.469868,0.3449414491845915,2024-12-31
c0869,40.334342,15.469868,0.3765567302412166,2025-01-01
c0869,40.334342,15.469868,0.5544067657459747,2025-01-02
c0869,40.334342,15.469868,1.641215519071609,2025-01-03
c0869,40.334342,15.469868,0.5443355814839353,2025-01-04
c0869,40.334342,15.469868,0.9240919632041802,2025-01-05
c0869,40.334342,15.469868,0.8938988169436594,2025-01-06
c0869,40.334342,15.469868,1.1762033241757093,2025-01-07
c0869,40.334342,15.469868,1.002696130319196,2025-01-08
c0869,40.334342,15.469868,1.144801050821465,2025-01-09
c0869,40.334342,15.469868,1.3597733344395733,2025-01-10
c0869,40.334342,15.469868,0.660474205324244,2025-01-11
c0869,40.334342,15.469868,2.4824736317941105,2025-01-12
c0869,40.334342,15.469868,2.512330204941638,2025-01-13
c0869,40.334342,15.469868,2.7187768879302743,2025-01-14
c0869,40.334342,15.469868,1.317903627459676,2025-01-15
c0869,40.334342,15.469868,1.5567691721428287,2025-01-16
c0869,40.334342,15.469868,2.1999296233666037,2025-01-17
c0869,40.334342,15.469868,1.543561841402184,2025-01-18
c0869,40.334342,15.469868,0.8526276784161575,2025-01-19
c0869,40.334342,15.469868,0.34519396092715,2025-01-20
c0869,40.334342,15.469868,0.6300886632320827,2025-01-21
c0869,40.334342,15.469868,0.4042565590929896,2025-01-22
c0869,40.334342,15.469868,0.6309881738062396,2025-01-23
c0869,40.334342,15.469868,0.253696842914519,2025-01-24
c0869,40.334342,15.469868,0.3556906500371169,2025-01-25
c0869,40.334342,15.469868,0.6683174726532561,2025-01-26
c0869,40.334342,15.469868,0.7583035012351323,2025-01-27
c0869,40.334342,15.469868,1.2305718614974848,2025-01-28
c0869,40.334342,15.469868,0.305310901542936,2025-01-29
c0869,40.334342,15.469868,0.3091259706772928,2025-01-30
c0869,40.334342,15.469868,0.5099984803846819,2025-01-31
c0869,40.334342,15.469868,0.8989854461105077,2025-02-01
c0869,40.334342,15.469868,1.040954102244274,2025-02-02
c0869,40.334342,15.469868,0.2984801215179454,2025-02-03
c0869,40.334342,15.469868,1.2041951526876007,2025-02-04
c0869,40.334342,15.469868,1.26461766286878,2025-02-05
c0869,40.334342,15.469868,0.8304682265852831,2025-02-06
c0869,40.334342,15.469868,0.831116098216226,2025-02-07
c0869,40.334342,15.469868,0.9512401214818552,2025-02-08
c0869,40.334342,15.469868,0.6917981623451688,2025-02-09
c0869,40.334342,15.469868,0.3726059226374005,2025-02-10
c0869,40.334342,15.469868,0.1764143680563142,2025-02-11
c0869,40.334342,15.469868,0.5776486805238062,2025-02-12
c0869,40.334342,15.469868,0.4038337885658882,2025-02-13
c0869,40.334342,15.469868,1.0777403251502742,2025-02-14
c0869,40.334342,15.469868,0.8458680119440328,2025-02-15
c0869,40.334342,15.469868,1.0123972027688182,2025-02-16
c0869,40.334342,15.469868,0.1112504632976764,2025-02-17
c0869,40.334342,15.469868,0.4886191628829698,2025-02-18
c0869,40.334342,15.469868,0.9429593113777156,2025-02-19
c0869,40.334342,15.469868,0.8396220824825675,2025-02-20
c0869,40.334342,15.469868,0.9254988511027464,2025-02-21
c0869,40.334342,15.469868,0.1454686945896669,2025-02-22
c0869,40.334342,15.469868,0.2923129757830989,2025-02-23
c0869,40.334342,15.469868,0.4769493101692963,2025-02-24
c0869,40.334342,15.469868,0.7928403469044768,2025-02-25
c0869,40.334342,15.469868,1.326143186109812,2025-02-26
c0869,40.334342,15.469868,0.7911795725434343,2025-02-27
c0869,40.334342,15.469868,0.4915045459821414,2025-02-28
c0869,40.334342,15.469868,0.6717176253331557,2025-03-01
c0869,40.334342,15.469868,1.4142238379661447,2025-03-02
c0869,40.334342,15.469868,1.9212799730498171,2025-03-03
c0869,40.334342,15.469868,1.2301134634418642,2025-03-04
c0869,40.334342,15.469868,0.874720112569455,2025-03-05
c0869,40.334342,15.469868,0.6711960083291865,2025-03-06
c0869,40.334342,15.469868,1.024716944839609,2025-03-07
c0869,40.334342,15.469868,0.8959426576702106,2025-03-08
c0869,40.334342,15.469868,0.7307705041122321,2025-03-09
c0869,40.334342,15.469868,1.3426069301459471,2025-03-10
c0869,40.334342,15.469868,1.1481882988039864,2025-03-11
c0869,40.334342,15.469868,1.0368980938932717,2025-03-12
c0869,40.334342,15.469868,1.944093226163221,2025-03-13
c0869,40.334342,15.469868,1.8508932621996743,2025-03-14
c0869,40.334342,15.469868,1.4672665627611028,2025-03-15
c0869,40.334342,15.469868,2.060442218747081,2025-03-16
c0869,40.334342,15.469868,1.3998757888345823,2025-03-17
c0869,40.334342,15.469868,2.0919551743364795,2025-03-18
c0869,40.334342,15.469868,0.957780152107966,2025-03-19
c0869,40.334342,15.469868,0.1250276368919903,2025-03-20
c0869,40.334342,15.469868,0.4079134477969341,2025-03-21
c0869,40.334342,15.469868,1.1518499786843062,2025-03-22
c0869,40.334342,15.469868,1.3670099361744408,2025-03-23
c0869,40.334342,15.469868,1.4108284466153589,2025-03-24
c0869,40.334342,15.469868,0.4161493614080703,2025-03-25
c0869,40.334342,15.469868,0.3395984029490229,2025-03-26
c0869,40.334342,15.469868,0.712401422712011,2025-03-27
c0869,40.334342,15.469868,0.1648923052353909,2025-03-28
c0869,40.334342,15.469868,0.3669544208820929,2025-03-29
c0869,40.334342,15.469868,1.3488303828525685,2025-03-30
c0869,40.334342,15.469868,1.1982059789711337,2025-03-31
c0869,40.334342,15.469868,1.7856534148737375,2025-04-01
c0869,40.334342,15.469868,0.912052850877796,2025-04-02
c0869,40.334342,15.469868,0.9921282165583244,2025-04-03
c0869,40.334342,15.469868,1.1512910552276578,2025-04-04
c0869,40.334342,15.469868,0.5996673297294618,2025-04-05
c0869,40.334342,15.469868,0.6485167702113244,2025-04-06
c0869,40.334342,15.469868,2.295963339047747,2025-04-07
c0869,40.334342,15.469868,1.7545534046343163,2025-04-08
c0869,40.334342,15.469868,0.2665760352184749,2025-04-09
c0869,40.334342,15.469868,0.7670451612043031,2025-04-10
c0869,40.334342,15.469868,0.7513094229852243,2025-04-11
c0869,40.334342,15.469868,0.3143872850403079,2025-04-12
c0869,40.334342,15.469868,0.8650863847404844,2025-04-13
c0869,40.334342,15.469868,1.771192539194367,2025-04-14
c0869,40.334342,15.469868,1.7716431445233949,2025-04-15
c0869,40.334342,15.469868,1.7903073974811434,2025-04-16
c0869,40.334342,15.469868,1.5474362344795196,2025-04-17
c0869,40.334342,15.469868,1.47833931438924,2025-04-18
c0869,40.334342,15.469868,0.3548348752535982,2025-04-19
c0869,40.334342,15.469868,0.3418888626198065,2025-04-20
c0869,40.334342,15.469868,0.4396393361734423,2025-04-21
c0869,40.334342,15.469868,0.0823389456913021,2025-04-22
c0869,40.334342,15.469868,0.5016160651587739,2025-04-23
c0869,40.334342,15.469868,0.9234333939460516,2025-04-24
c0869,40.334342,15.469868,0.6543746419789999,2025-04-25
c0869,40.334342,15.469868,0.4022012553887694,2025-04-26
c0869,40.334342,15.469868,0.8356229550357519,2025-04-27
c0869,40.334342,15.469868,0.8355435826868912,2025-04-28
c0869,40.334342,15.469868,1.1954203869564648,2025-04-29
c0869,40.334342,15.469868,0.8976169070572576,2025-04-30
c0869,40.334342,15.469868,0.8797547001340924,2025-05-01
c0869,40.334342,15.469868,0.2955894159104237,2025-05-02
c0869,40.334342,15.469868,0.7280908138619371,2025-05-03
c0869,40.334342,15.469868,0.9270425704248438,2025-05-04
c0869,40.334342,15.469868,1.406212154088425,2025-05-05
c0869,40.334342,15.469868,1.2462405911684282,2025-05-06
c0869,40.334342,15.469868,1.312487773512879,2025-05-07
c0869,40.334342,15.469868,1.1791938832503548,2025-05-08
c0869,40.334342,15.469868,0.3234922456422098,2025-05-09
c0869,40.334342,15.469868,0.2687052140002409,2025-05-10
c0869,40.334342,15.469868,0.1732825618008566,2025-05-11
c0869,40.334342,15.469868,0.2925178349627892,2025-05-12
c0869,40.334342,15.469868,0.3726662143364571,2025-05-13
c0869,40.334342,15.469868,0.3211917437790851,2025-05-14
c0869,40.334342,15.469868,0.8427337671525905,2025-05-15
c0869,40.334342,15.469868,1.2985205730621694,2025-05-16
c0869,40.334342,15.469868,0.6368937592855043,2025-05-17
c0869,40.334342,15.469868,1.0867264760888755,2025-05-18
c0869,40.334342,15.469868,0.4374546980949664,2025-05-19
c0869,40.334342,15.469868,0.6299220096844893,2025-05-20
c0869,40.334342,15.469868,1.778985730810483,2025-05-21
c0869,40.334342,15.469868,1.5871771616244068,2025-05-22
c0869,40.334342,15.469868,1.2320034474370825,2025-05-23
c0869,40.334342,15.469868,1.3483281809995038,2025-05-24
c0869,40.334342,15.469868,2.021261974115455,2025-05-25
c0869,40.334342,15.469868,0.652074086358467,2025-05-26
c0869,40.334342,15.469868,0.5933591113694701,2025-05-27
c0869,40.334342,15.469868,0.6965660980660352,2025-05-28
c0869,40.334342,15.469868,1.1706873591668103,2025-05-29
c0869,40.334342,15.469868,2.379252310883944,2025-05-30
c0869,40.334342,15.469868,1.875856460809557,2025-05-31
c0869,40.334342,15.469868,0.424927078096636,2025-06-01
c0869,40.334342,15.469868,0.6035505049666815,2025-06-02
c0869,40.334342,15.469868,0.4890276833300782,2025-06-03
c0869,40.334342,15.469868,0.3215533350264588,2025-06-04
c0869,40.334342,15.469868,0.5977470111861733,2025-06-05
c0869,40.334342,15.469868,0.6784976508114153,2025-06-06
c0869,40.334342,15.469868,0.8047511409350373,2025-06-07
c0869,40.334342,15.469868,1.254437085246229,2025-06-08
c0869,40.334342,15.469868,0.442770018339493,2025-06-09
c0869,40.334342,15.469868,0.2500837398894844,2025-06-10
c0869,40.334342,15.469868,0.2988516337963422,2025-06-11
c0869,40.334342,15.469868,0.6563467083202104,2025-06-12
c0869,40.334342,15.469868,0.9010879101054996,2025-06-13
c0869,40.334342,15.469868,0.6771220638485285,2025-06-14
c0869,40.334342,15.469868,0.62069448685058,2025-06-15
c0869,40.334342,15.469868,0.5073425158848681,2025-06-16
c0869,40.334342,15.469868,0.5196202766906178,2025-06-17
c0869,40.334342,15.469868,1.465068025453066,2025-06-18
c0869,40.334342,15.469868,0.9311856600286936,2025-06-19
c0869,40.334342,15.469868,0.6766417598876612,2025-06-20
c0869,40.334342,15.469868,1.6394882329254434,2025-06-21
c0869,40.334342,15.469868,0.7293873247074439,2025-06-22
c0869,40.334342,15.469868,0.5962329100649154,2025-06-23
c0869,40.334342,15.469868,0.7198163139235636,2025-06-24
c0869,40.334342,15.469868,0.4153305033374541,2025-06-25
c0869,40.334342,15.469868,0.4847575314356178,2025-06-26
c0869,40.334342,15.469868,0.5658451727803142,2025-06-27
c0869,40.334342,15.469868,2.3735369054911324,2025-06-28
c0869,40.334342,15.469868,2.362636673539963,2025-06-29
c0869,40.334342,15.469868,1.0537904422432534,2025-06-30
c0869,40.334342,15.469868,0.5640442473347755,2025-07-01
c0869,40.334342,15.469868,0.3785110650838629,2025-07-02
c0869,40.334342,15.469868,0.4318280216143461,2025-07-03
c0869,40.334342,15.469868,0.6515446386919584,2025-07-04
c0869,40.334342,15.469868,0.3484304134329955,2025-07-05
c0869,40.334342,15.469868,0.9311758507497454,2025-07-06
c0869,40.334342,15.469868,1.579587157991965,2025-07-07
c0869,40.334342,15.469868,1.880955787025894,2025-07-08
c0869,40.334342,15.469868,1.0493010454277372,2025-07-09
c0869,40.334342,15.469868,1.6478776745020869,2025-07-10
c0869,40.334342,15.469868,1.0535718609290368,2025-07-11
c0869,40.334342,15.469868,0.5034305471060047,2025-07-12
c0869,40.334342,15.469868,0.5457167024930872,2025-07-13
c0869,40.334342,15.469868,0.8272326574929235,2025-07-14
c0869,40.334342,15.469868,1.4289264949488982,2025-07-15
c0869,40.334342,15.469868,0.7261853933735003,2025-07-16
c0869,40.334342,15.469868,0.3824993774343359,2025-07-17
c0869,40.334342,15.469868,0.8442152683878199,2025-07-18
c0869,40.334342,15.469868,0.6696636336671259,2025-07-19
c0869,40.334342,15.469868,0.966717998918055,2025-07-20
c0869,40.334342,15.469868,0.9725461297657624,2025-07-21
c0869,40.334342,15.469868,1.2659212349927853,2025-07-22
c0869,40.334342,15.469868,0.896173647406783,2025-07-23
c0869,40.334342,15.469868,0.5061859273206586,2025-07-24
c0869,40.334342,15.469868,0.8617196329803515,2025-07-25
c0869,40.334342,15.469868,1.1060005836464473,2025-07-26
c0869,40.334342,15.469868,1.6036740055983416,2025-07-27
c0869,40.334342,15.469868,1.5812332159703937,2025-07-28
c0869,40.334342,15.469868,0.9767974915215446,2025-07-29
c0869,40.334342,15.469868,0.887935644582553,2025-07-30
c0869,40.334342,15.469868,0.7958526333004113,2025-07-31
c0869,40.334342,15.469868,0.7274395062085941,2025-08-01
c0869,40.334342,15.469868,1.0589580715459026,2025-08-02
c0869,40.334342,15.469868,1.131128665893889,2025-08-03
c0869,40.334342,15.469868,1.2089488853362578,2025-08-04
c0869,40.334342,15.469868,1.327663033656284,2025-08-05
c0869,40.334342,15.469868,0.5934877917616865,2025-08-06
c0869,40.334342,15.469868,0.8116264792126086,2025-08-07
c0869,40.334342,15.469868,1.094677070883241,2025-08-08
c0869,40.334342,15.469868,0.2762882657897157,2025-08-09
c0869,40.334342,15.469868,0.4788206944945172,2025-08-10
c0869,40.334342,15.469868,0.7018872307769446,2025-08-11
c0869,40.334342,15.469868,0.6527659679092672,2025-08-12
c0869,40.334342,15.469868,0.6436356053223803,2025-08-13
c0869,40.334342,15.469868,0.4105032154719417,2025-08-14
c0869,40.334342,15.469868,0.4893859920747986,2025-08-15
c0869,40.334342,15.469868,0.6331871733128881,2025-08-16
c0869,40.334342,15.469868,0.2740918198244274,2025-08-17
c0869,40.334342,15.469868,0.5954395099466311,2025-08-18
c0869,40.334342,15.469868,0.5795450832292433,2025-08-19
c0869,40.334342,15.469868,0.7185072531334268,2025-08-20
c0869,40.334342,15.469868,1.970268821286788,2025-08-21
c0869,40.334342,15.469868,1.424490212703613,2025-08-22
c0869,40.334342,15.469868,0.5346639353100531,2025-08-23
c0869,40.334342,15.469868,0.5440348980361462,2025-08-24
c0869,40.334342,15.469868,0.3963650294732699,2025-08-25
c0869,40.334342,15.469868,0.507899811611444,2025-08-26
c0869,40.334342,15.469868,0.1111812778580893,2025-08-27
c0869,40.334342,15.469868,0.794138802785142,2025-08-28
c0869,40.334342,15.469868,1.1949658199507909,2025-08-29
c0869,40.334342,15.469868,1.1849837589402172,2025-08-30
c0869,40.334342,15.469868,0.6951459041210233,2025-08-31
c0869,40.334342,15.469868,0.3093939529406372,2025-09-01
c0869,40.334342,15.469868,1.166149014403858,2025-09-02
c0869,40.334342,15.469868,0.7451417552463959,2025-09-03
c0869,40.334342,15.469868,0.6664043618727676,2025-09-04
c0869,40.334342,15.469868,0.673256679819141,2025-09-05
c0869,40.334342,15.469868,0.5006014157668482,2025-09-06
c0869,40.334342,15.469868,0.3016196089023338,2025-09-07
c0869,40.334342,15.469868,0.4661767097901435,2025-09-08
c0869,40.334342,15.469868,0.5854528024365684,2025-09-09
c0869,40.334342,15.469868,1.3400906809740494,2025-09-10
c0869,40.334342,15.469868,1.240356468623089,2025-09-11
c0869,40.334342,15.469868,0.697949587369974,2025-09-12
c0869,40.334342,15.469868,0.2963993616820321,2025-09-13
c0869,40.334342,15.469868,0.5681444133723588,2025-09-14
c0869,40.334342,15.469868,0.2510651075717683,2025-09-15
c0869,40.334342,15.469868,0.6747710311407584,2025-09-16
c0869,40.334342,15.469868,0.5472588595228567,2025-09-17
c0869,40.334342,15.469868,2.0054501266913336,2025-09-18
c0869,40.334342,15.469868,1.5816436802335114,2025-09-19
c0869,40.334342,15.469868,0.4765813907915259,2025-09-20
c0869,40.334342,15.469868,0.3441797944291822,2025-09-21
c0869,40.334342,15.469868,0.4825499419405842,2025-09-22
c0869,40.334342,15.469868,0.6336871913545494,2025-09-23
c0869,40.334342,15.469868,1.003347261810805,2025-09-24
c0869,40.334342,15.469868,1.1174782178078722,2025-09-25
c0869,40.334342,15.469868,0.195472214406488,2025-09-26
c0869,40.334342,15.469868,0.5513721289665648,2025-09-27
c0869,40.334342,15.469868,0.4852218448955717,2025-09-28
c0869,40.334342,15.469868,0.7146426167835206,2025-09-29
c0869,40.334342,15.469868,0.1946481733147031,2025-09-30
c0869,40.334342,15.469868,0.3797450232167677,2025-10-01
c0869,40.334342,15.469868,2.4709615321502576,2025-10-02
c0869,40.334342,15.469868,2.636699049475404,2025-10-03
c0869,40.334342,15.469868,0.3246960990046513,2025-10-04
c0869,40.334342,15.469868,0.852067148413873,2025-10-05
c0869,40.334342,15.469868,2.1979064815421405,2025-10-06
c0869,40.334342,15.469868,2.494565235041776,2025-10-07
c0869,40.334342,15.469868,1.916160216083447,2025-10-08
c0869,40.334342,15.469868,0.2370890033660179,2025-10-09
c0869,40.334342,15.469868,0.7926286020484362,2025-10-10
c0869,40.334342,15.469868,1.3839747780715728,2025-10-11
c0869,40.334342,15.469868,0.6032915162144247,2025-10-12
c0869,40.334342,15.469868,0.4777704220274807,2025-10-13
c0869,40.334342,15.469868,0.0761416471863035,2025-10-14
c0869,40.334342,15.469868,1.1226407921533,2025-10-15
c0869,40.334342,15.469868,1.622161206833929,2025-10-16
c0869,40.334342,15.469868,0.8752723212497839,2025-10-17
c0869,40.334342,15.469868,0.1579639298853498,2025-10-18
c0869,40.334342,15.469868,0.8671554321720684,2025-10-19
c0869,40.334342,15.469868,0.3676703157560488,2025-10-20
c0869,40.334342,15.469868,0.9993955351771892,2025-10-21
c0869,40.334342,15.469868,0.5826717972496225,2025-10-22
c0869,40.334342,15.469868,1.6001633941970483,2025-10-23
c0869,40.334342,15.469868,2.217302539879061,2025-10-24
c0869,40.334342,15.469868,1.561305812330546,2025-10-25
c0869,40.334342,15.469868,1.7165295442845718,2025-10-26
c0869,40.334342,15.469868,1.6349263833513945,2025-10-27
c0869,40.334342,15.469868,0.3240307099582012,2025-10-28
c0869,40.334342,15.469868,0.796458213776507,2025-10-29
c0869,40.334342,15.469868,0.8577588765449887,2025-10-30
c0869,40.334342,15.469868,0.7634068750747006,2025-10-31
c0869,40.334342,15.469868,0.8049562814800444,2025-11-01
c0869,40.334342,15.469868,0.4860237474892385,2025-11-02
c0869,40.334342,15.469868,0.5209338633513103,2025-11-03
c0869,40.334342,15.469868,1.60113553728187,2025-11-04
c0869,40.334342,15.469868,1.0795646224330009,2025-11-05
c0869,40.334342,15.469868,0.2455942790944517,2025-11-06
c0869,40.334342,15.469868,0.44815071888195,2025-11-07
c0869,40.334342,15.469868,0.6846847761794469,2025-11-08
c0869,40.334342,15.469868,0.8835395136401785,2025-11-09
c0869,40.334342,15.469868,0.6793486852845455,2025-11-10
c0869,40.334342,15.469868,0.2598637340902793,2025-11-11
c0869,40.334342,15.469868,0.4404383058127269,2025-11-12
c0869,40.334342,15.469868,0.3028672111685534,2025-11-13
c0869,40.334342,15.469868,0.3632068139059349,2025-11-14
c0869,40.334342,15.469868,0.3832417914165764,2025-11-15
c0869,40.334342,15.469868,0.82921603361274,2025-11-16
c0869,40.334342,15.469868,1.6159826002461315,2025-11-17
c0869,40.334342,15.469868,1.0193386454870808,2025-11-18
c0869,40.334342,15.469868,0.8055235585036434,2025-11-19
c0869,40.334342,15.469868,1.1222035046110652,2025-11-20
c0869,40.334342,15.469868,1.3670225915196237,2025-11-21
c0869,40.334342,15.469868,0.9141045100661388,2025-11-22
c0869,40.334342,15.469868,0.5690111500338491,2025-11-23
c0869,40.334342,15.469868,1.2878246331203227,2025-11-24
c0869,40.334342,15.469868,2.250807257653802,2025-11-25
c0869,40.334342,15.469868,0.9178805032433835,2025-11-26
c0869,40.334342,15.469868,0.4606010255152294,2025-11-27
c0869,40.334342,15.469868,1.3328971551453903,2025-11-28
c0869,40.334342,15.469868,0.5943034138878234,2025-11-29
c0869,40.334342,15.469868,0.326267263019572,2025-11-30
c0869,40.334342,15.469868,0.3840249243801131,2025-12-01
c0869,40.334342,15.469868,0.7638995166822333,2025-12-02
c0869,40.334342,15.469868,0.5491537457570514,2025-12-03
c0869,40.334342,15.469868,0.2288264563394925,2025-12-04
c0869,40.334342,15.469868,0.2479604883822989,2025-12-05
c0869,40.334342,15.469868,1.0009735149456025,2025-12-06
c0869,40.334342,15.469868,0.6667846166414791,2025-12-07
c0869,40.334342,15.469868,1.0130865734078804,2025-12-08
c0869,40.334342,15.469868,0.4562236730265032,2025-12-09
c0869,40.334342,15.469868,0.5822763951625525,2025-12-10
c0869,40.334342,15.469868,0.6068037883665885,2025-12-11
c0869,40.334342,15.469868,0.6596602942693855,2025-12-12
c0869,40.334342,15.469868,0.5333959907380506,2025-12-13
c0869,40.334342,15.469868,0.5036214274623465,2025-12-14
c0869,40.334342,15.469868,0.6550571244540598,2025-12-15
c0869,40.334342,15.469868,1.05121579335432,2025-12-16
c0869,40.334342,15.469868,0.6100232324893533,2025-12-17
c0869,40.334342,15.469868,0.5477465879641092,2025-12-18
c0869,40.334342,15.469868,0.9106026561444452,2025-12-19
c0869,40.334342,15.469868,1.3167929874109905,2025-12-20
c0869,40.334342,15.469868,1.2494263456346475,2025-12-21
c0869,40.334342,15.469868,1.179126369052966,2025-12-22
c0869,40.334342,15.469868,0.9800714634262676,2025-12-23
c0869,40.334342,15.469868,1.077824660964012,2025-12-24
c0869,40.334342,15.469868,0.8952101036101795,2025-12-25
c0869,40.334342,15.469868,1.3862935162412864,2025-12-26
c0869,40.334342,15.469868,1.591372847985236,2025-12-27
c0869,40.334342,15.469868,0.7644809477460619,2025-12-28
c0869,40.334342,15.469868,0.3517531994247431,2025-12-29
c0869,40.334342,15.469868,0.4708107709979303,2025-12-30
