cell_id,lat_center,lon_center,mean,date
c0039,35.604613,18.46745,,2019-01-01
c0039,35.604613,18.46745,,2019-01-04
c0039,35.604613,18.46745,,2019-01-07
c0039,35.604613,18.46745,,2019-01-10
c0039,35.604613,18.46745,,2019-01-13
c0039,35.604613,18.46745,,2019-01-16
c0039,35.604613,18.46745,,2019-01-19
c0039,35.604613,18.46745,,2019-01-22
c0039,35.604613,18.46745,,2019-01-25
c0039,35.604613,18.46745,,2019-01-28
c0039,35.604613,18.46745,,2019-01-31
c0039,35.604613,18.46745,,2019-02-03
c0039,35.604613,18.46745,,2019-02-06
c0039,35.604613,18.46745,,2019-02-09
c0039,35.604613,18.46745,,2019-02-12
c0039,35.604613,18.46745,,2019-02-15
c0039,35.604613,18.46745,,2019-02-18
c0039,35.604613,18.46745,,2019-02-21
c0039,35.604613,18.46745,,2019-02-24
c0039,35.604613,18.46745,,2019-02-27
c0039,35.604613,18.46745,,2019-03-02
c0039,35.604613,18.46745,,2019-03-05
c0039,35.604613,18.46745,,2019-03-08
c0039,35.604613,18.46745,,2019-03-11
c0039,35.604613,18.46745,,2019-03-14
c0039,35.604613,18.46745,,2019-03-17
c0039,35.604613,18.46745,,2019-03-20
c0039,35.604613,18.46745,,2019-03-23
c0039,35.604613,18.46745,,2019-03-26
c0039,35.604613,18.46745,,2019-03-29
c0039,35.604613,18.46745,,2019-04-01
c0039,35.604613,18.46745,,2019-04-04
c0039,35.604613,18.46745,,2019-04-07
c0039,35.604613,18.46745,,2019-04-10
c0039,35.604613,18.46745,,2019-04-13
c0039,35.604613,18.46745,,2019-04-16
c0039,35.604613,18.46745,,2019-04-19
c0039,35.604613,18.46745,,2019-04-22
c0039,35.604613,18.46745,,2019-04-25
c0039,35.604613,18.46745,,2019-04-28
c0039,35.604613,18.46745,,2019-05-01
c0039,35.604613,18.46745,,2019-05-04
c0039,35.604613,18.46745,,2019-05-07
c0039,35.604613,18.46745,,2019-05-10
c0039,35.604613,18.46745,,2019-05-13
c0039,35.604613,18.46745,,2019-05-16
c0039,35.604613,18.46745,,2019-05-19
c0039,35.604613,18.46745,,2019-05-22
c0039,35.604613,18.46745,,2019-05-25
c0039,35.604613,18.46745,,2019-05-28
c0039,35.604613,18.46745,,2019-05-31
c0039,35.604613,18.46745,,2019-06-03
c0039,35.604613,18.46745,,2019-06-06
c0039,35.604613,18.46745,,2019-06-09
c0039,35.604613,18.46745,,2019-06-12
c0039,35.604613,18.46745,,2019-06-15
c0039,35.604613,18.46745,,2019-06-18
c0039,35.604613,18.46745,,2019-06-21
c0039,35.604613,18.46745,,2019-06-24
c0039,35.604613,18.46745,,2019-06-27
c0039,35.604613,18.46745,,2019-06-30
c0039,35.604613,18.46745,,2019-07-01
c0039,35.604613,18.46745,,2019-07-04
c0039,35.604613,18.46745,,2019-07-07
c0039,35.604613,18.46745,,2019-07-10
c0039,35.604613,18.46745,,2019-07-13
c0039,35.604613,18.46745,,2019-07-16
c0039,35.604613,18.46745,,2019-07-19
c0039,35.604613,18.46745,,2019-07-22
c0039,35.604613,18.46745,,2019-07-25
c0039,35.604613,18.46745,,2019-07-28
c0039,35.604613,18.46745,,2019-07-31
c0039,35.604613,18.46745,,2019-08-03
c0039,35.604613,18.46745,,2019-08-06
c0039,35.604613,18.46745,,2019-08-09
c0039,35.604613,18.46745,,2019-08-12
c0039,35.604613,18.46745,,2019-08-15
c0039,35.604613,18.46745,,2019-08-18
c0039,35.604613,18.46745,,2019-08-21
c0039,35.604613,18.46745,,2019-08-24
c0039,35.604613,18.46745,,2019-08-27
c0039,35.604613,18.46745,,2019-08-30
c0039,35.604613,18.46745,,2019-09-02
c0039,35.604613,18.46745,,2019-09-05
c0039,35.604613,18.46745,,2019-09-08
c0039,35.604613,18.46745,,2019-09-11
c0039,35.604613,18.46745,,2019-09-14
c0039,35.604613,18.46745,,2019-09-17
c0039,35.604613,18.46745,,2019-09-20
c0039,35.604613,18.46745,,2019-09-23
c0039,35.604613,18.46745,,2019-09-26
c0039,35.604613,18.46745,,2019-09-29
c0039,35.604613,18.46745,,2019-10-01
c0039,35.604613,18.46745,,2019-10-04
c0039,35.604613,18.46745,,2019-10-07
c0039,35.604613,18.46745,,2019-10-10
c0039,35.604613,18.46745,,2019-10-13
c0039,35.604613,18.46745,,2019-10-16
c0039,35.604613,18.46745,,2019-10-19
c0039,35.604613,18.46745,,2019-10-22
c0039,35.604613,18.46745,,2019-10-25
c0039,35.604613,18.46745,,2019-10-28
c0039,35.604613,18.46745,,2019-10-31
c0039,35.604613,18.46745,,2019-11-03
c0039,35.604613,18.46745,,2019-11-06
c0039,35.604613,18.46745,,2019-11-09
c0039,35.604613,18.46745,,2019-11-12
c0039,35.604613,18.46745,,2019-11-15
c0039,35.604613,18.46745,,2019-11-18
c0039,35.604613,18.46745,,2019-11-21
c0039,35.604613,18.46745,,2019-11-24
c0039,35.604613,18.46745,,2019-11-27
c0039,35.604613,18.46745,,2019-11-30
c0039,35.604613,18.46745,,2019-12-03
c0039,35.604613,18.46745,,2019-12-06
c0039,35.604613,18.46745,,2019-12-09
c0039,35.604613,18.46745,,2019-12-12
c0039,35.604613,18.46745,,2019-12-15
c0039,35.604613,18.46745,,2019-12-18
c0039,35.604613,18.46745,,2019-12-21
c0039,35.604613,18.46745,,2019-12-24
c0039,35.604613,18.46745,,2019-12-27
c0039,35.604613,18.46745,,2019-12-30
c0039,35.604613,18.46745,,2020-01-01
c0039,35.604613,18.46745,,2020-01-04
c0039,35.604613,18.46745,,2020-01-07
c0039,35.604613,18.46745,,2020-01-10
c0039,35.604613,18.46745,,2020-01-13
c0039,35.604613,18.46745,,2020-01-16
c0039,35.604613,18.46745,,2020-01-19
c0039,35.604613,18.46745,,2020-01-22
c0039,35.604613,18.46745,,2020-01-25
c0039,35.604613,18.46745,,2020-01-28
c0039,35.604613,18.46745,,2020-01-31
c0039,35.604613,18.46745,,2020-02-03
c0039,35.604613,18.46745,,2020-02-06
c0039,35.604613,18.46745,,2020-02-09
c0039,35.604613,18.46745,,2020-02-12
c0039,35.604613,18.46745,,2020-02-15
c0039,35.604613,18.46745,,2020-02-18
c0039,35.604613,18.46745,,2020-02-21
c0039,35.604613,18.46745,,2020-02-24
c0039,35.604613,18.46745,,2020-02-27
c0039,35.604613,18.46745,,2020-03-01
c0039,35.604613,18.46745,,2020-03-04
c0039,35.604613,18.46745,,2020-03-07
c0039,35.604613,18.46745,,2020-03-10
c0039,35.604613,18.46745,,2020-03-13
c0039,35.604613,18.46745,,2020-03-16
c0039,35.604613,18.46745,,2020-03-19
c0039,35.604613,18.46745,,2020-03-22
c0039,35.604613,18.46745,,2020-03-25
c0039,35.604613,18.46745,,2020-03-28
c0039,35.604613,18.46745,,2020-03-31
c0039,35.604613,18.46745,,2020-04-01
c0039,35.604613,18.46745,,2020-04-04
c0039,35.604613,18.46745,,2020-04-07
c0039,35.604613,18.46745,,2020-04-10
c0039,35.604613,18.46745,,2020-04-13
c0039,35.604613,18.46745,,2020-04-16
c0039,35.604613,18.46745,,2020-04-19
c0039,35.604613,18.46745,,2020-04-22
c0039,35.604613,18.46745,,2020-04-25
c0039,35.604613,18.46745,,2020-04-28
c0039,35.604613,18.46745,,2020-05-01
c0039,35.604613,18.46745,,2020-05-04
c0039,35.604613,18.46745,,2020-05-07
c0039,35.604613,18.46745,,2020-05-10
c0039,35.604613,18.46745,,2020-05-13
c0039,35.604613,18.46745,,2020-05-16
c0039,35.604613,18.46745,,2020-05-19
c0039,35.604613,18.46745,,2020-05-22
c0039,35.604613,18.46745,,2020-05-25
c0039,35.604613,18.46745,,2020-05-28
c0039,35.604613,18.46745,,2020-05-31
c0039,35.604613,18.46745,,2020-06-03
c0039,35.604613,18.46745,,2020-06-06
c0039,35.604613,18.46745,,2020-06-09
c0039,35.604613,18.46745,,2020-06-12
c0039,35.604613,18.46745,,2020-06-15
c0039,35.604613,18.46745,,2020-06-18
c0039,35.604613,18.46745,,2020-06-21
c0039,35.604613,18.46745,,2020-06-24
c0039,35.604613,18.46745,,2020-06-27
c0039,35.604613,18.46745,,2020-06-30
c0039,35.604613,18.46745,,2020-07-01
c0039,35.604613,18.46745,,2020-07-04
c0039,35.604613,18.46745,,2020-07-07
c0039,35.604613,18.46745,,2020-07-10
c0039,35.604613,18.46745,,2020-07-13
c0039,35.604613,18.46745,,2020-07-16
c0039,35.604613,18.46745,,2020-07-19
c0039,35.604613,18.46745,,2020-07-22
c0039,35.604613,18.46745,,2020-07-25
c0039,35.604613,18.46745,,2020-07-28
c0039,35.604613,18.46745,,2020-07-31
c0039,35.604613,18.46745,,2020-08-03
c0039,35.604613,18.46745,,2020-08-06
c0039,35.604613,18.46745,,2020-08-09
c0039,35.604613,18.46745,,2020-08-12
c0039,35.604613,18.46745,,2020-08-15
c0039,35.604613,18.46745,,2020-08-18
c0039,35.604613,18.46745,,2020-08-21
c0039,35.604613,18.46745,,2020-08-24
c0039,35.604613,18.46745,,2020-08-27
c0039,35.604613,18.46745,,2020-08-30
c0039,35.604613,18.46745,,2020-09-02
c0039,35.604613,18.46745,,2020-09-05
c0039,35.604613,18.46745,,2020-09-08
c0039,35.604613,18.46745,,2020-09-11
c0039,35.604613,18.46745,,2020-09-14
c0039,35.604613,18.46745,,2020-09-17
c0039,35.604613,18.46745,,2020-09-20
c0039,35.604613,18.46745,,2020-09-23
c0039,35.604613,18.46745,,2020-09-26
c0039,35.604613,18.46745,,2020-09-29
c0039,35.604613,18.46745,,2020-10-01
c0039,35.604613,18.46745,,2020-10-04
c0039,35.604613,18.46745,,2020-10-07
c0039,35.604613,18.46745,,2020-10-10
c0039,35.604613,18.46745,,2020-10-13
c0039,35.604613,18.46745,,2020-10-16
c0039,35.604613,18.46745,,2020-10-19
c0039,35.604613,18.46745,,2020-10-22
c0039,35.604613,18.46745,,2020-10-25
c0039,35.604613,18.46745,,2020-10-28
c0039,35.604613,18.46745,,2020-10-31
c0039,35.604613,18.46745,,2020-11-03
c0039,35.604613,18.46745,,2020-11-06
c0039,35.604613,18.46745,,2020-11-09
c0039,35.604613,18.46745,,2020-11-12
c0039,35.604613,18.46745,,2020-11-15
c0039,35.604613,18.46745,,2020-11-18
c0039,35.604613,18.46745,,2020-11-21
c0039,35.604613,18.46745,,2020-11-24
c0039,35.604613,18.46745,,2020-11-27
c0039,35.604613,18.46745,,2020-11-30
c0039,35.604613,18.46745,,2020-12-03
c0039,35.604613,18.46745,,2020-12-06
c0039,35.604613,18.46745,,2020-12-09
c0039,35.604613,18.46745,,2020-12-12
c0039,35.604613,18.46745,,2020-12-15
c0039,35.604613,18.46745,,2020-12-18
c0039,35.604613,18.46745,,2020-12-21
c0039,35.604613,18.46745,,2020-12-24
c0039,35.604613,18.46745,,2020-12-27
c0039,35.604613,18.46745,,2020-12-30
c0039,35.604613,18.46745,,2021-01-01
c0039,35.604613,18.46745,,2021-01-04
c0039,35.604613,18.46745,,2021-01-07
c0039,35.604613,18.46745,,2021-01-10
c0039,35.604613,18.46745,,2021-01-13
c0039,35.604613,18.46745,,2021-01-16
c0039,35.604613,18.46745,,2021-01-19
c0039,35.604613,18.46745,,2021-01-22
c0039,35.604613,18.46745,,2021-01-25
c0039,35.604613,18.46745,,2021-01-28
c0039,35.604613,18.46745,,2021-01-31
c0039,35.604613,18.46745,,2021-02-03
c0039,35.604613,18.46745,,2021-02-06
c0039,35.604613,18.46745,,2021-02-09
c0039,35.604613,18.46745,,2021-02-12
c0039,35.604613,18.46745,,2021-02-15
c0039,35.604613,18.46745,,2021-02-18
c0039,35.604613,18.46745,,2021-02-21
c0039,35.604613,18.46745,,2021-02-24
c0039,35.604613,18.46745,,2021-02-27
c0039,35.604613,18.46745,,2021-03-02
c0039,35.604613,18.46745,,2021-03-05
c0039,35.604613,18.46745,,2021-03-08
c0039,35.604613,18.46745,,2021-03-11
c0039,35.604613,18.46745,,2021-03-14
c0039,35.604613,18.46745,,2021-03-17
c0039,35.604613,18.46745,,2021-03-20
c0039,35.604613,18.46745,,2021-03-23
c0039,35.604613,18.46745,,2021-03-26
c0039,35.604613,18.46745,,2021-03-29
c0039,35.604613,18.46745,,2021-04-01
c0039,35.604613,18.46745,,2021-04-04
c0039,35.604613,18.46745,,2021-04-07
c0039,35.604613,18.46745,,2021-04-10
c0039,35.604613,18.46745,,2021-04-13
c0039,35.604613,18.46745,,2021-04-16
c0039,35.604613,18.46745,,2021-04-19
c0039,35.604613,18.46745,,2021-04-22
c0039,35.604613,18.46745,,2021-04-25
c0039,35.604613,18.46745,,2021-04-28
c0039,35.604613,18.46745,,2021-05-01
c0039,35.604613,18.46745,,2021-05-04
c0039,35.604613,18.46745,,2021-05-07
c0039,35.604613,18.46745,,2021-05-10
c0039,35.604613,18.46745,,2021-05-13
c0039,35.604613,18.46745,,2021-05-16
c0039,35.604613,18.46745,,2021-05-19
c0039,35.604613,18.46745,,2021-05-22
c0039,35.604613,18.46745,,2021-05-25
c0039,35.604613,18.46745,,2021-05-28
c0039,35.604613,18.46745,,2021-05-31
c0039,35.604613,18.46745,,2021-06-03
c0039,35.604613,18.46745,,2021-06-06
c0039,35.604613,18.46745,,2021-06-09
c0039,35.604613,18.46745,,2021-06-12
c0039,35.604613,18.46745,,2021-06-15
c0039,35.604613,18.46745,,2021-06-18
c0039,35.604613,18.46745,,2021-06-21
c0039,35.604613,18.46745,,2021-06-24
c0039,35.604613,18.46745,,2021-06-27
c0039,35.604613,18.46745,,2021-06-30
c0039,35.604613,18.46745,,2021-07-01
c0039,35.604613,18.46745,,2021-07-04
c0039,35.604613,18.46745,,2021-07-07
c0039,35.604613,18.46745,,2021-07-10
c0039,35.604613,18.46745,,2021-07-13
c0039,35.604613,18.46745,,2021-07-16
c0039,35.604613,18.46745,,2021-07-19
c0039,35.604613,18.46745,,2021-07-22
c0039,35.604613,18.46745,,2021-07-25
c0039,35.604613,18.46745,,2021-07-28
c0039,35.604613,18.46745,,2021-07-31
c0039,35.604613,18.46745,,2021-08-03
c0039,35.604613,18.46745,,2021-08-06
c0039,35.604613,18.46745,,2021-08-09
c0039,35.604613,18.46745,,2021-08-12
c0039,35.604613,18.46745,,2021-08-15
c0039,35.604613,18.46745,,2021-08-18
c0039,35.604613,18.46745,,2021-08-21
c0039,35.604613,18.46745,,2021-08-24
c0039,35.604613,18.46745,,2021-08-27
c0039,35.604613,18.46745,,2021-08-30
c0039,35.604613,18.46745,,2021-09-02
c0039,35.604613,18.46745,,2021-09-05
c0039,35.604613,18.46745,,2021-09-08
c0039,35.604613,18.46745,,2021-09-11
c0039,35.604613,18.46745,,2021-09-14
c0039,35.604613,18.46745,,2021-09-17
c0039,35.604613,18.46745,,2021-09-20
c0039,35.604613,18.46745,,2021-09-23
c0039,35.604613,18.46745,,2021-09-26
c0039,35.604613,18.46745,,2021-09-29
c0039,35.604613,18.46745,,2021-10-01
c0039,35.604613,18.46745,,2021-10-04
c0039,35.604613,18.46745,,2021-10-07
c0039,35.604613,18.46745,,2021-10-10
c0039,35.604613,18.46745,,2021-10-13
c0039,35.604613,18.46745,,2021-10-16
c0039,35.604613,18.46745,,2021-10-19
c0039,35.604613,18.46745,,2021-10-22
c0039,35.604613,18.46745,,2021-10-25
c0039,35.604613,18.46745,,2021-10-28
c0039,35.604613,18.46745,,2021-10-31
c0039,35.604613,18.46745,,2021-11-03
c0039,35.604613,18.46745,,2021-11-06
c0039,35.604613,18.46745,,2021-11-09
c0039,35.604613,18.46745,,2021-11-12
c0039,35.604613,18.46745,,2021-11-15
c0039,35.604613,18.46745,,2021-11-18
c0039,35.604613,18.46745,,2021-11-21
c0039,35.604613,18.46745,,2021-11-24
c0039,35.604613,18.46745,,2021-11-27
c0039,35.604613,18.46745,,2021-11-30
c0039,35.604613,18.46745,,2021-12-03
c0039,35.604613,18.46745,,2021-12-06
c0039,35.604613,18.46745,,2021-12-09
c0039,35.604613,18.46745,,2021-12-12
c0039,35.604613,18.46745,,2021-12-15
c0039,35.604613,18.46745,,2021-12-18
c0039,35.604613,18.46745,,2021-12-21
c0039,35.604613,18.46745,,2021-12-24
c0039,35.604613,18.46745,,2021-12-27
c0039,35.604613,18.46745,,2021-12-30
c0039,35.604613,18.46745,,2022-01-01
c0039,35.604613,18.46745,,2022-01-04
c0039,35.604613,18.46745,,2022-01-07
c0039,35.604613,18.46745,,2022-01-10
c0039,35.604613,18.46745,,2022-01-13
c0039,35.604613,18.46745,,2022-01-16
c0039,35.604613,18.46745,,2022-01-19
c0039,35.604613,18.46745,,2022-01-22
c0039,35.604613,18.46745,,2022-01-25
c0039,35.604613,18.46745,,2022-01-28
c0039,35.604613,18.46745,,2022-01-31
c0039,35.604613,18.46745,,2022-02-03
c0039,35.604613,18.46745,,2022-02-06
c0039,35.604613,18.46745,,2022-02-09
c0039,35.604613,18.46745,,2022-02-12
c0039,35.604613,18.46745,,2022-02-15
c0039,35.604613,18.46745,,2022-02-18
c0039,35.604613,18.46745,,2022-02-21
c0039,35.604613,18.46745,,2022-02-24
c0039,35.604613,18.46745,,2022-02-27
c0039,35.604613,18.46745,,2022-03-02
c0039,35.604613,18.46745,,2022-03-05
c0039,35.604613,18.46745,,2022-03-08
c0039,35.604613,18.46745,,2022-03-11
c0039,35.604613,18.46745,,2022-03-14
c0039,35.604613,18.46745,,2022-03-17
c0039,35.604613,18.46745,,2022-03-20
c0039,35.604613,18.46745,,2022-03-23
c0039,35.604613,18.46745,,2022-03-26
c0039,35.604613,18.46745,,2022-03-29
c0039,35.604613,18.46745,,2022-04-01
c0039,35.604613,18.46745,,2022-04-04
c0039,35.604613,18.46745,,2022-04-07
c0039,35.604613,18.46745,,2022-04-10
c0039,35.604613,18.46745,,2022-04-13
c0039,35.604613,18.46745,,2022-04-16
c0039,35.604613,18.46745,,2022-04-19
c0039,35.604613,18.46745,,2022-04-22
c0039,35.604613,18.46745,,2022-04-25
c0039,35.604613,18.46745,,2022-04-28
c0039,35.604613,18.46745,,2022-05-01
c0039,35.604613,18.46745,,2022-05-04
c0039,35.604613,18.46745,,2022-05-07
c0039,35.604613,18.46745,,2022-05-10
c0039,35.604613,18.46745,,2022-05-13
c0039,35.604613,18.46745,,2022-05-16
c0039,35.604613,18.46745,,2022-05-19
c0039,35.604613,18.46745,,2022-05-22
c0039,35.604613,18.46745,,2022-05-25
c0039,35.604613,18.46745,,2022-05-28
c0039,35.604613,18.46745,,2022-05-31
c0039,35.604613,18.46745,,2022-06-03
c0039,35.604613,18.46745,,2022-06-06
c0039,35.604613,18.46745,,2022-06-09
c0039,35.604613,18.46745,,2022-06-12
c0039,35.604613,18.46745,,2022-06-15
c0039,35.604613,18.46745,,2022-06-18
c0039,35.604613,18.46745,,2022-06-21
c0039,35.604613,18.46745,,2022-06-24
c0039,35.604613,18.46745,,2022-06-27
c0039,35.604613,18.46745,,2022-06-30
c0039,35.604613,18.46745,,2022-07-01
c0039,35.604613,18.46745,,2022-07-04
c0039,35.604613,18.46745,,2022-07-07
c0039,35.604613,18.46745,,2022-07-10
c0039,35.604613,18.46745,,2022-07-13
c0039,35.604613,18.46745,,2022-07-16
c0039,35.604613,18.46745,,2022-07-19
c0039,35.604613,18.46745,,2022-07-22
c0039,35.604613,18.46745,,2022-07-25
c0039,35.604613,18.46745,,2022-07-28
c0039,35.604613,18.46745,,2022-07-31
c0039,35.604613,18.46745,,2022-08-03
c0039,35.604613,18.46745,,2022-08-06
c0039,35.604613,18.46745,,2022-08-09
c0039,35.604613,18.46745,,2022-08-12
c0039,35.604613,18.46745,,2022-08-15
c0039,35.604613,18.46745,,2022-08-18
c0039,35.604613,18.46745,,2022-08-21
c0039,35.604613,18.46745,,2022-08-24
c0039,35.604613,18.46745,,2022-08-27
c0039,35.604613,18.46745,,2022-08-30
c0039,35.604613,18.46745,,2022-09-02
c0039,35.604613,18.46745,,2022-09-05
c0039,35.604613,18.46745,,2022-09-08
c0039,35.604613,18.46745,,2022-09-11
c0039,35.604613,18.46745,,2022-09-14
c0039,35.604613,18.46745,,2022-09-17
c0039,35.604613,18.46745,,2022-09-20
c0039,35.604613,18.46745,,2022-09-23
c0039,35.604613,18.46745,,2022-09-26
c0039,35.604613,18.46745,,2022-09-29
c0039,35.604613,18.46745,,2022-10-01
c0039,35.604613,18.46745,,2022-10-04
c0039,35.604613,18.46745,,2022-10-07
c0039,35.604613,18.46745,,2022-10-10
c0039,35.604613,18.46745,,2022-10-13
c0039,35.604613,18.46745,,2022-10-16
c0039,35.604613,18.46745,,2022-10-19
c0039,35.604613,18.46745,,2022-10-22
c0039,35.604613,18.46745,,2022-10-25
c0039,35.604613,18.46745,,2022-10-28
c0039,35.604613,18.46745,,2022-10-31
c0039,35.604613,18.46745,,2022-11-03
c0039,35.604613,18.46745,,2022-11-06
c0039,35.604613,18.46745,,2022-11-09
c0039,35.604613,18.46745,,2022-11-12
c0039,35.604613,18.46745,,2022-11-15
c0039,35.604613,18.46745,,2022-11-18
c0039,35.604613,18.46745,,2022-11-21
c0039,35.604613,18.46745,,2022-11-24
c0039,35.604613,18.46745,,2022-11-27
c0039,35.604613,18.46745,,2022-11-30
c0039,35.604613,18.46745,,2022-12-03
c0039,35.604613,18.46745,,2022-12-06
c0039,35.604613,18.46745,,2022-12-09
c0039,35.604613,18.46745,,2022-12-12
c0039,35.604613,18.46745,,2022-12-15
c0039,35.604613,18.46745,,2022-12-18
c0039,35.604613,18.46745,,2022-12-21
c0039,35.604613,18.46745,,2022-12-24
c0039,35.604613,18.46745,,2022-12-27
c0039,35.604613,18.46745,,2022-12-30
c0039,35.604613,18.46745,,2023-01-01
c0039,35.604613,18.46745,,2023-01-04
c0039,35.604613,18.46745,,2023-01-07
c0039,35.604613,18.46745,,2023-01-10
c0039,35.604613,18.46745,,2023-01-13
c0039,35.604613,18.46745,,2023-01-16
c0039,35.604613,18.46745,,2023-01-19
c0039,35.604613,18.46745,,2023-01-22
c0039,35.604613,18.46745,,2023-01-25
c0039,35.604613,18.46745,,2023-01-28
c0039,35.604613,18.46745,,2023-01-31
c0039,35.604613,18.46745,,2023-02-03
c0039,35.604613,18.46745,,2023-02-06
c0039,35.604613,18.46745,,2023-02-09
c0039,35.604613,18.46745,,2023-02-12
c0039,35.604613,18.46745,,2023-02-15
c0039,35.604613,18.46745,,2023-02-18
c0039,35.604613,18.46745,,2023-02-21
c0039,35.604613,18.46745,,2023-02-24
c0039,35.604613,18.46745,,2023-02-27
c0039,35.604613,18.46745,,2023-03-02
c0039,35.604613,18.46745,,2023-03-05
c0039,35.604613,18.46745,,2023-03-08
c0039,35.604613,18.46745,,2023-03-11
c0039,35.604613,18.46745,,2023-03-14
c0039,35.604613,18.46745,,2023-03-17
c0039,35.604613,18.46745,,2023-03-20
c0039,35.604613,18.46745,,2023-03-23
c0039,35.604613,18.46745,,2023-03-26
c0039,35.604613,18.46745,,2023-03-29
c0039,35.604613,18.46745,,2023-04-01
c0039,35.604613,18.46745,,2023-04-04
c0039,35.604613,18.46745,,2023-04-07
c0039,35.604613,18.46745,,2023-04-10
c0039,35.604613,18.46745,,2023-04-13
c0039,35.604613,18.46745,,2023-04-16
c0039,35.604613,18.46745,,2023-04-19
c0039,35.604613,18.46745,,2023-04-22
c0039,35.604613,18.46745,,2023-04-25
c0039,35.604613,18.46745,,2023-04-28
c0039,35.604613,18.46745,,2023-05-01
c0039,35.604613,18.46745,,2023-05-04
c0039,35.604613,18.46745,,2023-05-07
c0039,35.604613,18.46745,,2023-05-10
c0039,35.604613,18.46745,,2023-05-13
c0039,35.604613,18.46745,,2023-05-16
c0039,35.604613,18.46745,,2023-05-19
c0039,35.604613,18.46745,,2023-05-22
c0039,35.604613,18.46745,,2023-05-25
c0039,35.604613,18.46745,,2023-05-28
c0039,35.604613,18.46745,,2023-05-31
c0039,35.604613,18.46745,,2023-06-03
c0039,35.604613,18.46745,,2023-06-06
c0039,35.604613,18.46745,,2023-06-09
c0039,35.604613,18.46745,,2023-06-12
c0039,35.604613,18.46745,,2023-06-15
c0039,35.604613,18.46745,,2023-06-18
c0039,35.604613,18.46745,,2023-06-21
c0039,35.604613,18.46745,,2023-06-24
c0039,35.604613,18.46745,,2023-06-27
c0039,35.604613,18.46745,,2023-06-30
c0039,35.604613,18.46745,,2023-07-01
c0039,35.604613,18.46745,,2023-07-04
c0039,35.604613,18.46745,,2023-07-07
c0039,35.604613,18.46745,,2023-07-10
c0039,35.604613,18.46745,,2023-07-13
c0039,35.604613,18.46745,,2023-07-16
c0039,35.604613,18.46745,,2023-07-19
c0039,35.604613,18.46745,,2023-07-22
c0039,35.604613,18.46745,,2023-07-25
c0039,35.604613,18.46745,,2023-07-28
c0039,35.604613,18.46745,,2023-07-31
c0039,35.604613,18.46745,,2023-08-03
c0039,35.604613,18.46745,,2023-08-06
c0039,35.604613,18.46745,,2023-08-09
c0039,35.604613,18.46745,,2023-08-12
c0039,35.604613,18.46745,,2023-08-15
c0039,35.604613,18.46745,,2023-08-18
c0039,35.604613,18.46745,,2023-08-21
c0039,35.604613,18.46745,,2023-08-24
c0039,35.604613,18.46745,,2023-08-27
c0039,35.604613,18.46745,,2023-08-30
c0039,35.604613,18.46745,,2023-09-02
c0039,35.604613,18.46745,,2023-09-05
c0039,35.604613,18.46745,,2023-09-08
c0039,35.604613,18.46745,,2023-09-11
c0039,35.604613,18.46745,,2023-09-14
c0039,35.604613,18.46745,,2023-09-17
c0039,35.604613,18.46745,,2023-09-20
c0039,35.604613,18.46745,,2023-09-23
c0039,35.604613,18.46745,,2023-09-26
c0039,35.604613,18.46745,,2023-09-29
c0039,35.604613,18.46745,,2023-10-01
c0039,35.604613,18.46745,,2023-10-04
c0039,35.604613,18.46745,,2023-10-07
c0039,35.604613,18.46745,,2023-10-10
c0039,35.604613,18.46745,,2023-10-13
c0039,35.604613,18.46745,,2023-10-16
c0039,35.604613,18.46745,,2023-10-19
c0039,35.604613,18.46745,,2023-10-22
c0039,35.604613,18.46745,,2023-10-25
c0039,35.604613,18.46745,,2023-10-28
c0039,35.604613,18.46745,,2023-10-31
c0039,35.604613,18.46745,,2023-11-03
c0039,35.604613,18.46745,,2023-11-06
c0039,35.604613,18.46745,,2023-11-09
c0039,35.604613,18.46745,,2023-11-12
c0039,35.604613,18.46745,,2023-11-15
c0039,35.604613,18.46745,,2023-11-18
c0039,35.604613,18.46745,,2023-11-21
c0039,35.604613,18.46745,,2023-11-24
c0039,35.604613,18.46745,,2023-11-27
c0039,35.604613,18.46745,,2023-11-30
c0039,35.604613,18.46745,,2023-12-03
c0039,35.604613,18.46745,,2023-12-06
c0039,35.604613,18.46745,,2023-12-09
c0039,35.604613,18.46745,,2023-12-12
c0039,35.604613,18.46745,,2023-12-15
c0039,35.604613,18.46745,,2023-12-18
c0039,35.604613,18.46745,,2023-12-21
c0039,35.604613,18.46745,,2023-12-24
c0039,35.604613,18.46745,,2023-12-27
c0039,35.604613,18.46745,,2023-12-30
c0039,35.604613,18.46745,,2024-01-01
c0039,35.604613,18.46745,,2024-01-04
c0039,35.604613,18.46745,,2024-01-07
c0039,35.604613,18.46745,,2024-01-10
c0039,35.604613,18.46745,,2024-01-13
c0039,35.604613,18.46745,,2024-01-16
c0039,35.604613,18.46745,,2024-01-19
c0039,35.604613,18.46745,,2024-01-22
c0039,35.604613,18.46745,,2024-01-25
c0039,35.604613,18.46745,,2024-01-28
c0039,35.604613,18.46745,,2024-01-31
c0039,35.604613,18.46745,,2024-02-03
c0039,35.604613,18.46745,,2024-02-06
c0039,35.604613,18.46745,,2024-02-09
c0039,35.604613,18.46745,,2024-02-12
c0039,35.604613,18.46745,,2024-02-15
c0039,35.604613,18.46745,,2024-02-18
c0039,35.604613,18.46745,,2024-02-21
c0039,35.604613,18.46745,,2024-02-24
c0039,35.604613,18.46745,,2024-02-27
c0039,35.604613,18.46745,,2024-03-01
c0039,35.604613,18.46745,,2024-03-04
c0039,35.604613,18.46745,,2024-03-07
c0039,35.604613,18.46745,,2024-03-10
c0039,35.604613,18.46745,,2024-03-13
c0039,35.604613,18.46745,,2024-03-16
c0039,35.604613,18.46745,,2024-03-19
c0039,35.604613,18.46745,,2024-03-22
c0039,35.604613,18.46745,,2024-03-25
c0039,35.604613,18.46745,,2024-03-28
c0039,35.604613,18.46745,,2024-03-31
c0039,35.604613,18.46745,,2024-04-01
c0039,35.604613,18.46745,,2024-04-04
c0039,35.604613,18.46745,,2024-04-07
c0039,35.604613,18.46745,,2024-04-10
c0039,35.604613,18.46745,,2024-04-13
c0039,35.604613,18.46745,,2024-04-16
c0039,35.604613,18.46745,,2024-04-19
c0039,35.604613,18.46745,,2024-04-22
c0039,35.604613,18.46745,,2024-04-25
c0039,35.604613,18.46745,,2024-04-28
c0039,35.604613,18.46745,,2024-05-01
c0039,35.604613,18.46745,,2024-05-04
c0039,35.604613,18.46745,,2024-05-07
c0039,35.604613,18.46745,,2024-05-10
c0039,35.604613,18.46745,,2024-05-13
c0039,35.604613,18.46745,,2024-05-16
c0039,35.604613,18.46745,,2024-05-19
c0039,35.604613,18.46745,,2024-05-22
c0039,35.604613,18.46745,,2024-05-25
c0039,35.604613,18.46745,,2024-05-28
c0039,35.604613,18.46745,,2024-05-31
c0039,35.604613,18.46745,,2024-06-03
c0039,35.604613,18.46745,,2024-06-06
c0039,35.604613,18.46745,,2024-06-09
c0039,35.604613,18.46745,,2024-06-12
c0039,35.604613,18.46745,,2024-06-15
c0039,35.604613,18.46745,,2024-06-18
c0039,35.604613,18.46745,,2024-06-21
c0039,35.604613,18.46745,,2024-06-24
c0039,35.604613,18.46745,,2024-06-27
c0039,35.604613,18.46745,,2024-06-30
c0039,35.604613,18.46745,,2024-07-01
c0039,35.604613,18.46745,,2024-07-04
c0039,35.604613,18.46745,,2024-07-07
c0039,35.604613,18.46745,,2024-07-10
c0039,35.604613,18.46745,,2024-07-13
c0039,35.604613,18.46745,,2024-07-16
c0039,35.604613,18.46745,,2024-07-19
c0039,35.604613,18.46745,,2024-07-22
c0039,35.604613,18.46745,,2024-07-25
c0039,35.604613,18.46745,,2024-07-28
c0039,35.604613,18.46745,,2024-07-31
c0039,35.604613,18.46745,,2024-08-03
c0039,35.604613,18.46745,,2024-08-06
c0039,35.604613,18.46745,,2024-08-09
c0039,35.604613,18.46745,,2024-08-12
c0039,35.604613,18.46745,,2024-08-15
c0039,35.604613,18.46745,,2024-08-18
c0039,35.604613,18.46745,,2024-08-21
c0039,35.604613,18.46745,,2024-08-24
c0039,35.604613,18.46745,,2024-08-27
c0039,35.604613,18.46745,,2024-08-30
c0039,35.604613,18.46745,,2024-09-02
c0039,35.604613,18.46745,,2024-09-05
c0039,35.604613,18.46745,,2024-09-08
c0039,35.604613,18.46745,,2024-09-11
c0039,35.604613,18.46745,,2024-09-14
c0039,35.604613,18.46745,,2024-09-17
c0039,35.604613,18.46745,,2024-09-20
c0039,35.604613,18.46745,,2024-09-23
c0039,35.604613,18.46745,,2024-09-26
c0039,35.604613,18.46745,,2024-09-29
c0039,35.604613,18.46745,,2024-10-01
c0039,35.604613,18.46745,,2024-10-04
c0039,35.604613,18.46745,,2024-10-07
c0039,35.604613,18.46745,,2024-10-10
c0039,35.604613,18.46745,,2024-10-13
c0039,35.604613,18.46745,,2024-10-16
c0039,35.604613,18.46745,,2024-10-19
c0039,35.604613,18.46745,,2024-10-22
c0039,35.604613,18.46745,,2024-10-25
c0039,35.604613,18.46745,,2024-10-28
c0039,35.604613,18.46745,,2024-10-31
c0039,35.604613,18.46745,,2024-11-03
c0039,35.604613,18.46745,,2024-11-06
c0039,35.604613,18.46745,,2024-11-09
c0039,35.604613,18.46745,,2024-11-12
c0039,35.604613,18.46745,,2024-11-15
c0039,35.604613,18.46745,,2024-11-18
c0039,35.604613,18.46745,,2024-11-21
c0039,35.604613,18.46745,,2024-11-24
c0039,35.604613,18.46745,,2024-11-27
c0039,35.604613,18.46745,,2024-11-30
c0039,35.604613,18.46745,,2024-12-03
c0039,35.604613,18.46745,,2024-12-06
c0039,35.604613,18.46745,,2024-12-09
c0039,35.604613,18.46745,,2024-12-12
c0039,35.604613,18.46745,,2024-12-15
c0039,35.604613,18.46745,,2024-12-18
c0039,35.604613,18.46745,,2024-12-21
c0039,35.604613,18.46745,,2024-12-24
c0039,35.604613,18.46745,,2024-12-27
c0039,35.604613,18.46745,,2024-12-30
c0039,35.604613,18.46745,,2025-01-01
c0039,35.604613,18.46745,,2025-01-04
c0039,35.604613,18.46745,,2025-01-07
c0039,35.604613,18.46745,,2025-01-10
c0039,35.604613,18.46745,,2025-01-13
c0039,35.604613,18.46745,,2025-01-16
c0039,35.604613,18.46745,,2025-01-19
c0039,35.604613,18.46745,,2025-01-22
c0039,35.604613,18.46745,,2025-01-25
c0039,35.604613,18.46745,,2025-01-28
c0039,35.604613,18.46745,,2025-01-31
c0039,35.604613,18.46745,,2025-02-03
c0039,35.604613,18.46745,,2025-02-06
c0039,35.604613,18.46745,,2025-02-09
c0039,35.604613,18.46745,,2025-02-12
c0039,35.604613,18.46745,,2025-02-15
c0039,35.604613,18.46745,,2025-02-18
c0039,35.604613,18.46745,,2025-02-21
c0039,35.604613,18.46745,,2025-02-24
c0039,35.604613,18.46745,,2025-02-27
c0039,35.604613,18.46745,,2025-03-02
c0039,35.604613,18.46745,,2025-03-05
c0039,35.604613,18.46745,,2025-03-08
c0039,35.604613,18.46745,,2025-03-11
c0039,35.604613,18.46745,,2025-03-14
c0039,35.604613,18.46745,,2025-03-17
c0039,35.604613,18.46745,,2025-03-20
c0039,35.604613,18.46745,,2025-03-23
c0039,35.604613,18.46745,,2025-03-26
c0039,35.604613,18.46745,,2025-03-29
c0039,35.604613,18.46745,,2025-04-01
c0039,35.604613,18.46745,,2025-04-04
c0039,35.604613,18.46745,,2025-04-07
c0039,35.604613,18.46745,,2025-04-10
c0039,35.604613,18.46745,,2025-04-13
c0039,35.604613,18.46745,,2025-04-16
c0039,35.604613,18.46745,,2025-04-19
c0039,35.604613,18.46745,,2025-04-22
c0039,35.604613,18.46745,,2025-04-25
c0039,35.604613,18.46745,,2025-04-28
c0039,35.604613,18.46745,,2025-05-01
c0039,35.604613,18.46745,,2025-05-04
c0039,35.604613,18.46745,,2025-05-07
c0039,35.604613,18.46745,,2025-05-10
c0039,35.604613,18.46745,,2025-05-13
c0039,35.604613,18.46745,,2025-05-16
c0039,35.604613,18.46745,,2025-05-19
c0039,35.604613,18.46745,,2025-05-22
c0039,35.604613,18.46745,,2025-05-25
c0039,35.604613,18.46745,,2025-05-28
c0039,35.604613,18.46745,,2025-05-31
c0039,35.604613,18.46745,,2025-06-03
c0039,35.604613,18.46745,,2025-06-06
c0039,35.604613,18.46745,,2025-06-09
c0039,35.604613,18.46745,,2025-06-12
c0039,35.604613,18.46745,,2025-06-15
c0039,35.604613,18.46745,,2025-06-18
c0039,35.604613,18.46745,,2025-06-21
c0039,35.604613,18.46745,,2025-06-24
c0039,35.604613,18.46745,,2025-06-27
c0039,35.604613,18.46745,,2025-06-30
c0039,35.604613,18.46745,,2025-07-01
c0039,35.604613,18.46745,,2025-07-04
c0039,35.604613,18.46745,,2025-07-07
c0039,35.604613,18.46745,,2025-07-10
c0039,35.604613,18.46745,,2025-07-13
c0039,35.604613,18.46745,,2025-07-16
c0039,35.604613,18.46745,,2025-07-19
c0039,35.604613,18.46745,,2025-07-22
c0039,35.604613,18.46745,,2025-07-25
c0039,35.604613,18.46745,,2025-07-28
c0039,35.604613,18.46745,,2025-07-31
c0039,35.604613,18.46745,,2025-08-03
c0039,35.604613,18.46745,,2025-08-06
c0039,35.604613,18.46745,,2025-08-09
c0039,35.604613,18.46745,,2025-08-12
c0039,35.604613,18.46745,,2025-08-15
c0039,35.604613,18.46745,,2025-08-18
c0039,35.604613,18.46745,,2025-08-21
c0039,35.604613,18.46745,,2025-08-24
c0039,35.604613,18.46745,,2025-08-27
c0039,35.604613,18.46745,,2025-08-30
c0039,35.604613,18.46745,,2025-09-02
c0039,35.604613,18.46745,,2025-09-05
c0039,35.604613,18.46745,,2025-09-08
c0039,35.604613,18.46745,,2025-09-11
c0039,35.604613,18.46745,,2025-09-14
c0039,35.604613,18.46745,,2025-09-17
c0039,35.604613,18.46745,,2025-09-20
c0039,35.604613,18.46745,,2025-09-23
c0039,35.604613,18.46745,,2025-09-26
c0039,35.604613,18.46745,,2025-09-29
c0039,35.604613,18.46745,,2025-10-01
c0039,35.604613,18.46745,,2025-10-04
c0039,35.604613,18.46745,,2025-10-07
c0039,35.604613,18.46745,,2025-10-10
c0039,35.604613,18.46745,,2025-10-13
c0039,35.604613,18.46745,,2025-10-16
c0039,35.604613,18.46745,,2025-10-19
c0039,35.604613,18.46745,,2025-10-22
c0039,35.604613,18.46745,,2025-10-25
c0039,35.604613,18.46745,,2025-10-28
c0039,35.604613,18.46745,,2025-10-31
c0039,35.604613,18.46745,,2025-11-03
c0039,35.604613,18.46745,,2025-11-06
c0039,35.604613,18.46745,,2025-11-09
c0039,35.604613,18.46745,,2025-11-12
c0039,35.604613,18.46745,,2025-11-15
c0039,35.604613,18.46745,,2025-11-18
c0039,35.604613,18.46745,,2025-11-21
c0039,35.604613,18.46745,,2025-11-24
c0039,35.604613,18.46745,,2025-11-27
c0039,35.604613,18.46745,,2025-11-30
c0039,35.604613,18.46745,,2025-12-03
c0039,35.604613,18.46745,,2025-12-06
c0039,35.604613,18.46745,,2025-12-09
c0039,35.604613,18.46745,,2025-12-12
c0039,35.604613,18.46745,,2025-12-15
c0039,35.604613,18.46745,,2025-12-18
c0039,35.604613,18.46745,,2025-12-21
c0039,35.604613,18.46745,,2025-12-24
c0039,35.604613,18.46745,,2025-12-27
c0039,35.604613,18.46745,,2025-12-30
