cell_id,lat_center,lon_center,mean,date
c0160,41.250573,14.609388,-0.78643023539067,2019-01-01
c0160,41.250573,14.609388,-1.4980798407058122,2019-01-02
c0160,41.250573,14.609388,-2.4079909082429523,2019-01-03
c0160,41.250573,14.609388,-0.147565108317842,2019-01-04
c0160,41.250573,14.609388,-1.3864136767462878,2019-01-05
c0160,41.250573,14.609388,-0.1815580549097618,2019-01-06
c0160,41.250573,14.609388,-0.2340063543624639,2019-01-07
c0160,41.250573,14.609388,-0.5078848283894757,2019-01-08
c0160,41.250573,14.609388,0.1161915503857974,2019-01-09
c0160,41.250573,14.609388,-1.6398349771791427,2019-01-10
c0160,41.250573,14.609388,-2.0048940181732178,2019-01-11
c0160,41.250573,14.609388,-1.0381801128387451,2019-01-12
c0160,41.250573,14.609388,-1.4591834737770597,2019-01-13
c0160,41.250573,14.609388,-0.8884623775328444,2019-01-14
c0160,41.250573,14.609388,-1.618342832860857,2019-01-15
c0160,41.250573,14.609388,-0.5064625739461764,2019-01-16
c0160,41.250573,14.609388,-0.9750910997390748,2019-01-17
c0160,41.250573,14.609388,0.1154390439515876,2019-01-18
c0160,41.250573,14.609388,-2.3704685193158044,2019-01-19
c0160,41.250573,14.609388,-1.8262536999494623,2019-01-20
c0160,41.250573,14.609388,-1.0264177349288908,2019-01-21
c0160,41.250573,14.609388,-0.2580726568385285,2019-01-22
c0160,41.250573,14.609388,-0.3406064512378654,2019-01-23
c0160,41.250573,14.609388,-1.11951402248803,2019-01-24
c0160,41.250573,14.609388,-1.5259892541239397,2019-01-25
c0160,41.250573,14.609388,-2.025490554762576,2019-01-26
c0160,41.250573,14.609388,-0.045662269522553,2019-01-27
c0160,41.250573,14.609388,-1.0981930217138696,2019-01-28
c0160,41.250573,14.609388,-1.38105708500816,2019-01-29
c0160,41.250573,14.609388,-1.1872297049890153,2019-01-30
c0160,41.250573,14.609388,-1.5833740679286188,2019-01-31
c0160,41.250573,14.609388,-0.526624035040852,2019-02-01
c0160,41.250573,14.609388,-0.9385090472815836,2019-02-02
c0160,41.250573,14.609388,0.1076315330906697,2019-02-03
c0160,41.250573,14.609388,-0.9909796556875284,2019-02-04
c0160,41.250573,14.609388,-0.9113117963024924,2019-02-05
c0160,41.250573,14.609388,-1.4127654433250427,2019-02-06
c0160,41.250573,14.609388,-0.8267289417511289,2019-02-07
c0160,41.250573,14.609388,-0.4594814873699339,2019-02-08
c0160,41.250573,14.609388,-1.4423121267435672,2019-02-09
c0160,41.250573,14.609388,-0.6446164532911872,2019-02-10
c0160,41.250573,14.609388,-0.7915330608579809,2019-02-11
c0160,41.250573,14.609388,-0.5632623266711749,2019-02-12
c0160,41.250573,14.609388,-1.2978915187270883,2019-02-13
c0160,41.250573,14.609388,-0.8964129926029775,2019-02-14
c0160,41.250573,14.609388,-1.3927109275523906,2019-02-15
c0160,41.250573,14.609388,-1.2833493804849003,2019-02-16
c0160,41.250573,14.609388,-1.005588412284851,2019-02-17
c0160,41.250573,14.609388,-1.3521002024096875,2019-02-18
c0160,41.250573,14.609388,-1.1977952213363814,2019-02-19
c0160,41.250573,14.609388,-1.4068536086392036,2019-02-20
c0160,41.250573,14.609388,-1.6077356905487252,2019-02-21
c0160,41.250573,14.609388,-1.3294188669024636,2019-02-22
c0160,41.250573,14.609388,-0.4641817659139633,2019-02-23
c0160,41.250573,14.609388,-0.9414614808724826,2019-02-24
c0160,41.250573,14.609388,-0.607644734760599,2019-02-25
c0160,41.250573,14.609388,-1.5156935170904782,2019-02-26
c0160,41.250573,14.609388,-2.143225757637131,2019-02-27
c0160,41.250573,14.609388,-1.0227150242018186,2019-02-28
c0160,41.250573,14.609388,-0.5398857403871612,2019-03-01
c0160,41.250573,14.609388,-1.4220352195011752,2019-03-02
c0160,41.250573,14.609388,0.4404621984811389,2019-03-03
c0160,41.250573,14.609388,-1.0890543809436497,2019-03-04
c0160,41.250573,14.609388,-1.9870162987422069,2019-03-05
c0160,41.250573,14.609388,-0.9798375404359636,2019-03-06
c0160,41.250573,14.609388,-1.0359717384791045,2019-03-07
c0160,41.250573,14.609388,-1.1374286776731417,2019-03-08
c0160,41.250573,14.609388,-1.0299149437348465,2019-03-09
c0160,41.250573,14.609388,-0.8455992471856717,2019-03-10
c0160,41.250573,14.609388,-0.314413889965684,2019-03-11
c0160,41.250573,14.609388,-0.8510566222777755,2019-03-12
c0160,41.250573,14.609388,-1.0284991202620757,2019-03-13
c0160,41.250573,14.609388,-1.0570250622700872,2019-03-14
c0160,41.250573,14.609388,-0.9137788673812935,2019-03-15
c0160,41.250573,14.609388,-0.7216739654541016,2019-03-16
c0160,41.250573,14.609388,-1.107476896244186,2019-03-17
c0160,41.250573,14.609388,-1.05026546951265,2019-03-18
c0160,41.250573,14.609388,-0.4170984080306277,2019-03-19
c0160,41.250573,14.609388,-1.5665281460636866,2019-03-20
c0160,41.250573,14.609388,-1.623474415691785,2019-03-21
c0160,41.250573,14.609388,-1.0538771599531174,2019-03-22
c0160,41.250573,14.609388,-1.018164610239428,2019-03-23
c0160,41.250573,14.609388,-1.026920115021345,2019-03-24
c0160,41.250573,14.609388,-1.5258701072506446,2019-03-25
c0160,41.250573,14.609388,-1.9751808608594568,2019-03-26
c0160,41.250573,14.609388,-1.7931137970851083,2019-03-27
c0160,41.250573,14.609388,-1.2292164298928947,2019-03-28
c0160,41.250573,14.609388,-0.9700989117451138,2019-03-29
c0160,41.250573,14.609388,-1.0244231585520034,2019-03-30
c0160,41.250573,14.609388,-1.1656479499754353,2019-03-31
c0160,41.250573,14.609388,-1.275724158175191,2019-04-01
c0160,41.250573,14.609388,-1.64150436817897,2019-04-02
c0160,41.250573,14.609388,-0.4529947584364525,2019-04-04
c0160,41.250573,14.609388,-0.8376207063479331,2019-04-05
c0160,41.250573,14.609388,-1.7287216193107804,2019-04-06
c0160,41.250573,14.609388,-1.0726064794388652,2019-04-07
c0160,41.250573,14.609388,-1.052901687962219,2019-04-08
c0160,41.250573,14.609388,-0.6153672177033704,2019-04-09
c0160,41.250573,14.609388,-1.1879946359242572,2019-04-10
c0160,41.250573,14.609388,-0.5076385715504175,2019-04-11
c0160,41.250573,14.609388,-1.3747671030312092,2019-04-12
c0160,41.250573,14.609388,-1.6425292638666942,2019-04-13
c0160,41.250573,14.609388,-0.8106591482447794,2019-04-14
c0160,41.250573,14.609388,-2.02019603015183,2019-04-16
c0160,41.250573,14.609388,-2.003188178929988,2019-04-17
c0160,41.250573,14.609388,-1.4203512121626596,2019-04-18
c0160,41.250573,14.609388,-1.282335423580306,2019-04-19
c0160,41.250573,14.609388,-1.2688830732622387,2019-04-20
c0160,41.250573,14.609388,-0.9079661532668858,2019-04-21
c0160,41.250573,14.609388,-0.886988076141245,2019-04-22
c0160,41.250573,14.609388,-0.0711938216651258,2019-04-23
c0160,41.250573,14.609388,-0.7020197337185197,2019-04-24
c0160,41.250573,14.609388,-0.7765848279199449,2019-04-25
c0160,41.250573,14.609388,-0.4534402042725771,2019-04-26
c0160,41.250573,14.609388,-0.8869328300627719,2019-04-27
c0160,41.250573,14.609388,-0.3826428268244607,2019-04-28
c0160,41.250573,14.609388,-0.9036195616661884,2019-04-29
c0160,41.250573,14.609388,-2.109823942184448,2019-04-30
c0160,41.250573,14.609388,-1.2230458781496354,2019-05-01
c0160,41.250573,14.609388,-1.8027091026306152,2019-05-02
c0160,41.250573,14.609388,-1.8528032302856443,2019-05-03
c0160,41.250573,14.609388,-0.5958221450127451,2019-05-04
c0160,41.250573,14.609388,-1.0529377162456512,2019-05-05
c0160,41.250573,14.609388,-1.0481998985269454,2019-05-06
c0160,41.250573,14.609388,0.7364619748985118,2019-05-07
c0160,41.250573,14.609388,-1.8124402930945571,2019-05-08
c0160,41.250573,14.609388,-0.0699025785913249,2019-05-09
c0160,41.250573,14.609388,-0.5238946217743048,2019-05-10
c0160,41.250573,14.609388,-0.6059473591010623,2019-05-11
c0160,41.250573,14.609388,-2.2806266071157673,2019-05-12
c0160,41.250573,14.609388,-1.157974898815155,2019-05-13
c0160,41.250573,14.609388,-0.6490852938599503,2019-05-14
c0160,41.250573,14.609388,-0.6705603182063743,2019-05-15
c0160,41.250573,14.609388,-0.1755312261428732,2019-05-16
c0160,41.250573,14.609388,-1.275898403351018,2019-05-17
c0160,41.250573,14.609388,-0.7822384309682989,2019-05-18
c0160,41.250573,14.609388,-1.3938056218597763,2019-05-19
c0160,41.250573,14.609388,-0.5745764800119908,2019-05-20
c0160,41.250573,14.609388,-0.3666546021917646,2019-05-21
c0160,41.250573,14.609388,-1.333184490997333,2019-05-22
c0160,41.250573,14.609388,-1.8057037468736632,2019-05-23
c0160,41.250573,14.609388,-1.9166902645280255,2019-05-24
c0160,41.250573,14.609388,-2.00241607833425,2019-05-25
c0160,41.250573,14.609388,-0.5522320876892965,2019-05-26
c0160,41.250573,14.609388,-1.819814607363404,2019-05-27
c0160,41.250573,14.609388,-0.8821597773900688,2019-05-28
c0160,41.250573,14.609388,-1.2756660993958313,2019-05-29
c0160,41.250573,14.609388,-0.8646844826799669,2019-05-30
c0160,41.250573,14.609388,-1.347595287790636,2019-05-31
c0160,41.250573,14.609388,-1.4775589029850635,2019-06-01
c0160,41.250573,14.609388,-2.40604341234962,2019-06-02
c0160,41.250573,14.609388,-1.2983619344447346,2019-06-03
c0160,41.250573,14.609388,-1.460808710340484,2019-06-04
c0160,41.250573,14.609388,-0.6095625959565781,2019-06-05
c0160,41.250573,14.609388,-1.4064713721460114,2019-06-06
c0160,41.250573,14.609388,-0.6256102837801895,2019-06-07
c0160,41.250573,14.609388,-1.0877393345345123,2019-06-08
c0160,41.250573,14.609388,-0.7870863930655312,2019-06-09
c0160,41.250573,14.609388,-0.550498239251338,2019-06-10
c0160,41.250573,14.609388,-0.5056709539674396,2019-06-11
c0160,41.250573,14.609388,-0.0667248957639378,2019-06-12
c0160,41.250573,14.609388,-1.045598142253708,2019-06-13
c0160,41.250573,14.609388,-1.0339721851377726,2019-06-14
c0160,41.250573,14.609388,-0.3624814935058245,2019-06-15
c0160,41.250573,14.609388,-1.027728582677403,2019-06-16
c0160,41.250573,14.609388,-1.060868468445152,2019-06-17
c0160,41.250573,14.609388,-1.3893125314870878,2019-06-18
c0160,41.250573,14.609388,-1.7553075695002804,2019-06-19
c0160,41.250573,14.609388,-1.491870701991866,2019-06-20
c0160,41.250573,14.609388,-0.5481621525253696,2019-06-21
c0160,41.250573,14.609388,-0.5310935378074646,2019-06-22
c0160,41.250573,14.609388,-1.2522979060105963,2019-06-23
c0160,41.250573,14.609388,-1.81235485755712,2019-06-24
c0160,41.250573,14.609388,-1.92306387424469,2019-06-25
c0160,41.250573,14.609388,-1.652869409480046,2019-06-26
c0160,41.250573,14.609388,-1.4443944173304706,2019-06-27
c0160,41.250573,14.609388,-1.503199315306625,2019-06-28
c0160,41.250573,14.609388,-1.0009699439571722,2019-06-29
c0160,41.250573,14.609388,-1.1592153565885774,2019-06-30
c0160,41.250573,14.609388,-0.8949225152435367,2019-07-01
c0160,41.250573,14.609388,-1.0560174087925664,2019-07-02
c0160,41.250573,14.609388,-1.4145581365751447,2019-07-03
c0160,41.250573,14.609388,-1.7175149687369595,2019-07-04
c0160,41.250573,14.609388,-1.5537305655081253,2019-07-05
c0160,41.250573,14.609388,-1.7778076974085597,2019-07-06
c0160,41.250573,14.609388,-0.4724437901750206,2019-07-07
c0160,41.250573,14.609388,-1.088295927825074,2019-07-08
c0160,41.250573,14.609388,-0.0881452543618659,2019-07-09
c0160,41.250573,14.609388,-0.2521925568580627,2019-07-10
c0160,41.250573,14.609388,-1.2727971985014763,2019-07-11
c0160,41.250573,14.609388,-1.0140590971748704,2019-07-12
c0160,41.250573,14.609388,-0.3113544786491067,2019-07-13
c0160,41.250573,14.609388,-1.366332744837671,2019-07-14
c0160,41.250573,14.609388,-1.2810112743149826,2019-07-16
c0160,41.250573,14.609388,-1.2835019294937755,2019-07-17
c0160,41.250573,14.609388,-1.2566036416550157,2019-07-18
c0160,41.250573,14.609388,-1.0559821378810128,2019-07-19
c0160,41.250573,14.609388,-1.6817766188748446,2019-07-20
c0160,41.250573,14.609388,-1.9345618261035529,2019-07-21
c0160,41.250573,14.609388,-2.0128864136232245,2019-07-22
c0160,41.250573,14.609388,-1.2479001732923132,2019-07-23
c0160,41.250573,14.609388,-1.2440882075016129,2019-07-24
c0160,41.250573,14.609388,-1.3770048041189538,2019-07-25
c0160,41.250573,14.609388,-1.6750353856401483,2019-07-26
c0160,41.250573,14.609388,-1.9045027862580843,2019-07-27
c0160,41.250573,14.609388,-1.6742798977314317,2019-07-28
c0160,41.250573,14.609388,-1.3907356842402074,2019-07-29
c0160,41.250573,14.609388,-1.9331731084591193,2019-07-30
c0160,41.250573,14.609388,-1.6167651092097357,2019-07-31
c0160,41.250573,14.609388,-1.285984832967147,2019-08-01
c0160,41.250573,14.609388,-0.8715402908957011,2019-08-02
c0160,41.250573,14.609388,-1.728862156437602,2019-08-03
c0160,41.250573,14.609388,-1.519716511305895,2019-08-04
c0160,41.250573,14.609388,-1.5405137397175437,2019-08-05
c0160,41.250573,14.609388,-1.7678224797656314,2019-08-06
c0160,41.250573,14.609388,-1.4337869882583618,2019-08-07
c0160,41.250573,14.609388,-0.8813500021252936,2019-08-08
c0160,41.250573,14.609388,-1.2660950471653538,2019-08-09
c0160,41.250573,14.609388,-1.4585310135137166,2019-08-10
c0160,41.250573,14.609388,-1.343667365778792,2019-08-11
c0160,41.250573,14.609388,-1.2911659384472531,2019-08-12
c0160,41.250573,14.609388,-0.7454567469226129,2019-08-13
c0160,41.250573,14.609388,-1.796162522424379,2019-08-14
c0160,41.250573,14.609388,-1.48833418012161,2019-08-15
c0160,41.250573,14.609388,-1.463705373705594,2019-08-16
c0160,41.250573,14.609388,-2.093338941516098,2019-08-17
c0160,41.250573,14.609388,-1.2304269452133787,2019-08-18
c0160,41.250573,14.609388,-1.4034384280525,2019-08-19
c0160,41.250573,14.609388,-1.0207760039079072,2019-08-20
c0160,41.250573,14.609388,-1.593903958009605,2019-08-21
c0160,41.250573,14.609388,-2.302825689315796,2019-08-23
c0160,41.250573,14.609388,-1.6873544477115834,2019-08-24
c0160,41.250573,14.609388,-1.215988263669862,2019-08-25
c0160,41.250573,14.609388,-1.937381573998867,2019-08-26
c0160,41.250573,14.609388,-2.041908670468062,2019-08-27
c0160,41.250573,14.609388,-2.379286293145869,2019-08-28
c0160,41.250573,14.609388,-1.572813037213697,2019-08-29
c0160,41.250573,14.609388,-1.168117665806954,2019-08-30
c0160,41.250573,14.609388,-1.9069453581121616,2019-08-31
c0160,41.250573,14.609388,-2.7172931523343635,2019-09-01
c0160,41.250573,14.609388,-2.049066705467666,2019-09-02
c0160,41.250573,14.609388,-1.7166042356408089,2019-09-03
c0160,41.250573,14.609388,-1.840006959289774,2019-09-04
c0160,41.250573,14.609388,-1.5026307106018066,2019-09-05
c0160,41.250573,14.609388,-2.2889711158122417,2019-09-06
c0160,41.250573,14.609388,-2.0812623223680418,2019-09-07
c0160,41.250573,14.609388,-1.8520112037658691,2019-09-08
c0160,41.250573,14.609388,-1.0919672953696178,2019-09-09
c0160,41.250573,14.609388,-0.8381249063795962,2019-09-10
c0160,41.250573,14.609388,-1.6303552389144895,2019-09-11
c0160,41.250573,14.609388,-1.6373190615357878,2019-09-12
c0160,41.250573,14.609388,-2.002618328419793,2019-09-13
c0160,41.250573,14.609388,-1.474899136165685,2019-09-14
c0160,41.250573,14.609388,-1.400192742080263,2019-09-15
c0160,41.250573,14.609388,-1.5459811091423037,2019-09-16
c0160,41.250573,14.609388,-2.0916922796806796,2019-09-17
c0160,41.250573,14.609388,-1.548225869501151,2019-09-18
c0160,41.250573,14.609388,-0.3705123221020294,2019-09-19
c0160,41.250573,14.609388,-1.2339401970648307,2019-09-20
c0160,41.250573,14.609388,-1.1546205800277718,2019-09-21
c0160,41.250573,14.609388,-1.652125575494416,2019-09-22
c0160,41.250573,14.609388,-2.348770125506646,2019-09-23
c0160,41.250573,14.609388,-1.640252579096246,2019-09-24
c0160,41.250573,14.609388,-0.6186502056507233,2019-09-25
c0160,41.250573,14.609388,-1.52013375442782,2019-09-26
c0160,41.250573,14.609388,-1.3189398251912354,2019-09-27
c0160,41.250573,14.609388,-1.6431561453858916,2019-09-28
c0160,41.250573,14.609388,-1.9324495056011977,2019-09-29
c0160,41.250573,14.609388,-1.303308909148298,2019-09-30
c0160,41.250573,14.609388,-1.533768631782113,2019-10-01
c0160,41.250573,14.609388,-0.8363183832287899,2019-10-02
c0160,41.250573,14.609388,-2.041529334701349,2019-10-03
c0160,41.250573,14.609388,-1.4444544955144385,2019-10-04
c0160,41.250573,14.609388,-0.7613178787020851,2019-10-05
c0160,41.250573,14.609388,-1.2515501751800566,2019-10-06
c0160,41.250573,14.609388,-1.1112675476934173,2019-10-07
c0160,41.250573,14.609388,-1.3805596105164817,2019-10-08
c0160,41.250573,14.609388,-1.3099103071434264,2019-10-09
c0160,41.250573,14.609388,-1.4972893594921013,2019-10-10
c0160,41.250573,14.609388,-1.4280454144812926,2019-10-11
c0160,41.250573,14.609388,-1.4594378731948088,2019-10-12
c0160,41.250573,14.609388,-1.4462799727488644,2019-10-13
c0160,41.250573,14.609388,-1.9150873508656032,2019-10-14
c0160,41.250573,14.609388,-1.6867646682374262,2019-10-15
c0160,41.250573,14.609388,-0.4673112735325193,2019-10-16
c0160,41.250573,14.609388,-1.4635767725591404,2019-10-17
c0160,41.250573,14.609388,-1.4452936919224713,2019-10-18
c0160,41.250573,14.609388,-1.6557787537886082,2019-10-19
c0160,41.250573,14.609388,-1.5759008237939442,2019-10-20
c0160,41.250573,14.609388,-1.2085534790536627,2019-10-21
c0160,41.250573,14.609388,-1.083338482002262,2019-10-22
c0160,41.250573,14.609388,-1.302049144496885,2019-10-23
c0160,41.250573,14.609388,-0.6816040992821751,2019-10-24
c0160,41.250573,14.609388,-2.025094705192473,2019-10-25
c0160,41.250573,14.609388,-1.424038290977478,2019-10-26
c0160,41.250573,14.609388,-1.1491894502387068,2019-10-27
c0160,41.250573,14.609388,-1.2009093976487322,2019-10-28
c0160,41.250573,14.609388,-1.5605770284245484,2019-10-29
c0160,41.250573,14.609388,-2.0352194418764338,2019-10-30
c0160,41.250573,14.609388,-1.4909776093542404,2019-10-31
c0160,41.250573,14.609388,-0.3396966365407955,2019-11-01
c0160,41.250573,14.609388,-0.0773894381623488,2019-11-02
c0160,41.250573,14.609388,-1.0279446840286257,2019-11-03
c0160,41.250573,14.609388,-1.7115359040563047,2019-11-04
c0160,41.250573,14.609388,-0.4531488229907718,2019-11-05
c0160,41.250573,14.609388,-0.5742668568127203,2019-11-06
c0160,41.250573,14.609388,-0.5605345322031243,2019-11-07
c0160,41.250573,14.609388,-0.1733369349983421,2019-11-08
c0160,41.250573,14.609388,0.2036024529481298,2019-11-09
c0160,41.250573,14.609388,-2.3624484990918564,2019-11-10
c0160,41.250573,14.609388,-1.194318782466154,2019-11-11
c0160,41.250573,14.609388,-1.1153412510729797,2019-11-13
c0160,41.250573,14.609388,-1.5428029301478206,2019-11-14
c0160,41.250573,14.609388,-1.6665779164220724,2019-11-15
c0160,41.250573,14.609388,-1.20928315513695,2019-11-16
c0160,41.250573,14.609388,-0.4988548487902592,2019-11-17
c0160,41.250573,14.609388,-0.7234378657710644,2019-11-18
c0160,41.250573,14.609388,-1.3417831734704022,2019-11-19
c0160,41.250573,14.609388,-0.8155613309442613,2019-11-20
c0160,41.250573,14.609388,-0.6185160612367783,2019-11-21
c0160,41.250573,14.609388,-0.9463519999571398,2019-11-22
c0160,41.250573,14.609388,-1.45319293798541,2019-11-25
c0160,41.250573,14.609388,-1.3290938181494545,2019-11-26
c0160,41.250573,14.609388,-0.5005496144294739,2019-11-27
c0160,41.250573,14.609388,-1.017835328203592,2019-11-28
c0160,41.250573,14.609388,-0.498092919588089,2019-11-29
c0160,41.250573,14.609388,-1.0521927064167922,2019-11-30
c0160,41.250573,14.609388,-1.6201052820103643,2019-12-01
c0160,41.250573,14.609388,-1.4697173833847048,2019-12-02
c0160,41.250573,14.609388,-0.4923355039563032,2019-12-03
c0160,41.250573,14.609388,-1.1978089415822275,2019-12-04
c0160,41.250573,14.609388,-1.3014488523743153,2019-12-05
c0160,41.250573,14.609388,-1.4259531198441533,2019-12-06
c0160,41.250573,14.609388,-1.1411937753461174,2019-12-07
c0160,41.250573,14.609388,-1.0615692284622555,2019-12-08
c0160,41.250573,14.609388,-0.1129133898393034,2019-12-09
c0160,41.250573,14.609388,-0.5506287438177976,2019-12-10
c0160,41.250573,14.609388,-1.5666256981549842,2019-12-11
c0160,41.250573,14.609388,0.2638423718076499,2019-12-12
c0160,41.250573,14.609388,-0.5593583265676221,2019-12-13
c0160,41.250573,14.609388,-0.97252192865948,2019-12-14
c0160,41.250573,14.609388,-0.3972202031688662,2019-12-15
c0160,41.250573,14.609388,-1.375089623359609,2019-12-16
c0160,41.250573,14.609388,-1.390301041355508,2019-12-17
c0160,41.250573,14.609388,-0.9845922550854084,2019-12-18
c0160,41.250573,14.609388,-0.5585330498260301,2019-12-19
c0160,41.250573,14.609388,0.3964423313307647,2019-12-20
c0160,41.250573,14.609388,-1.06724136789584,2019-12-21
c0160,41.250573,14.609388,-0.7482959388328014,2019-12-22
c0160,41.250573,14.609388,-1.337686877785471,2019-12-23
c0160,41.250573,14.609388,-0.6414019360680452,2019-12-24
c0160,41.250573,14.609388,-1.0681685545017452,2019-12-25
c0160,41.250573,14.609388,-0.8830369336590177,2019-12-26
c0160,41.250573,14.609388,-1.3906849173139482,2019-12-27
c0160,41.250573,14.609388,-2.5872964446858755,2019-12-28
c0160,41.250573,14.609388,-1.5799595441242071,2019-12-29
c0160,41.250573,14.609388,-1.457067719516885,2019-12-30
c0160,41.250573,14.609388,-1.3511912267316382,2019-12-31
c0160,41.250573,14.609388,-1.2687399453927588,2020-01-01
c0160,41.250573,14.609388,-1.4030683855949662,2020-01-02
c0160,41.250573,14.609388,-1.395359505698563,2020-01-03
c0160,41.250573,14.609388,-1.0105389776686853,2020-01-04
c0160,41.250573,14.609388,-0.9995374899416204,2020-01-05
c0160,41.250573,14.609388,-0.9502552908442348,2020-01-06
c0160,41.250573,14.609388,-1.3102688874382802,2020-01-07
c0160,41.250573,14.609388,-1.6680252702918104,2020-01-08
c0160,41.250573,14.609388,-1.086413843404325,2020-01-09
c0160,41.250573,14.609388,-0.947666734457016,2020-01-10
c0160,41.250573,14.609388,-1.2439208491855576,2020-01-11
c0160,41.250573,14.609388,-1.695410790023442,2020-01-12
c0160,41.250573,14.609388,-1.544578552315163,2020-01-13
c0160,41.250573,14.609388,-1.2968653509914283,2020-01-14
c0160,41.250573,14.609388,-1.1084601761109234,2020-01-15
c0160,41.250573,14.609388,-1.2469189382941994,2020-01-16
c0160,41.250573,14.609388,-1.4373460381232457,2020-01-17
c0160,41.250573,14.609388,-0.9877671850706412,2020-01-18
c0160,41.250573,14.609388,-2.489507185056292,2020-01-19
c0160,41.250573,14.609388,-0.5274156787077736,2020-01-20
c0160,41.250573,14.609388,-1.7009264636644903,2020-01-21
c0160,41.250573,14.609388,-1.3870474188757362,2020-01-22
c0160,41.250573,14.609388,-1.3544319007420698,2020-01-23
c0160,41.250573,14.609388,-0.9128268598187,2020-01-24
c0160,41.250573,14.609388,-0.6304905460995163,2020-01-25
c0160,41.250573,14.609388,-0.3566999062895775,2020-01-26
c0160,41.250573,14.609388,-0.8042973228612396,2020-01-27
c0160,41.250573,14.609388,-0.915817173816975,2020-01-28
c0160,41.250573,14.609388,-1.709400613232562,2020-01-29
c0160,41.250573,14.609388,-1.2876852332897564,2020-01-30
c0160,41.250573,14.609388,-0.839180424148904,2020-01-31
c0160,41.250573,14.609388,-0.794288188587562,2020-02-01
c0160,41.250573,14.609388,-1.3220343589782717,2020-02-02
c0160,41.250573,14.609388,-1.8310581436265945,2020-02-03
c0160,41.250573,14.609388,-0.5986200774651099,2020-02-04
c0160,41.250573,14.609388,-0.7343789419730465,2020-02-05
c0160,41.250573,14.609388,-1.326777790057803,2020-02-06
c0160,41.250573,14.609388,-1.286757262829828,2020-02-07
c0160,41.250573,14.609388,-1.5021653497903626,2020-02-08
c0160,41.250573,14.609388,-1.4748132454266896,2020-02-09
c0160,41.250573,14.609388,-0.7710117491480173,2020-02-10
c0160,41.250573,14.609388,-0.4763831067137901,2020-02-11
c0160,41.250573,14.609388,-1.0831488939247076,2020-02-12
c0160,41.250573,14.609388,-2.117148272580279,2020-02-13
c0160,41.250573,14.609388,-1.5725473995659194,2020-02-14
c0160,41.250573,14.609388,-1.423474868926592,2020-02-15
c0160,41.250573,14.609388,-1.2494661035454713,2020-02-16
c0160,41.250573,14.609388,-1.481115135203657,2020-02-17
c0160,41.250573,14.609388,-1.723538499186412,2020-02-18
c0160,41.250573,14.609388,-1.9805935265871777,2020-02-19
c0160,41.250573,14.609388,-1.9068005671095736,2020-02-20
c0160,41.250573,14.609388,-1.2045243259914062,2020-02-21
c0160,41.250573,14.609388,-1.3270466458586123,2020-02-22
c0160,41.250573,14.609388,-1.455810217764715,2020-02-23
c0160,41.250573,14.609388,-1.5178917458376944,2020-02-24
c0160,41.250573,14.609388,-1.3144679897182858,2020-02-25
c0160,41.250573,14.609388,-0.9400261011485612,2020-02-26
c0160,41.250573,14.609388,-1.229704426276328,2020-02-27
c0160,41.250573,14.609388,-0.8048237562179567,2020-02-28
c0160,41.250573,14.609388,-1.6311574560298765,2020-02-29
c0160,41.250573,14.609388,-1.1580017952260602,2020-03-01
c0160,41.250573,14.609388,-1.8347804094514295,2020-03-02
c0160,41.250573,14.609388,-1.1373450590183285,2020-03-03
c0160,41.250573,14.609388,-0.4214486540731796,2020-03-04
c0160,41.250573,14.609388,-1.588244046005544,2020-03-05
c0160,41.250573,14.609388,-1.8606129988483235,2020-03-06
c0160,41.250573,14.609388,-1.5954580693704503,2020-03-07
c0160,41.250573,14.609388,-1.652993176102232,2020-03-08
c0160,41.250573,14.609388,-1.4772821521813448,2020-03-09
c0160,41.250573,14.609388,-1.843626554183458,2020-03-10
c0160,41.250573,14.609388,-1.3863684293568952,2020-03-11
c0160,41.250573,14.609388,-1.4332157446955531,2020-03-12
c0160,41.250573,14.609388,-1.5091953270338303,2020-03-13
c0160,41.250573,14.609388,-0.9918963871794324,2020-03-14
c0160,41.250573,14.609388,-1.7132215589995112,2020-03-15
c0160,41.250573,14.609388,-1.703787430009665,2020-03-16
c0160,41.250573,14.609388,-1.7305690253466126,2020-03-17
c0160,41.250573,14.609388,-1.695594956521639,2020-03-18
c0160,41.250573,14.609388,-1.369628307093734,2020-03-19
c0160,41.250573,14.609388,-1.5680103894335269,2020-03-20
c0160,41.250573,14.609388,-1.5366688577310794,2020-03-21
c0160,41.250573,14.609388,-2.523809435735498,2020-03-22
c0160,41.250573,14.609388,-2.6912482789748164,2020-03-23
c0160,41.250573,14.609388,-1.4624844329041733,2020-03-24
c0160,41.250573,14.609388,-0.7809052103660272,2020-03-25
c0160,41.250573,14.609388,-0.7885725479573517,2020-03-26
c0160,41.250573,14.609388,-2.204382419053691,2020-03-27
c0160,41.250573,14.609388,-0.6930932231959499,2020-03-28
c0160,41.250573,14.609388,-1.2011215686798096,2020-03-29
c0160,41.250573,14.609388,-1.3156701081991928,2020-03-30
c0160,41.250573,14.609388,-3.0869869216676475,2020-03-31
c0160,41.250573,14.609388,-1.7406734239548711,2020-04-01
c0160,41.250573,14.609388,-1.5398048875109154,2020-04-02
c0160,41.250573,14.609388,-3.315892014338701,2020-04-03
c0160,41.250573,14.609388,-1.52159533811349,2020-04-04
c0160,41.250573,14.609388,-1.0729703275751252,2020-04-05
c0160,41.250573,14.609388,-1.6188067190022242,2020-04-06
c0160,41.250573,14.609388,-1.766361261297927,2020-04-07
c0160,41.250573,14.609388,-1.801817455674831,2020-04-08
c0160,41.250573,14.609388,-1.3674677848590486,2020-04-09
c0160,41.250573,14.609388,-1.1428985042845952,2020-04-10
c0160,41.250573,14.609388,-1.6458526495590309,2020-04-11
c0160,41.250573,14.609388,-2.0977419830104345,2020-04-12
c0160,41.250573,14.609388,-2.071788651993644,2020-04-13
c0160,41.250573,14.609388,-0.8364170641436156,2020-04-14
c0160,41.250573,14.609388,-1.3824709658446557,2020-04-15
c0160,41.250573,14.609388,-1.1597028624868917,2020-04-16
c0160,41.250573,14.609388,-1.2023598295437907,2020-04-17
c0160,41.250573,14.609388,-1.348086197116382,2020-04-18
c0160,41.250573,14.609388,-1.2755208292161715,2020-04-19
c0160,41.250573,14.609388,-0.5300738048428165,2020-04-20
c0160,41.250573,14.609388,-0.8251751223405331,2020-04-21
c0160,41.250573,14.609388,-1.879890380937736,2020-04-22
c0160,41.250573,14.609388,-1.144369975158469,2020-04-23
c0160,41.250573,14.609388,-1.9932529889388475,2020-04-24
c0160,41.250573,14.609388,-1.040117870282072,2020-04-25
c0160,41.250573,14.609388,-1.609107160463245,2020-04-26
c0160,41.250573,14.609388,-1.5975016425449768,2020-04-27
c0160,41.250573,14.609388,-0.7593729320485101,2020-04-28
c0160,41.250573,14.609388,-2.151611914655477,2020-04-29
c0160,41.250573,14.609388,-1.1316216130050882,2020-04-30
c0160,41.250573,14.609388,-1.1277977513798347,2020-05-01
c0160,41.250573,14.609388,-0.1320101725668949,2020-05-02
c0160,41.250573,14.609388,-0.5188351832280512,2020-05-03
c0160,41.250573,14.609388,-1.4320328703028338,2020-05-04
c0160,41.250573,14.609388,-2.4629802569020267,2020-05-05
c0160,41.250573,14.609388,-1.534480596293204,2020-05-06
c0160,41.250573,14.609388,-1.2529141902924965,2020-05-07
c0160,41.250573,14.609388,-1.3538796181234332,2020-05-08
c0160,41.250573,14.609388,-0.8109103807508683,2020-05-09
c0160,41.250573,14.609388,-1.886463589230768,2020-05-10
c0160,41.250573,14.609388,0.2380571837173481,2020-05-11
c0160,41.250573,14.609388,-0.5510398733107691,2020-05-12
c0160,41.250573,14.609388,0.2477739010953187,2020-05-13
c0160,41.250573,14.609388,-1.320274093494169,2020-05-14
c0160,41.250573,14.609388,-1.9035988572041096,2020-05-15
c0160,41.250573,14.609388,-0.792153571974713,2020-05-16
c0160,41.250573,14.609388,-1.2075304508800249,2020-05-17
c0160,41.250573,14.609388,-0.8726332472674977,2020-05-18
c0160,41.250573,14.609388,-1.7221774662228977,2020-05-19
c0160,41.250573,14.609388,0.3501339653288489,2020-05-20
c0160,41.250573,14.609388,-1.8449103832244171,2020-05-21
c0160,41.250573,14.609388,-1.6340385175960082,2020-05-22
c0160,41.250573,14.609388,-1.646055936813301,2020-05-23
c0160,41.250573,14.609388,-1.752306854758532,2020-05-24
c0160,41.250573,14.609388,-1.3490888100869445,2020-05-25
c0160,41.250573,14.609388,-2.4532044334863805,2020-05-26
c0160,41.250573,14.609388,-1.991012454936876,2020-05-27
c0160,41.250573,14.609388,-2.068720102310112,2020-05-28
c0160,41.250573,14.609388,-0.5503629720838392,2020-05-29
c0160,41.250573,14.609388,-2.033156219092469,2020-05-30
c0160,41.250573,14.609388,-2.4161827713873874,2020-05-31
c0160,41.250573,14.609388,-0.1193951223619369,2020-06-01
c0160,41.250573,14.609388,-1.5490656440694777,2020-06-02
c0160,41.250573,14.609388,-2.238406844316407,2020-06-03
c0160,41.250573,14.609388,-2.072396006860094,2020-06-04
c0160,41.250573,14.609388,-0.5146009092885397,2020-06-05
c0160,41.250573,14.609388,-2.741176407678637,2020-06-06
c0160,41.250573,14.609388,-0.3304053259936703,2020-06-07
c0160,41.250573,14.609388,-1.5957445698755297,2020-06-08
c0160,41.250573,14.609388,-1.5066450153058588,2020-06-09
c0160,41.250573,14.609388,-2.0765593769889437,2020-06-10
c0160,41.250573,14.609388,-0.9447962391316368,2020-06-11
c0160,41.250573,14.609388,-1.5497901418711613,2020-06-13
c0160,41.250573,14.609388,-1.1954183440903272,2020-06-14
c0160,41.250573,14.609388,-2.9345149993899593,2020-06-15
c0160,41.250573,14.609388,-1.5112765819992149,2020-06-16
c0160,41.250573,14.609388,-0.6572812705943778,2020-06-17
c0160,41.250573,14.609388,-1.3658483948338775,2020-06-18
c0160,41.250573,14.609388,-0.6916221558546816,2020-06-19
c0160,41.250573,14.609388,-1.6089373279927766,2020-06-20
c0160,41.250573,14.609388,-0.5626579589638586,2020-06-21
c0160,41.250573,14.609388,-1.152626370946921,2020-06-22
c0160,41.250573,14.609388,-1.534547157211056,2020-06-23
c0160,41.250573,14.609388,-1.4329966395581877,2020-06-24
c0160,41.250573,14.609388,-1.5255315895227786,2020-06-25
c0160,41.250573,14.609388,-1.9378778338434364,2020-06-26
c0160,41.250573,14.609388,-1.8850194249751424,2020-06-27
c0160,41.250573,14.609388,-2.046284503787431,2020-06-28
c0160,41.250573,14.609388,-1.4991796013267764,2020-06-29
c0160,41.250573,14.609388,-1.4667258169141657,2020-06-30
c0160,41.250573,14.609388,-1.822256006771008,2020-07-01
c0160,41.250573,14.609388,-1.7674919601481978,2020-07-02
c0160,41.250573,14.609388,-1.992001103125394,2020-07-03
c0160,41.250573,14.609388,,2020-07-04
c0160,41.250573,14.609388,-1.570503568961103,2020-07-05
c0160,41.250573,14.609388,-1.78180263500688,2020-07-06
c0160,41.250573,14.609388,-1.904839662813188,2020-07-07
c0160,41.250573,14.609388,-1.8589131615423795,2020-07-08
c0160,41.250573,14.609388,-1.492191494231654,2020-07-09
c0160,41.250573,14.609388,-1.4332870581858772,2020-07-10
c0160,41.250573,14.609388,-1.6200220222801405,2020-07-11
c0160,41.250573,14.609388,-2.297825277608686,2020-07-12
c0160,41.250573,14.609388,-2.1835214242824663,2020-07-13
c0160,41.250573,14.609388,-1.945202811582899,2020-07-14
c0160,41.250573,14.609388,-2.016638447748164,2020-07-16
c0160,41.250573,14.609388,-0.9871519671138524,2020-07-17
c0160,41.250573,14.609388,-2.882482957394863,2020-07-18
c0160,41.250573,14.609388,-1.436121341504618,2020-07-19
c0160,41.250573,14.609388,-1.5673288322494838,2020-07-20
c0160,41.250573,14.609388,-1.508301453454357,2020-07-21
c0160,41.250573,14.609388,-2.0751440791475098,2020-07-22
c0160,41.250573,14.609388,-1.7249545871931102,2020-07-23
c0160,41.250573,14.609388,-1.672348670770652,2020-07-24
c0160,41.250573,14.609388,-1.5468867272138092,2020-07-25
c0160,41.250573,14.609388,,2020-07-26
c0160,41.250573,14.609388,-1.6528523491439564,2020-07-27
c0160,41.250573,14.609388,-1.7844605770144264,2020-07-28
c0160,41.250573,14.609388,-1.9370055325911035,2020-07-29
c0160,41.250573,14.609388,-1.555452977964748,2020-07-30
c0160,41.250573,14.609388,-1.289371901775667,2020-07-31
c0160,41.250573,14.609388,-1.7230193860497554,2020-08-02
c0160,41.250573,14.609388,-1.8233920443419696,2020-08-03
c0160,41.250573,14.609388,-1.6855978465293802,2020-08-04
c0160,41.250573,14.609388,-1.6135173849184423,2020-08-05
c0160,41.250573,14.609388,-1.7384282211940971,2020-08-06
c0160,41.250573,14.609388,-1.8977432848163136,2020-08-07
c0160,41.250573,14.609388,-1.143780553924957,2020-08-08
c0160,41.250573,14.609388,-2.3913949119387707,2020-08-09
c0160,41.250573,14.609388,-2.0937693768521437,2020-08-10
c0160,41.250573,14.609388,-1.994117200374546,2020-08-11
c0160,41.250573,14.609388,-1.9733613043736928,2020-08-12
c0160,41.250573,14.609388,-1.7007141582944936,2020-08-13
c0160,41.250573,14.609388,-1.308610217909322,2020-08-14
c0160,41.250573,14.609388,-1.7304465322746023,2020-08-15
c0160,41.250573,14.609388,-1.8215292405782093,2020-08-16
c0160,41.250573,14.609388,-1.5075713971692537,2020-08-17
c0160,41.250573,14.609388,-0.8042765415412759,2020-08-18
c0160,41.250573,14.609388,-1.9491357922217336,2020-08-19
c0160,41.250573,14.609388,-1.868709869108496,2020-08-20
c0160,41.250573,14.609388,-1.442571649228601,2020-08-21
c0160,41.250573,14.609388,-1.0494509473076743,2020-08-22
c0160,41.250573,14.609388,-1.5392061471939589,2020-08-23
c0160,41.250573,14.609388,-2.3406925386684936,2020-08-24
c0160,41.250573,14.609388,-2.293788639903086,2020-08-25
c0160,41.250573,14.609388,-1.4473932669434897,2020-08-26
c0160,41.250573,14.609388,-1.658782293125194,2020-08-27
c0160,41.250573,14.609388,-1.8278612666583869,2020-08-28
c0160,41.250573,14.609388,-1.5439375782923366,2020-08-29
c0160,41.250573,14.609388,-2.0260707416705217,2020-08-30
c0160,41.250573,14.609388,-0.922679611836924,2020-08-31
c0160,41.250573,14.609388,-1.7259145972769203,2020-09-01
c0160,41.250573,14.609388,-1.7649169704807204,2020-09-02
c0160,41.250573,14.609388,-1.9369912358412,2020-09-03
c0160,41.250573,14.609388,-1.6266585994384213,2020-09-04
c0160,41.250573,14.609388,-1.3779288189483747,2020-09-05
c0160,41.250573,14.609388,-1.4126617218150268,2020-09-06
c0160,41.250573,14.609388,-1.4241602665042916,2020-09-07
c0160,41.250573,14.609388,-1.829564336448972,2020-09-08
c0160,41.250573,14.609388,-1.761233002681574,2020-09-09
c0160,41.250573,14.609388,-2.0859107971190807,2020-09-10
c0160,41.250573,14.609388,-1.0658412692284245,2020-09-11
c0160,41.250573,14.609388,-1.133270947940393,2020-09-12
c0160,41.250573,14.609388,-2.139719843864362,2020-09-13
c0160,41.250573,14.609388,-2.3775666155055855,2020-09-15
c0160,41.250573,14.609388,-1.238158506551607,2020-09-16
c0160,41.250573,14.609388,-1.3286017186118664,2020-09-17
c0160,41.250573,14.609388,-2.0191638495215916,2020-09-18
c0160,41.250573,14.609388,-1.7992211369706812,2020-09-19
c0160,41.250573,14.609388,-1.6276393704061751,2020-09-20
c0160,41.250573,14.609388,-0.8182046013493155,2020-09-21
c0160,41.250573,14.609388,-0.8661446633595217,2020-09-22
c0160,41.250573,14.609388,-0.8907745778560341,2020-09-23
c0160,41.250573,14.609388,-0.727038321810287,2020-09-24
c0160,41.250573,14.609388,-1.347585468716499,2020-09-25
c0160,41.250573,14.609388,-1.9341823462245369,2020-09-26
c0160,41.250573,14.609388,-1.022732855498779,2020-09-27
c0160,41.250573,14.609388,-1.0224133009915106,2020-09-28
c0160,41.250573,14.609388,-1.6808933410952518,2020-09-29
c0160,41.250573,14.609388,-1.9588512301363123,2020-09-30
c0160,41.250573,14.609388,-0.9210351202038776,2020-10-01
c0160,41.250573,14.609388,-1.2524753653100746,2020-10-02
c0160,41.250573,14.609388,-0.3984009899095262,2020-10-03
c0160,41.250573,14.609388,-1.3903689401915278,2020-10-04
c0160,41.250573,14.609388,-1.0188739667609266,2020-10-05
c0160,41.250573,14.609388,-1.8068054261750304,2020-10-06
c0160,41.250573,14.609388,0.0103975620235942,2020-10-07
c0160,41.250573,14.609388,-1.2589414966885903,2020-10-08
c0160,41.250573,14.609388,-1.3879172801970978,2020-10-09
c0160,41.250573,14.609388,-1.8057983468959335,2020-10-10
c0160,41.250573,14.609388,-1.4716541109886965,2020-10-11
c0160,41.250573,14.609388,-1.8289146304055053,2020-10-12
c0160,41.250573,14.609388,-1.0266814868704652,2020-10-13
c0160,41.250573,14.609388,-1.0703484416008222,2020-10-14
c0160,41.250573,14.609388,-1.3106909868528964,2020-10-15
c0160,41.250573,14.609388,-2.996745867944437,2020-10-16
c0160,41.250573,14.609388,-1.9830620683901456,2020-10-17
c0160,41.250573,14.609388,-0.9786334171710488,2020-10-18
c0160,41.250573,14.609388,-1.6184903894364011,2020-10-19
c0160,41.250573,14.609388,-1.8343962326798433,2020-10-20
c0160,41.250573,14.609388,-1.7857835763731351,2020-10-21
c0160,41.250573,14.609388,-1.72100803569986,2020-10-22
c0160,41.250573,14.609388,-1.1577895377910412,2020-10-23
c0160,41.250573,14.609388,-1.035411836084134,2020-10-24
c0160,41.250573,14.609388,-1.6537984609603271,2020-10-25
c0160,41.250573,14.609388,-1.6897819647980252,2020-10-26
c0160,41.250573,14.609388,-2.2394951529751497,2020-10-27
c0160,41.250573,14.609388,-1.760583024851308,2020-10-28
c0160,41.250573,14.609388,-0.7919226032426948,2020-10-29
c0160,41.250573,14.609388,-1.2925696327896938,2020-10-30
c0160,41.250573,14.609388,-1.7541255385929948,2020-10-31
c0160,41.250573,14.609388,-1.900862163868024,2020-11-01
c0160,41.250573,14.609388,-2.037951849902054,2020-11-02
c0160,41.250573,14.609388,-1.2416790268927966,2020-11-03
c0160,41.250573,14.609388,-1.686191143410717,2020-11-04
c0160,41.250573,14.609388,-1.0445790332526612,2020-11-05
c0160,41.250573,14.609388,-1.956727885743457,2020-11-06
c0160,41.250573,14.609388,-2.0872278612180524,2020-11-07
c0160,41.250573,14.609388,-1.182285353518957,2020-11-08
c0160,41.250573,14.609388,-1.1616550408369395,2020-11-09
c0160,41.250573,14.609388,-1.4281595225431225,2020-11-10
c0160,41.250573,14.609388,-1.6191327830049973,2020-11-11
c0160,41.250573,14.609388,-1.683273321387314,2020-11-12
c0160,41.250573,14.609388,-0.9810004769078496,2020-11-13
c0160,41.250573,14.609388,-0.6327281387785357,2020-11-14
c0160,41.250573,14.609388,-1.505914564021008,2020-11-15
c0160,41.250573,14.609388,-1.9327099901029103,2020-11-16
c0160,41.250573,14.609388,-1.4819081196081425,2020-11-17
c0160,41.250573,14.609388,-2.58069323069886,2020-11-18
c0160,41.250573,14.609388,-1.4669698775069353,2020-11-19
c0160,41.250573,14.609388,-0.3333191941531457,2020-11-20
c0160,41.250573,14.609388,-2.0567291332310984,2020-11-21
c0160,41.250573,14.609388,-2.277006931763281,2020-11-22
c0160,41.250573,14.609388,-1.6668941518345235,2020-11-23
c0160,41.250573,14.609388,-1.187121210156294,2020-11-24
c0160,41.250573,14.609388,-0.9034637032872468,2020-11-25
c0160,41.250573,14.609388,-1.5322873909991626,2020-11-26
c0160,41.250573,14.609388,-2.0232040689298394,2020-11-27
c0160,41.250573,14.609388,-1.914470167252189,2020-11-28
c0160,41.250573,14.609388,-1.0308523774147398,2020-11-29
c0160,41.250573,14.609388,-2.298148159746087,2020-11-30
c0160,41.250573,14.609388,-1.5264127332011714,2020-12-01
c0160,41.250573,14.609388,-1.3050346247900266,2020-12-02
c0160,41.250573,14.609388,-1.3108648061751884,2020-12-03
c0160,41.250573,14.609388,-0.6936257692886427,2020-12-04
c0160,41.250573,14.609388,-0.9472751173285864,2020-12-05
c0160,41.250573,14.609388,-0.092690683708743,2020-12-06
c0160,41.250573,14.609388,-1.7926460743884096,2020-12-07
c0160,41.250573,14.609388,-1.1407210944448734,2020-12-08
c0160,41.250573,14.609388,-1.356332605943108,2020-12-09
c0160,41.250573,14.609388,-0.5595174246250384,2020-12-10
c0160,41.250573,14.609388,-0.7048493560414003,2020-12-11
c0160,41.250573,14.609388,-1.5820481255887977,2020-12-12
c0160,41.250573,14.609388,-1.9714582870323911,2020-12-13
c0160,41.250573,14.609388,-1.511525360328556,2020-12-14
c0160,41.250573,14.609388,-1.7214340856635035,2020-12-15
c0160,41.250573,14.609388,-1.3279161693103527,2020-12-16
c0160,41.250573,14.609388,-1.5131954871405449,2020-12-17
c0160,41.250573,14.609388,-1.833632096838863,2020-12-18
c0160,41.250573,14.609388,-2.2462411172778167,2020-12-19
c0160,41.250573,14.609388,-1.1364088058471304,2020-12-20
c0160,41.250573,14.609388,-1.427913387395908,2020-12-21
c0160,41.250573,14.609388,-0.6845177665958511,2020-12-22
c0160,41.250573,14.609388,-1.5197881031926184,2020-12-23
c0160,41.250573,14.609388,-0.9190724537076064,2020-12-24
c0160,41.250573,14.609388,-0.939622483274633,2020-12-25
c0160,41.250573,14.609388,-0.727331616363269,2020-12-26
c0160,41.250573,14.609388,-0.0541212456891367,2020-12-27
c0160,41.250573,14.609388,-0.9414558717362798,2020-12-28
c0160,41.250573,14.609388,-2.3697956828802,2020-12-29
c0160,41.250573,14.609388,-2.7025544356989455,2020-12-30
c0160,41.250573,14.609388,-1.2827231231569776,2020-12-31
c0160,41.250573,14.609388,1.4923301057268454,2021-01-02
c0160,41.250573,14.609388,-1.8695542328107164,2021-01-03
c0160,41.250573,14.609388,-1.5022807121276882,2021-01-04
c0160,41.250573,14.609388,-1.9171734538988343,2021-01-05
c0160,41.250573,14.609388,-1.072162799322055,2021-01-06
c0160,41.250573,14.609388,-0.3655921332537983,2021-01-07
c0160,41.250573,14.609388,-1.4845036025839249,2021-01-08
c0160,41.250573,14.609388,-1.8769557999563091,2021-01-09
c0160,41.250573,14.609388,0.2282145522782699,2021-01-10
c0160,41.250573,14.609388,-0.905142576523466,2021-01-11
c0160,41.250573,14.609388,-1.3070516641859842,2021-01-12
c0160,41.250573,14.609388,-1.5123836101816832,2021-01-13
c0160,41.250573,14.609388,-2.2518525220598535,2021-01-14
c0160,41.250573,14.609388,-0.9911705426801788,2021-01-15
c0160,41.250573,14.609388,-2.2746372026114954,2021-01-16
c0160,41.250573,14.609388,-0.7793760319919094,2021-01-17
c0160,41.250573,14.609388,-1.6459619681962183,2021-01-18
c0160,41.250573,14.609388,-2.0094265102608126,2021-01-19
c0160,41.250573,14.609388,-2.950234793038371,2021-01-20
c0160,41.250573,14.609388,-1.6397626971381734,2021-01-21
c0160,41.250573,14.609388,-0.7453216168659687,2021-01-22
c0160,41.250573,14.609388,-1.0999642963220728,2021-01-23
c0160,41.250573,14.609388,-1.2996374539187785,2021-01-24
c0160,41.250573,14.609388,-1.6028150591341908,2021-01-25
c0160,41.250573,14.609388,-2.0436311856461904,2021-01-26
c0160,41.250573,14.609388,-1.13754657369117,2021-01-27
c0160,41.250573,14.609388,-1.460589766922061,2021-01-28
c0160,41.250573,14.609388,-1.046892668699356,2021-01-29
c0160,41.250573,14.609388,-1.9698204120359004,2021-01-30
c0160,41.250573,14.609388,-1.1806032802087094,2021-01-31
c0160,41.250573,14.609388,-1.6043493268546454,2021-02-01
c0160,41.250573,14.609388,-1.403920240801087,2021-02-02
c0160,41.250573,14.609388,-1.051973967524503,2021-02-03
c0160,41.250573,14.609388,-1.7648863881279904,2021-02-04
c0160,41.250573,14.609388,-2.339787947331675,2021-02-05
c0160,41.250573,14.609388,-2.0852229605252672,2021-02-06
c0160,41.250573,14.609388,-1.0161461434045045,2021-02-07
c0160,41.250573,14.609388,-0.69100879994853,2021-02-08
c0160,41.250573,14.609388,-1.1752616307773622,2021-02-09
c0160,41.250573,14.609388,-1.140873940160518,2021-02-10
c0160,41.250573,14.609388,-1.5962733478294333,2021-02-11
c0160,41.250573,14.609388,-0.7830671582784627,2021-02-12
c0160,41.250573,14.609388,-0.9128637348264924,2021-02-13
c0160,41.250573,14.609388,-1.3098425420968662,2021-02-14
c0160,41.250573,14.609388,-2.263250475074861,2021-02-15
c0160,41.250573,14.609388,-2.1065826059675334,2021-02-16
c0160,41.250573,14.609388,-2.336795758154076,2021-02-17
c0160,41.250573,14.609388,-1.6550843343690989,2021-02-18
c0160,41.250573,14.609388,-1.5063169050791747,2021-02-19
c0160,41.250573,14.609388,-2.04429312051822,2021-02-20
c0160,41.250573,14.609388,-1.8340976139637792,2021-02-21
c0160,41.250573,14.609388,-1.8767841989610556,2021-02-22
c0160,41.250573,14.609388,-1.2994531504990403,2021-02-23
c0160,41.250573,14.609388,-1.527359434901386,2021-02-24
c0160,41.250573,14.609388,-1.3459595493818255,2021-02-25
c0160,41.250573,14.609388,-1.5530190467835578,2021-02-26
c0160,41.250573,14.609388,0.4442737751572226,2021-02-27
c0160,41.250573,14.609388,-1.394289094724684,2021-02-28
c0160,41.250573,14.609388,-1.671467065280656,2021-03-01
c0160,41.250573,14.609388,-1.7605006251505102,2021-03-02
c0160,41.250573,14.609388,-1.806811005700321,2021-03-03
c0160,41.250573,14.609388,-2.338167426646771,2021-03-04
c0160,41.250573,14.609388,-1.554356957144372,2021-03-05
c0160,41.250573,14.609388,-1.4597093980167368,2021-03-06
c0160,41.250573,14.609388,-1.5474581790882007,2021-03-07
c0160,41.250573,14.609388,-1.6003805733906789,2021-03-08
c0160,41.250573,14.609388,-0.7800702948947897,2021-03-09
c0160,41.250573,14.609388,-2.6393598343799805,2021-03-10
c0160,41.250573,14.609388,-1.718779195473263,2021-03-11
c0160,41.250573,14.609388,-0.9626185660275156,2021-03-12
c0160,41.250573,14.609388,-0.8812406172030088,2021-03-13
c0160,41.250573,14.609388,-1.0157813414481225,2021-03-14
c0160,41.250573,14.609388,-2.1497309104356805,2021-03-15
c0160,41.250573,14.609388,-0.8025938941348989,2021-03-16
c0160,41.250573,14.609388,-1.3455026967525532,2021-03-17
c0160,41.250573,14.609388,-1.3801054378219466,2021-03-18
c0160,41.250573,14.609388,-2.1069949504846543,2021-03-19
c0160,41.250573,14.609388,-2.788718930443926,2021-03-20
c0160,41.250573,14.609388,-2.6895266927409964,2021-03-21
c0160,41.250573,14.609388,-1.7132615735998735,2021-03-22
c0160,41.250573,14.609388,-2.588133340779323,2021-03-23
c0160,41.250573,14.609388,-1.270966531075275,2021-03-24
c0160,41.250573,14.609388,-1.8300755956900452,2021-03-25
c0160,41.250573,14.609388,-2.069255364011608,2021-03-26
c0160,41.250573,14.609388,-1.627624509332264,2021-03-27
c0160,41.250573,14.609388,-1.9528838877315189,2021-03-28
c0160,41.250573,14.609388,-1.3242459312754256,2021-03-29
c0160,41.250573,14.609388,-1.8783100889041944,2021-03-30
c0160,41.250573,14.609388,-2.3676094670780774,2021-03-31
c0160,41.250573,14.609388,-1.720289097625985,2021-04-01
c0160,41.250573,14.609388,-1.1850806214149865,2021-04-02
c0160,41.250573,14.609388,-1.314152545684628,2021-04-03
c0160,41.250573,14.609388,-1.9274633020033751,2021-04-04
c0160,41.250573,14.609388,-1.703572193403313,2021-04-05
c0160,41.250573,14.609388,-0.9210456935537606,2021-04-06
c0160,41.250573,14.609388,-1.395009404352236,2021-04-07
c0160,41.250573,14.609388,-1.5454173550928216,2021-04-08
c0160,41.250573,14.609388,-1.7600793346658723,2021-04-09
c0160,41.250573,14.609388,-1.766388490051196,2021-04-10
c0160,41.250573,14.609388,-1.852941659868186,2021-04-11
c0160,41.250573,14.609388,-0.8264707811723425,2021-04-12
c0160,41.250573,14.609388,-0.942650758482486,2021-04-13
c0160,41.250573,14.609388,-2.588077306747351,2021-04-14
c0160,41.250573,14.609388,-1.4992718118781598,2021-04-15
c0160,41.250573,14.609388,-1.1275594159227649,2021-04-16
c0160,41.250573,14.609388,-1.5691898937803026,2021-04-17
c0160,41.250573,14.609388,-2.172326083946396,2021-04-18
c0160,41.250573,14.609388,-0.7320280682776469,2021-04-19
c0160,41.250573,14.609388,-2.8997468977351804,2021-04-20
c0160,41.250573,14.609388,-2.592290100298838,2021-04-21
c0160,41.250573,14.609388,-1.2493952395070875,2021-04-22
c0160,41.250573,14.609388,-2.759915209086075,2021-04-23
c0160,41.250573,14.609388,-1.8327688251152492,2021-04-24
c0160,41.250573,14.609388,-1.5021149045079123,2021-04-25
c0160,41.250573,14.609388,-1.47831185088155,2021-04-26
c0160,41.250573,14.609388,-2.033641815185573,2021-04-27
c0160,41.250573,14.609388,-1.7046049110928565,2021-04-28
c0160,41.250573,14.609388,-1.4208129189829075,2021-04-29
c0160,41.250573,14.609388,-1.163426986939991,2021-04-30
c0160,41.250573,14.609388,-0.6920341775552961,2021-05-01
c0160,41.250573,14.609388,-1.2147267893595957,2021-05-02
c0160,41.250573,14.609388,-1.2701286264118092,2021-05-03
c0160,41.250573,14.609388,-1.9704620636280672,2021-05-04
c0160,41.250573,14.609388,-1.538686145015778,2021-05-05
c0160,41.250573,14.609388,-1.2109261782561516,2021-05-06
c0160,41.250573,14.609388,-1.7712953625522023,2021-05-07
c0160,41.250573,14.609388,-2.6851763911888114,2021-05-08
c0160,41.250573,14.609388,-1.6776887911959986,2021-05-09
c0160,41.250573,14.609388,-1.5354338241086705,2021-05-10
c0160,41.250573,14.609388,-1.1189075163191184,2021-05-11
c0160,41.250573,14.609388,-1.9733817411907195,2021-05-12
c0160,41.250573,14.609388,-1.436161071062035,2021-05-13
c0160,41.250573,14.609388,-1.7664678427092468,2021-05-14
c0160,41.250573,14.609388,-1.1569360988472812,2021-05-15
c0160,41.250573,14.609388,-1.7532810021279042,2021-05-16
c0160,41.250573,14.609388,-1.2052862392114267,2021-05-17
c0160,41.250573,14.609388,-2.125856364650322,2021-05-18
c0160,41.250573,14.609388,-0.803621319303533,2021-05-19
c0160,41.250573,14.609388,-2.0721273216274434,2021-05-20
c0160,41.250573,14.609388,-1.498073378046504,2021-05-21
c0160,41.250573,14.609388,-1.7309664415491428,2021-05-22
c0160,41.250573,14.609388,-3.0300064967093863,2021-05-23
c0160,41.250573,14.609388,-1.265425605457858,2021-05-24
c0160,41.250573,14.609388,-0.9805935037618472,2021-05-25
c0160,41.250573,14.609388,-2.254522821946465,2021-05-26
c0160,41.250573,14.609388,-1.6379818958177823,2021-05-27
c0160,41.250573,14.609388,-0.9147275603710142,2021-05-28
c0160,41.250573,14.609388,-2.506406296144497,2021-05-29
c0160,41.250573,14.609388,-1.5956378944584229,2021-05-30
c0160,41.250573,14.609388,-2.0422090741879355,2021-05-31
c0160,41.250573,14.609388,-1.8767057133070624,2021-06-01
c0160,41.250573,14.609388,-1.9035484722524336,2021-06-02
c0160,41.250573,14.609388,-2.3247479125563726,2021-06-03
c0160,41.250573,14.609388,-2.34945992661151,2021-06-04
c0160,41.250573,14.609388,-3.2390488229698113,2021-06-05
c0160,41.250573,14.609388,-0.9723743530897122,2021-06-06
c0160,41.250573,14.609388,-2.2670138626627065,2021-06-07
c0160,41.250573,14.609388,-2.49863446050757,2021-06-08
c0160,41.250573,14.609388,-3.041459668199187,2021-06-09
c0160,41.250573,14.609388,-2.5776750356237574,2021-06-10
c0160,41.250573,14.609388,-1.482910816655423,2021-06-11
c0160,41.250573,14.609388,-0.4327187240123608,2021-06-12
c0160,41.250573,14.609388,-2.479461334591543,2021-06-13
c0160,41.250573,14.609388,-1.2239601567898022,2021-06-14
c0160,41.250573,14.609388,-1.5845189088334528,2021-06-15
c0160,41.250573,14.609388,-1.7223110546947404,2021-06-16
c0160,41.250573,14.609388,-2.084005219503365,2021-06-17
c0160,41.250573,14.609388,-0.4984761757612899,2021-06-18
c0160,41.250573,14.609388,-2.374436760025021,2021-06-19
c0160,41.250573,14.609388,-0.7074374580098043,2021-06-20
c0160,41.250573,14.609388,0.4431407984895301,2021-06-21
c0160,41.250573,14.609388,0.0939073413610431,2021-06-22
c0160,41.250573,14.609388,0.2119094729423448,2021-06-23
c0160,41.250573,14.609388,-1.404625210051122,2021-06-24
c0160,41.250573,14.609388,-2.028974373629145,2021-06-25
c0160,41.250573,14.609388,-1.5767648696339864,2021-06-26
c0160,41.250573,14.609388,-1.0509593769935497,2021-06-27
c0160,41.250573,14.609388,-0.5637070616717382,2021-06-28
c0160,41.250573,14.609388,-1.2290899670575368,2021-06-29
c0160,41.250573,14.609388,-0.4146756870192721,2021-06-30
c0160,41.250573,14.609388,-1.2508461839200686,2021-07-01
c0160,41.250573,14.609388,-1.664191501992312,2021-07-02
c0160,41.250573,14.609388,-2.163068573695729,2021-07-03
c0160,41.250573,14.609388,-2.2452955793387503,2021-07-04
c0160,41.250573,14.609388,-2.2635383885182483,2021-07-05
c0160,41.250573,14.609388,0.1896430856783389,2021-07-06
c0160,41.250573,14.609388,1.2290656988918092,2021-07-07
c0160,41.250573,14.609388,1.499596118927005,2021-07-08
c0160,41.250573,14.609388,0.1380720031789344,2021-07-09
c0160,41.250573,14.609388,-0.053703083771828,2021-07-10
c0160,41.250573,14.609388,-0.4517834165709227,2021-07-11
c0160,41.250573,14.609388,1.9105494452854577,2021-07-12
c0160,41.250573,14.609388,3.074514802947849,2021-07-13
c0160,41.250573,14.609388,-0.3486054337866958,2021-07-14
c0160,41.250573,14.609388,-0.5484597930555367,2021-07-15
c0160,41.250573,14.609388,-1.0526347656757895,2021-07-16
c0160,41.250573,14.609388,-0.6326309330791536,2021-07-17
c0160,41.250573,14.609388,-0.8320778805014438,2021-07-18
c0160,41.250573,14.609388,-0.778905502415895,2021-07-19
c0160,41.250573,14.609388,-0.7696052040173135,2021-07-20
c0160,41.250573,14.609388,-0.6180595931535292,2021-07-21
c0160,41.250573,14.609388,0.3001326257037053,2021-07-22
c0160,41.250573,14.609388,-0.2221379241503246,2021-07-23
c0160,41.250573,14.609388,0.4849611222743828,2021-07-24
c0160,41.250573,14.609388,-0.6646058397362852,2021-07-25
c0160,41.250573,14.609388,0.0426794113040264,2021-07-26
c0160,41.250573,14.609388,0.6392318004736227,2021-07-27
c0160,41.250573,14.609388,0.8820001929857534,2021-07-28
c0160,41.250573,14.609388,0.8394409406897152,2021-07-29
c0160,41.250573,14.609388,0.0753014520317393,2021-07-30
c0160,41.250573,14.609388,-0.3031272823839219,2021-07-31
c0160,41.250573,14.609388,0.49360163833298,2021-08-01
c0160,41.250573,14.609388,0.7977299081399836,2021-08-02
c0160,41.250573,14.609388,-0.5797803819563018,2021-08-03
c0160,41.250573,14.609388,0.5232321291382688,2021-08-04
c0160,41.250573,14.609388,-0.9548352825529852,2021-08-05
c0160,41.250573,14.609388,-0.5128399846031959,2021-08-06
c0160,41.250573,14.609388,0.2308740387452762,2021-08-07
c0160,41.250573,14.609388,0.6928848123122744,2021-08-08
c0160,41.250573,14.609388,0.94078293442723,2021-08-09
c0160,41.250573,14.609388,1.752989344531004,2021-08-10
c0160,41.250573,14.609388,0.4237192966742332,2021-08-11
c0160,41.250573,14.609388,-0.369611501199933,2021-08-12
c0160,41.250573,14.609388,0.2742591622632013,2021-08-13
c0160,41.250573,14.609388,-0.1003837090246401,2021-08-14
c0160,41.250573,14.609388,-0.2847148104100403,2021-08-15
c0160,41.250573,14.609388,-0.2928720319977618,2021-08-16
c0160,41.250573,14.609388,-0.1570835515258655,2021-08-17
c0160,41.250573,14.609388,-0.2246362306364847,2021-08-18
c0160,41.250573,14.609388,-0.0208381057874165,2021-08-19
c0160,41.250573,14.609388,-0.7403598424598898,2021-08-20
c0160,41.250573,14.609388,-0.5170810818672011,2021-08-21
c0160,41.250573,14.609388,-0.8273213985810081,2021-08-22
c0160,41.250573,14.609388,0.6517486274125176,2021-08-23
c0160,41.250573,14.609388,-0.4541624695598266,2021-08-24
c0160,41.250573,14.609388,-0.0083561325414438,2021-08-25
c0160,41.250573,14.609388,-1.077737329423419,2021-08-26
c0160,41.250573,14.609388,-1.3317645490169063,2021-08-27
c0160,41.250573,14.609388,-0.5969716065636255,2021-08-28
c0160,41.250573,14.609388,-0.0521559127220142,2021-08-29
c0160,41.250573,14.609388,0.0806483835200958,2021-08-30
c0160,41.250573,14.609388,-0.8413372943333333,2021-08-31
c0160,41.250573,14.609388,-1.1417317839677965,2021-09-01
c0160,41.250573,14.609388,-0.9415211057527808,2021-09-02
c0160,41.250573,14.609388,0.2938284575938911,2021-09-03
c0160,41.250573,14.609388,-0.6389656280317504,2021-09-04
c0160,41.250573,14.609388,-0.8442265004320153,2021-09-05
c0160,41.250573,14.609388,-1.990827414294129,2021-09-06
c0160,41.250573,14.609388,-1.2388519381296954,2021-09-07
c0160,41.250573,14.609388,0.0490844845771508,2021-09-08
c0160,41.250573,14.609388,-0.472525125488536,2021-09-09
c0160,41.250573,14.609388,-0.5972683855164168,2021-09-10
c0160,41.250573,14.609388,-1.4838935257496648,2021-09-11
c0160,41.250573,14.609388,-1.7216218558676428,2021-09-12
c0160,41.250573,14.609388,-0.7212439299360225,2021-09-13
c0160,41.250573,14.609388,0.1893266722831906,2021-09-14
c0160,41.250573,14.609388,0.9721971320399276,2021-09-15
c0160,41.250573,14.609388,0.2562375094716136,2021-09-16
c0160,41.250573,14.609388,-1.3289807986665367,2021-09-17
c0160,41.250573,14.609388,-0.5645325586214563,2021-09-18
c0160,41.250573,14.609388,0.3846615301018751,2021-09-19
c0160,41.250573,14.609388,0.4786397945906888,2021-09-20
c0160,41.250573,14.609388,-0.9358883074731872,2021-09-21
c0160,41.250573,14.609388,-0.9662238691418408,2021-09-22
c0160,41.250573,14.609388,-0.1652401519162127,2021-09-23
c0160,41.250573,14.609388,0.4522241868052639,2021-09-24
c0160,41.250573,14.609388,1.2205742545997105,2021-09-25
c0160,41.250573,14.609388,-0.0997097855636066,2021-09-26
c0160,41.250573,14.609388,-0.9957836523767684,2021-09-27
c0160,41.250573,14.609388,-1.717032850615941,2021-09-28
c0160,41.250573,14.609388,-0.1570523583747546,2021-09-30
c0160,41.250573,14.609388,-0.2791236617396184,2021-10-01
c0160,41.250573,14.609388,-1.4227231027641616,2021-10-02
c0160,41.250573,14.609388,-1.2580729294967856,2021-10-03
c0160,41.250573,14.609388,-0.5156474895494089,2021-10-04
c0160,41.250573,14.609388,-0.2818113289031008,2021-10-05
c0160,41.250573,14.609388,-0.3953756031739301,2021-10-06
c0160,41.250573,14.609388,0.0350173941288135,2021-10-07
c0160,41.250573,14.609388,-1.2102472917983678,2021-10-08
c0160,41.250573,14.609388,-1.6946240626160705,2021-10-09
c0160,41.250573,14.609388,-0.0017314743689383,2021-10-10
c0160,41.250573,14.609388,0.0868212856651563,2021-10-11
c0160,41.250573,14.609388,-0.1985206109615109,2021-10-12
c0160,41.250573,14.609388,-1.0912655774564637,2021-10-13
c0160,41.250573,14.609388,-1.4551689624785835,2021-10-15
c0160,41.250573,14.609388,-0.383624518977629,2021-10-16
c0160,41.250573,14.609388,0.0571862734842815,2021-10-17
c0160,41.250573,14.609388,-1.703903630996905,2021-10-18
c0160,41.250573,14.609388,-0.4336100033203464,2021-10-19
c0160,41.250573,14.609388,-0.2805895920611927,2021-10-20
c0160,41.250573,14.609388,0.3649186114096897,2021-10-21
c0160,41.250573,14.609388,-0.2972801979813605,2021-10-22
c0160,41.250573,14.609388,-0.9982755941735624,2021-10-23
c0160,41.250573,14.609388,-2.186501439806167,2021-10-24
c0160,41.250573,14.609388,-1.2323709862524106,2021-10-25
c0160,41.250573,14.609388,1.0973118543625278,2021-10-26
c0160,41.250573,14.609388,0.1454601177129649,2021-10-27
c0160,41.250573,14.609388,-0.1059498954273317,2021-10-28
c0160,41.250573,14.609388,-1.154846707864213,2021-10-29
c0160,41.250573,14.609388,-1.7879179421120543,2021-10-30
c0160,41.250573,14.609388,-1.17699740937175,2021-10-31
c0160,41.250573,14.609388,0.1139541670043025,2021-11-01
c0160,41.250573,14.609388,0.1268397743154651,2021-11-02
c0160,41.250573,14.609388,-1.3520749289458711,2021-11-03
c0160,41.250573,14.609388,-2.191906236110305,2021-11-04
c0160,41.250573,14.609388,-0.869137517531296,2021-11-05
c0160,41.250573,14.609388,-0.465617450885491,2021-11-06
c0160,41.250573,14.609388,0.3017976128082772,2021-11-07
c0160,41.250573,14.609388,-1.0549008569256102,2021-11-08
c0160,41.250573,14.609388,-1.791939442197408,2021-11-09
c0160,41.250573,14.609388,-0.6779304110771941,2021-11-10
c0160,41.250573,14.609388,0.5292795166952471,2021-11-11
c0160,41.250573,14.609388,-0.073993244202173,2021-11-12
c0160,41.250573,14.609388,-0.5029833433999014,2021-11-13
c0160,41.250573,14.609388,-1.434776108341576,2021-11-14
c0160,41.250573,14.609388,-1.4859545798068412,2021-11-15
c0160,41.250573,14.609388,-0.9302015591278529,2021-11-16
c0160,41.250573,14.609388,0.3687971666218842,2021-11-17
c0160,41.250573,14.609388,-0.5449702450794351,2021-11-18
c0160,41.250573,14.609388,-0.3856104605039506,2021-11-19
c0160,41.250573,14.609388,-0.2346921480061792,2021-11-20
c0160,41.250573,14.609388,-0.2414281010338965,2021-11-21
c0160,41.250573,14.609388,0.3542492627955704,2021-11-22
c0160,41.250573,14.609388,0.5424892570190428,2021-11-23
c0160,41.250573,14.609388,-1.5846360582525971,2021-11-24
c0160,41.250573,14.609388,-1.7182003932759542,2021-11-25
c0160,41.250573,14.609388,-1.2495379614611135,2021-11-26
c0160,41.250573,14.609388,0.2821382252420137,2021-11-27
c0160,41.250573,14.609388,-0.2723306310743809,2021-11-28
c0160,41.250573,14.609388,-0.4517830088734311,2021-11-29
c0160,41.250573,14.609388,-0.5160608335983259,2021-11-30
c0160,41.250573,14.609388,-1.1224771137638343,2021-12-01
c0160,41.250573,14.609388,-0.8016991016352009,2021-12-02
c0160,41.250573,14.609388,0.0123445356788882,2021-12-03
c0160,41.250573,14.609388,0.3753901680442263,2021-12-04
c0160,41.250573,14.609388,-1.0509030200344474,2021-12-05
c0160,41.250573,14.609388,-1.7493165282980496,2021-12-06
c0160,41.250573,14.609388,-0.1931587818686468,2021-12-07
c0160,41.250573,14.609388,-0.276192552054757,2021-12-08
c0160,41.250573,14.609388,-0.1898482560945978,2021-12-09
c0160,41.250573,14.609388,-1.516072522174586,2021-12-10
c0160,41.250573,14.609388,-1.4122329412762789,2021-12-12
c0160,41.250573,14.609388,0.6222997483847181,2021-12-13
c0160,41.250573,14.609388,-0.6285610973351193,2021-12-14
c0160,41.250573,14.609388,-0.2005869001150165,2021-12-15
c0160,41.250573,14.609388,-1.1575221248143044,2021-12-16
c0160,41.250573,14.609388,-0.2083722311543135,2021-12-17
c0160,41.250573,14.609388,-0.3748897314071716,2021-12-18
c0160,41.250573,14.609388,0.5159194617157592,2021-12-19
c0160,41.250573,14.609388,0.2681141366593627,2021-12-20
c0160,41.250573,14.609388,-1.3078045120461077,2021-12-21
c0160,41.250573,14.609388,-1.814968318312381,2021-12-22
c0160,41.250573,14.609388,0.2410942283483121,2021-12-23
c0160,41.250573,14.609388,-0.3832753445302072,2021-12-24
c0160,41.250573,14.609388,-0.0466013993269019,2021-12-25
c0160,41.250573,14.609388,-0.8602435886859588,2021-12-26
c0160,41.250573,14.609388,-1.1817150611378755,2021-12-27
c0160,41.250573,14.609388,-0.5465011916289083,2021-12-28
c0160,41.250573,14.609388,0.6291266734537942,2021-12-29
c0160,41.250573,14.609388,0.4890167472006027,2021-12-30
c0160,41.250573,14.609388,0.2674863719171465,2021-12-31
c0160,41.250573,14.609388,-1.2570061739734917,2022-01-01
c0160,41.250573,14.609388,-0.7356880422893557,2022-01-02
c0160,41.250573,14.609388,0.2237947416555071,2022-01-03
c0160,41.250573,14.609388,0.7397013951753789,2022-01-04
c0160,41.250573,14.609388,0.3280357311057976,2022-01-05
c0160,41.250573,14.609388,-0.8893682248988167,2022-01-06
c0160,41.250573,14.609388,-1.2919896588923072,2022-01-07
c0160,41.250573,14.609388,-1.52711267865452,2022-01-08
c0160,41.250573,14.609388,-0.1339102564189589,2022-01-09
c0160,41.250573,14.609388,-0.5866859516040422,2022-01-10
c0160,41.250573,14.609388,-0.9014742489284197,2022-01-11
c0160,41.250573,14.609388,-2.1238657019125387,2022-01-12
c0160,41.250573,14.609388,-0.3179580987671531,2022-01-13
c0160,41.250573,14.609388,0.557041544016457,2022-01-14
c0160,41.250573,14.609388,0.4841267383940866,2022-01-15
c0160,41.250573,14.609388,0.0550635710482187,2022-01-16
c0160,41.250573,14.609388,-0.493699398085065,2022-01-17
c0160,41.250573,14.609388,-0.5098353036654827,2022-01-18
c0160,41.250573,14.609388,0.1247003775818067,2022-01-19
c0160,41.250573,14.609388,-0.2489479814365692,2022-01-20
c0160,41.250573,14.609388,-0.5402765572070874,2022-01-21
c0160,41.250573,14.609388,-0.0865438713258952,2022-01-22
c0160,41.250573,14.609388,-0.3493790557187328,2022-01-23
c0160,41.250573,14.609388,-1.160890178748385,2022-01-24
c0160,41.250573,14.609388,0.354526263895085,2022-01-25
c0160,41.250573,14.609388,0.4376943430594917,2022-01-26
c0160,41.250573,14.609388,-0.329824797411569,2022-01-27
c0160,41.250573,14.609388,-0.8515319259575691,2022-01-28
c0160,41.250573,14.609388,-0.4720022017278084,2022-01-29
c0160,41.250573,14.609388,0.4486209076343027,2022-01-30
c0160,41.250573,14.609388,0.5201005798381315,2022-01-31
c0160,41.250573,14.609388,-1.043767973780653,2022-02-01
c0160,41.250573,14.609388,-0.2737037063933998,2022-02-02
c0160,41.250573,14.609388,-0.2565590893893007,2022-02-03
c0160,41.250573,14.609388,-0.822151941711569,2022-02-04
c0160,41.250573,14.609388,0.324597992114087,2022-02-05
c0160,41.250573,14.609388,-0.1241527229505496,2022-02-06
c0160,41.250573,14.609388,-0.6838255571907338,2022-02-07
c0160,41.250573,14.609388,-0.5544191080419871,2022-02-08
c0160,41.250573,14.609388,-0.0408101064455055,2022-02-09
c0160,41.250573,14.609388,0.3358630113721539,2022-02-10
c0160,41.250573,14.609388,0.5407624460275856,2022-02-11
c0160,41.250573,14.609388,-1.1166480567108052,2022-02-12
c0160,41.250573,14.609388,-1.3349389297328638,2022-02-13
c0160,41.250573,14.609388,-1.255601853132212,2022-02-14
c0160,41.250573,14.609388,-0.0127362413149277,2022-02-15
c0160,41.250573,14.609388,-0.0622815299511301,2022-02-16
c0160,41.250573,14.609388,0.1919734139381043,2022-02-17
c0160,41.250573,14.609388,-1.0879787592093748,2022-02-18
c0160,41.250573,14.609388,-0.971050086236504,2022-02-19
c0160,41.250573,14.609388,,2022-02-20
c0160,41.250573,14.609388,,2022-02-22
c0160,41.250573,14.609388,-0.075900369908749,2022-02-23
c0160,41.250573,14.609388,-0.1919233908279997,2022-02-24
c0160,41.250573,14.609388,-0.3562701386264061,2022-02-25
c0160,41.250573,14.609388,-0.3321498504948115,2022-02-26
c0160,41.250573,14.609388,-0.0497985451974366,2022-02-27
c0160,41.250573,14.609388,-0.7923970714004916,2022-02-28
c0160,41.250573,14.609388,-1.935526843892529,2022-03-01
c0160,41.250573,14.609388,-1.336978085273088,2022-03-02
c0160,41.250573,14.609388,-0.2281563465905199,2022-03-03
c0160,41.250573,14.609388,-0.4383134730770699,2022-03-04
c0160,41.250573,14.609388,-0.2096259896358513,2022-03-05
c0160,41.250573,14.609388,-1.0540793184429014,2022-03-06
c0160,41.250573,14.609388,-1.7576266963209677,2022-03-07
c0160,41.250573,14.609388,-2.112748899786701,2022-03-08
c0160,41.250573,14.609388,0.1137525622775696,2022-03-09
c0160,41.250573,14.609388,0.0419078059494479,2022-03-10
c0160,41.250573,14.609388,-1.2429191890515583,2022-03-11
c0160,41.250573,14.609388,-1.155488437432658,2022-03-12
c0160,41.250573,14.609388,-0.3216286178553724,2022-03-13
c0160,41.250573,14.609388,0.252238053502465,2022-03-14
c0160,41.250573,14.609388,0.1939399346435188,2022-03-15
c0160,41.250573,14.609388,0.0119059304004278,2022-03-16
c0160,41.250573,14.609388,-0.4702323635061618,2022-03-17
c0160,41.250573,14.609388,-1.0124588049854928,2022-03-18
c0160,41.250573,14.609388,0.4924058131947573,2022-03-19
c0160,41.250573,14.609388,-0.5729079980036591,2022-03-20
c0160,41.250573,14.609388,-0.0682654278603211,2022-03-21
c0160,41.250573,14.609388,-1.136654111114178,2022-03-22
c0160,41.250573,14.609388,-0.4435892335823697,2022-03-23
c0160,41.250573,14.609388,-0.3618702642814804,2022-03-24
c0160,41.250573,14.609388,0.1970397206688868,2022-03-25
c0160,41.250573,14.609388,0.2914580607041638,2022-03-26
c0160,41.250573,14.609388,0.6378842767866184,2022-03-27
c0160,41.250573,14.609388,-0.3596408129437051,2022-03-28
c0160,41.250573,14.609388,-1.2098177592947816,2022-03-29
c0160,41.250573,14.609388,0.0811127543578085,2022-03-30
c0160,41.250573,14.609388,-0.4050018550469669,2022-03-31
c0160,41.250573,14.609388,-0.8335267494518912,2022-04-01
c0160,41.250573,14.609388,-1.1165895015877347,2022-04-02
c0160,41.250573,14.609388,-1.6364720353077833,2022-04-03
c0160,41.250573,14.609388,-0.2579378493166308,2022-04-04
c0160,41.250573,14.609388,1.0428082269398604,2022-04-05
c0160,41.250573,14.609388,1.4043666837722624,2022-04-06
c0160,41.250573,14.609388,-0.2250218790914549,2022-04-07
c0160,41.250573,14.609388,-0.1513138438745969,2022-04-08
c0160,41.250573,14.609388,-1.5047722773049883,2022-04-09
c0160,41.250573,14.609388,-0.6382928772555528,2022-04-10
c0160,41.250573,14.609388,0.3626296899284795,2022-04-11
c0160,41.250573,14.609388,-0.01561149499423,2022-04-12
c0160,41.250573,14.609388,-1.5127775659857985,2022-04-13
c0160,41.250573,14.609388,-0.9690267684449662,2022-04-14
c0160,41.250573,14.609388,1.4761848337904508,2022-04-15
c0160,41.250573,14.609388,0.4673017100387417,2022-04-16
c0160,41.250573,14.609388,-1.0126916379347262,2022-04-17
c0160,41.250573,14.609388,-0.1639990948058762,2022-04-18
c0160,41.250573,14.609388,-0.6787479315869207,2022-04-19
c0160,41.250573,14.609388,-0.2669943977904213,2022-04-20
c0160,41.250573,14.609388,-0.2358806684428722,2022-04-21
c0160,41.250573,14.609388,-0.8140815664714968,2022-04-22
c0160,41.250573,14.609388,0.0074961191386051,2022-04-23
c0160,41.250573,14.609388,-0.3474065610376176,2022-04-24
c0160,41.250573,14.609388,-0.6904338950145038,2022-04-25
c0160,41.250573,14.609388,0.1880061132729405,2022-04-26
c0160,41.250573,14.609388,0.0408836193382724,2022-04-27
c0160,41.250573,14.609388,0.0450952607118147,2022-04-28
c0160,41.250573,14.609388,-0.9845625467375068,2022-04-29
c0160,41.250573,14.609388,-0.4854019835064216,2022-04-30
c0160,41.250573,14.609388,-0.0590995465764619,2022-05-01
c0160,41.250573,14.609388,0.069541610582396,2022-05-02
c0160,41.250573,14.609388,-1.4726988128490597,2022-05-03
c0160,41.250573,14.609388,-1.8231247183264792,2022-05-04
c0160,41.250573,14.609388,-1.0283505295398865,2022-05-05
c0160,41.250573,14.609388,-0.4262118778795636,2022-05-06
c0160,41.250573,14.609388,-0.8413217490124696,2022-05-07
c0160,41.250573,14.609388,-0.6985603846384147,2022-05-08
c0160,41.250573,14.609388,-0.8934027811872302,2022-05-09
c0160,41.250573,14.609388,-0.7453212141990416,2022-05-10
c0160,41.250573,14.609388,-0.8370819399472234,2022-05-11
c0160,41.250573,14.609388,-0.1631792423941689,2022-05-12
c0160,41.250573,14.609388,-0.1744119109070392,2022-05-13
c0160,41.250573,14.609388,-0.7276795484815932,2022-05-14
c0160,41.250573,14.609388,-0.6882424587733925,2022-05-15
c0160,41.250573,14.609388,-1.6349074491740951,2022-05-16
c0160,41.250573,14.609388,-0.0207789027008653,2022-05-17
c0160,41.250573,14.609388,0.2886268100276443,2022-05-18
c0160,41.250573,14.609388,0.2035106162552601,2022-05-19
c0160,41.250573,14.609388,-0.1680097308630304,2022-05-20
c0160,41.250573,14.609388,-0.5084331631660506,2022-05-21
c0160,41.250573,14.609388,0.551508307740155,2022-05-22
c0160,41.250573,14.609388,0.649907677218379,2022-05-23
c0160,41.250573,14.609388,0.8849033424839658,2022-05-24
c0160,41.250573,14.609388,-0.1623231809972106,2022-05-25
c0160,41.250573,14.609388,0.1575771505595532,2022-05-26
c0160,41.250573,14.609388,-0.5806966316825747,2022-05-27
c0160,41.250573,14.609388,0.8200856485594391,2022-05-28
c0160,41.250573,14.609388,0.2328517865389842,2022-05-29
c0160,41.250573,14.609388,-0.2472353996066426,2022-05-30
c0160,41.250573,14.609388,-1.642172197834623,2022-05-31
c0160,41.250573,14.609388,-0.0832062463041105,2022-06-01
c0160,41.250573,14.609388,0.5610596503774664,2022-06-02
c0160,41.250573,14.609388,0.7033997237547306,2022-06-03
c0160,41.250573,14.609388,0.7324904392268392,2022-06-04
c0160,41.250573,14.609388,-0.2514210164904681,2022-06-05
c0160,41.250573,14.609388,-0.0361966158369721,2022-06-06
c0160,41.250573,14.609388,0.2434564748712545,2022-06-07
c0160,41.250573,14.609388,0.1978733620013962,2022-06-08
c0160,41.250573,14.609388,-1.1614104807376495,2022-06-09
c0160,41.250573,14.609388,-1.7568045930469058,2022-06-10
c0160,41.250573,14.609388,-1.1143054072158085,2022-06-11
c0160,41.250573,14.609388,-0.1535063356096234,2022-06-12
c0160,41.250573,14.609388,0.4625572535484369,2022-06-13
c0160,41.250573,14.609388,-0.1546626392829002,2022-06-14
c0160,41.250573,14.609388,-0.1002234586759533,2022-06-15
c0160,41.250573,14.609388,-1.3624931523210004,2022-06-16
c0160,41.250573,14.609388,-1.5871253538810854,2022-06-17
c0160,41.250573,14.609388,0.4056004393055008,2022-06-18
c0160,41.250573,14.609388,0.1093097336061509,2022-06-19
c0160,41.250573,14.609388,0.0737252809007845,2022-06-20
c0160,41.250573,14.609388,1.0506717172565878,2022-06-21
c0160,41.250573,14.609388,-0.4350847700730721,2022-06-23
c0160,41.250573,14.609388,-0.5931228778334452,2022-06-24
c0160,41.250573,14.609388,-0.2702932322786882,2022-06-25
c0160,41.250573,14.609388,0.4584732725240972,2022-06-26
c0160,41.250573,14.609388,0.691328868282792,2022-06-27
c0160,41.250573,14.609388,0.8343965685432244,2022-06-28
c0160,41.250573,14.609388,0.5474816010113831,2022-06-29
c0160,41.250573,14.609388,0.2571645181743102,2022-06-30
c0160,41.250573,14.609388,1.0798832224725634,2022-07-01
c0160,41.250573,14.609388,-0.0745072904356172,2022-07-02
c0160,41.250573,14.609388,-0.1455985494449473,2022-07-03
c0160,41.250573,14.609388,0.3826130157820557,2022-07-04
c0160,41.250573,14.609388,0.7267801484218999,2022-07-05
c0160,41.250573,14.609388,-0.3745832958495517,2022-07-06
c0160,41.250573,14.609388,-0.7086901565076392,2022-07-07
c0160,41.250573,14.609388,-1.0260581970214864,2022-07-08
c0160,41.250573,14.609388,-0.1307315220559315,2022-07-09
c0160,41.250573,14.609388,0.0469205104380555,2022-07-10
c0160,41.250573,14.609388,-0.5046591093737881,2022-07-11
c0160,41.250573,14.609388,-0.799485945361592,2022-07-12
c0160,41.250573,14.609388,-0.687807272810171,2022-07-13
c0160,41.250573,14.609388,0.0217391339086324,2022-07-14
c0160,41.250573,14.609388,0.4484025694360589,2022-07-15
c0160,41.250573,14.609388,0.0635567549840281,2022-07-16
c0160,41.250573,14.609388,-0.3960810684793233,2022-07-17
c0160,41.250573,14.609388,-1.2655683748722333,2022-07-18
c0160,41.250573,14.609388,-0.322901862592437,2022-07-19
c0160,41.250573,14.609388,0.1891490422049861,2022-07-20
c0160,41.250573,14.609388,-0.0441580063566701,2022-07-21
c0160,41.250573,14.609388,-0.3433175774751728,2022-07-22
c0160,41.250573,14.609388,-1.172184930117292,2022-07-23
c0160,41.250573,14.609388,-0.494753229508138,2022-07-24
c0160,41.250573,14.609388,-0.1557421467942323,2022-07-25
c0160,41.250573,14.609388,-0.3956137159744216,2022-07-26
c0160,41.250573,14.609388,-0.4345160870818213,2022-07-27
c0160,41.250573,14.609388,-0.2308261464670508,2022-07-28
c0160,41.250573,14.609388,-0.6083296036512913,2022-07-29
c0160,41.250573,14.609388,-0.676553952006102,2022-07-30
c0160,41.250573,14.609388,-0.3206176576808985,2022-07-31
c0160,41.250573,14.609388,0.0221454217007089,2022-08-01
c0160,41.250573,14.609388,-0.0947026349755349,2022-08-02
c0160,41.250573,14.609388,-0.7975512144018292,2022-08-03
c0160,41.250573,14.609388,-1.3729323432716487,2022-08-04
c0160,41.250573,14.609388,-0.8546524388509346,2022-08-05
c0160,41.250573,14.609388,-0.3930528006032948,2022-08-06
c0160,41.250573,14.609388,-1.105168379005142,2022-08-07
c0160,41.250573,14.609388,-0.8861678314402226,2022-08-08
c0160,41.250573,14.609388,-1.384817610771979,2022-08-09
c0160,41.250573,14.609388,-0.6116098532487121,2022-08-10
c0160,41.250573,14.609388,-0.8817345734283105,2022-08-11
c0160,41.250573,14.609388,-0.416757943129345,2022-08-12
c0160,41.250573,14.609388,-0.7798996126804553,2022-08-13
c0160,41.250573,14.609388,-0.6486761811896035,2022-08-14
c0160,41.250573,14.609388,0.0936115709325488,2022-08-15
c0160,41.250573,14.609388,0.0646801376817904,2022-08-16
c0160,41.250573,14.609388,0.6985987862901506,2022-08-17
c0160,41.250573,14.609388,1.548477371934181,2022-08-18
c0160,41.250573,14.609388,-0.5548713654279529,2022-08-19
c0160,41.250573,14.609388,-2.0192236424626024,2022-08-20
c0160,41.250573,14.609388,-0.0178373107110415,2022-08-21
c0160,41.250573,14.609388,0.1710974868672818,2022-08-22
c0160,41.250573,14.609388,-0.9193845926957176,2022-08-23
c0160,41.250573,14.609388,-0.9349890025140792,2022-08-24
c0160,41.250573,14.609388,-0.9800501174692078,2022-08-25
c0160,41.250573,14.609388,-0.4331951109794026,2022-08-26
c0160,41.250573,14.609388,-0.6238451233692718,2022-08-27
c0160,41.250573,14.609388,-0.0421508721093116,2022-08-28
c0160,41.250573,14.609388,-0.8798973060779753,2022-08-29
c0160,41.250573,14.609388,-0.9937789980040096,2022-08-31
c0160,41.250573,14.609388,-0.7046836404074547,2022-09-01
c0160,41.250573,14.609388,-0.1345392763614698,2022-09-02
c0160,41.250573,14.609388,-1.0679970621978143,2022-09-03
c0160,41.250573,14.609388,-1.0948322516211997,2022-09-04
c0160,41.250573,14.609388,-0.3762125888913711,2022-09-05
c0160,41.250573,14.609388,-0.0827622106085351,2022-09-06
c0160,41.250573,14.609388,0.3556554908938835,2022-09-07
c0160,41.250573,14.609388,-0.5224832086030495,2022-09-08
c0160,41.250573,14.609388,-0.8927326884534973,2022-09-09
c0160,41.250573,14.609388,-1.4358952623787438,2022-09-10
c0160,41.250573,14.609388,-0.5344855594689584,2022-09-11
c0160,41.250573,14.609388,0.1384690394124435,2022-09-12
c0160,41.250573,14.609388,0.022540467900309,2022-09-13
c0160,41.250573,14.609388,0.0670672322975174,2022-09-14
c0160,41.250573,14.609388,-1.022603660237636,2022-09-15
c0160,41.250573,14.609388,-0.9316488073045588,2022-09-16
c0160,41.250573,14.609388,0.540178362123736,2022-09-17
c0160,41.250573,14.609388,0.045743457384499,2022-09-18
c0160,41.250573,14.609388,-0.6603664450389356,2022-09-19
c0160,41.250573,14.609388,-1.6032752323988495,2022-09-20
c0160,41.250573,14.609388,-2.223379632783396,2022-09-21
c0160,41.250573,14.609388,-0.3421489163584308,2022-09-22
c0160,41.250573,14.609388,-0.4323044303856027,2022-09-23
c0160,41.250573,14.609388,-0.7106961116044355,2022-09-25
c0160,41.250573,14.609388,-1.5731715999301747,2022-09-26
c0160,41.250573,14.609388,0.0438059151607252,2022-09-27
c0160,41.250573,14.609388,0.3064680607178177,2022-09-28
c0160,41.250573,14.609388,-0.0323837923378223,2022-09-29
c0160,41.250573,14.609388,-1.5851852174086614,2022-09-30
c0160,41.250573,14.609388,-2.3115548952130123,2022-10-01
c0160,41.250573,14.609388,-0.2669948488297305,2022-10-02
c0160,41.250573,14.609388,-0.5224347444276058,2022-10-03
c0160,41.250573,14.609388,-0.0392960256245943,2022-10-04
c0160,41.250573,14.609388,-0.6720003828609162,2022-10-05
c0160,41.250573,14.609388,-1.293696489427835,2022-10-06
c0160,41.250573,14.609388,-1.3836532619450703,2022-10-07
c0160,41.250573,14.609388,0.0277143017079355,2022-10-08
c0160,41.250573,14.609388,0.0808581276881468,2022-10-09
c0160,41.250573,14.609388,-0.871761968681393,2022-10-10
c0160,41.250573,14.609388,-1.0826568093130533,2022-10-11
c0160,41.250573,14.609388,-1.0723650147771615,2022-10-12
c0160,41.250573,14.609388,-0.4387995162604612,2022-10-13
c0160,41.250573,14.609388,-0.0517454645978879,2022-10-14
c0160,41.250573,14.609388,-0.2121718398287421,2022-10-15
c0160,41.250573,14.609388,-0.2513440419167695,2022-10-16
c0160,41.250573,14.609388,-0.2260889583319039,2022-10-17
c0160,41.250573,14.609388,-0.1922094747424065,2022-10-18
c0160,41.250573,14.609388,0.3457981400950919,2022-10-19
c0160,41.250573,14.609388,-0.0361046801229559,2022-10-20
c0160,41.250573,14.609388,-0.8606300451592546,2022-10-21
c0160,41.250573,14.609388,-0.9922712419237448,2022-10-22
c0160,41.250573,14.609388,0.1417479476464426,2022-10-23
c0160,41.250573,14.609388,0.2315268750987689,2022-10-24
c0160,41.250573,14.609388,0.2618888201941197,2022-10-25
c0160,41.250573,14.609388,0.2398276283561394,2022-10-26
c0160,41.250573,14.609388,0.0168063129122207,2022-10-27
c0160,41.250573,14.609388,-0.0493033448873289,2022-10-28
c0160,41.250573,14.609388,0.1492637724663058,2022-10-29
c0160,41.250573,14.609388,0.2145394709169801,2022-10-30
c0160,41.250573,14.609388,0.1011389060345324,2022-10-31
c0160,41.250573,14.609388,-0.3104323502179556,2022-11-01
c0160,41.250573,14.609388,-0.1410655034882844,2022-11-02
c0160,41.250573,14.609388,0.1639564952674717,2022-11-03
c0160,41.250573,14.609388,-0.1081408159807292,2022-11-04
c0160,41.250573,14.609388,-0.4107166561088227,2022-11-05
c0160,41.250573,14.609388,-0.4950406102726908,2022-11-06
c0160,41.250573,14.609388,-0.3433646319768144,2022-11-07
c0160,41.250573,14.609388,-0.2037279544010638,2022-11-08
c0160,41.250573,14.609388,0.2578234834469488,2022-11-09
c0160,41.250573,14.609388,0.3807479656117726,2022-11-10
c0160,41.250573,14.609388,-1.373046131359991,2022-11-11
c0160,41.250573,14.609388,-1.2544708807857607,2022-11-12
c0160,41.250573,14.609388,-1.1748334058141094,2022-11-13
c0160,41.250573,14.609388,0.074892573818882,2022-11-14
c0160,41.250573,14.609388,0.561075796472295,2022-11-15
c0160,41.250573,14.609388,-0.6326327852160306,2022-11-17
c0160,41.250573,14.609388,-0.5920816273156141,2022-11-18
c0160,41.250573,14.609388,-0.5897572040557668,2022-11-19
c0160,41.250573,14.609388,0.2870134003460442,2022-11-20
c0160,41.250573,14.609388,0.060634447231446,2022-11-21
c0160,41.250573,14.609388,-0.8990960493482222,2022-11-22
c0160,41.250573,14.609388,0.2040358036756448,2022-11-23
c0160,41.250573,14.609388,-0.2614858528091776,2022-11-24
c0160,41.250573,14.609388,0.0839768196231597,2022-11-25
c0160,41.250573,14.609388,-0.2777008269311896,2022-11-26
c0160,41.250573,14.609388,-0.6327702518144128,2022-11-27
c0160,41.250573,14.609388,-1.2201278732887102,2022-11-28
c0160,41.250573,14.609388,-1.133980798218303,2022-11-29
c0160,41.250573,14.609388,-0.0481570164362469,2022-11-30
c0160,41.250573,14.609388,0.1294238868981663,2022-12-01
c0160,41.250573,14.609388,-0.6206040680408498,2022-12-02
c0160,41.250573,14.609388,-0.0559172570158374,2022-12-03
c0160,41.250573,14.609388,-0.2115572046709294,2022-12-04
c0160,41.250573,14.609388,-0.2855213742701132,2022-12-05
c0160,41.250573,14.609388,0.2348418835085871,2022-12-06
c0160,41.250573,14.609388,0.0757723170480577,2022-12-07
c0160,41.250573,14.609388,-0.1878338244586776,2022-12-08
c0160,41.250573,14.609388,-1.7890463471411997,2022-12-09
c0160,41.250573,14.609388,1.373212637200385,2022-12-10
c0160,41.250573,14.609388,0.960861457431356,2022-12-11
c0160,41.250573,14.609388,0.1222472994732563,2022-12-12
c0160,41.250573,14.609388,-1.6559764843875295,2022-12-13
c0160,41.250573,14.609388,-0.8395677070227029,2022-12-14
c0160,41.250573,14.609388,-0.4194701249732908,2022-12-15
c0160,41.250573,14.609388,0.4725502979527434,2022-12-16
c0160,41.250573,14.609388,0.6139594106839725,2022-12-17
c0160,41.250573,14.609388,-0.6392507447698355,2022-12-18
c0160,41.250573,14.609388,-0.2258702579174201,2022-12-19
c0160,41.250573,14.609388,-0.1234792350494714,2022-12-20
c0160,41.250573,14.609388,0.5369130750223983,2022-12-21
c0160,41.250573,14.609388,0.1233121440292527,2022-12-22
c0160,41.250573,14.609388,-0.1880604172366257,2022-12-23
c0160,41.250573,14.609388,-0.7528697994001847,2022-12-24
c0160,41.250573,14.609388,-0.3299746828080576,2022-12-25
c0160,41.250573,14.609388,-0.2559371144985229,2022-12-26
c0160,41.250573,14.609388,0.350688662539896,2022-12-27
c0160,41.250573,14.609388,0.4099164401950565,2022-12-28
c0160,41.250573,14.609388,1.0463924407959162,2022-12-29
c0160,41.250573,14.609388,-0.8564239688539477,2022-12-30
c0160,41.250573,14.609388,-0.3913934960212442,2022-12-31
c0160,41.250573,14.609388,0.2464819477834553,2023-01-01
c0160,41.250573,14.609388,0.6155425670130029,2023-01-02
c0160,41.250573,14.609388,-0.4310264547895119,2023-01-03
c0160,41.250573,14.609388,-0.3493786604200961,2023-01-04
c0160,41.250573,14.609388,0.1471537058082507,2023-01-05
c0160,41.250573,14.609388,-0.0859700688073835,2023-01-06
c0160,41.250573,14.609388,0.0730181243015316,2023-01-07
c0160,41.250573,14.609388,-0.0365481302142131,2023-01-08
c0160,41.250573,14.609388,-1.557406247774907,2023-01-09
c0160,41.250573,14.609388,-2.972946516233541,2023-01-10
c0160,41.250573,14.609388,0.0275251671262313,2023-01-11
c0160,41.250573,14.609388,0.4460101446704188,2023-01-12
c0160,41.250573,14.609388,0.2038585986048107,2023-01-13
c0160,41.250573,14.609388,-0.3469763317496608,2023-01-14
c0160,41.250573,14.609388,-0.3674027562945966,2023-01-15
c0160,41.250573,14.609388,-1.526920070489085,2023-01-16
c0160,41.250573,14.609388,-0.2668021511516133,2023-01-18
c0160,41.250573,14.609388,-0.1889248586636195,2023-01-19
c0160,41.250573,14.609388,-1.1263748983626627,2023-01-20
c0160,41.250573,14.609388,-0.373376995325105,2023-01-21
c0160,41.250573,14.609388,-0.6456740255287066,2023-01-22
c0160,41.250573,14.609388,-0.5039407906193445,2023-01-23
c0160,41.250573,14.609388,0.0932333972414684,2023-01-24
c0160,41.250573,14.609388,-0.8855322441913729,2023-01-25
c0160,41.250573,14.609388,-1.3800755840312724,2023-01-26
c0160,41.250573,14.609388,-1.5991783524613397,2023-01-27
c0160,41.250573,14.609388,0.0376222296414967,2023-01-28
c0160,41.250573,14.609388,-1.058342573321051,2023-01-29
c0160,41.250573,14.609388,-0.3442773457167092,2023-01-30
c0160,41.250573,14.609388,-0.8535716956852029,2023-01-31
c0160,41.250573,14.609388,-0.2163894440444435,2023-02-01
c0160,41.250573,14.609388,0.1615978878947588,2023-02-02
c0160,41.250573,14.609388,0.1579465136929659,2023-02-03
c0160,41.250573,14.609388,-0.1290005745830338,2023-02-04
c0160,41.250573,14.609388,-0.6174634577132022,2023-02-05
c0160,41.250573,14.609388,-0.635674618856108,2023-02-06
c0160,41.250573,14.609388,-1.249907201642687,2023-02-07
c0160,41.250573,14.609388,-0.8036965266588084,2023-02-08
c0160,41.250573,14.609388,-0.5992003169721689,2023-02-09
c0160,41.250573,14.609388,-1.0957880289084356,2023-02-10
c0160,41.250573,14.609388,-0.3449972757124737,2023-02-11
c0160,41.250573,14.609388,-1.5138079524041892,2023-02-12
c0160,41.250573,14.609388,0.0149467776099135,2023-02-13
c0160,41.250573,14.609388,0.046239901813079,2023-02-14
c0160,41.250573,14.609388,-0.177236540341783,2023-02-15
c0160,41.250573,14.609388,-0.9813759971663863,2023-02-16
c0160,41.250573,14.609388,-0.6442722976207521,2023-02-17
c0160,41.250573,14.609388,-0.0734861878476247,2023-02-18
c0160,41.250573,14.609388,-0.1860869642485482,2023-02-19
c0160,41.250573,14.609388,-0.4911041317622339,2023-02-20
c0160,41.250573,14.609388,-1.0967602324777177,2023-02-21
c0160,41.250573,14.609388,-0.4964825082042391,2023-02-22
c0160,41.250573,14.609388,0.3960751524459605,2023-02-23
c0160,41.250573,14.609388,0.2549711450369499,2023-02-24
c0160,41.250573,14.609388,0.0263504796152525,2023-02-25
c0160,41.250573,14.609388,-0.8443690707057038,2023-02-26
c0160,41.250573,14.609388,-1.1546465535800297,2023-02-27
c0160,41.250573,14.609388,-0.8142444084326407,2023-02-28
c0160,41.250573,14.609388,0.0396484559116406,2023-03-01
c0160,41.250573,14.609388,-0.5511447614424434,2023-03-02
c0160,41.250573,14.609388,-1.0703029292490005,2023-03-03
c0160,41.250573,14.609388,-0.6740306549780027,2023-03-04
c0160,41.250573,14.609388,-0.2758774662609679,2023-03-05
c0160,41.250573,14.609388,-0.3513339222386553,2023-03-06
c0160,41.250573,14.609388,0.1150748182296162,2023-03-07
c0160,41.250573,14.609388,0.20151227182591,2023-03-08
c0160,41.250573,14.609388,-0.330179429983128,2023-03-09
c0160,41.250573,14.609388,-0.6172276092590464,2023-03-10
c0160,41.250573,14.609388,-1.5064616245113696,2023-03-11
c0160,41.250573,14.609388,-0.4811482342390689,2023-03-12
c0160,41.250573,14.609388,0.0691297265911378,2023-03-13
c0160,41.250573,14.609388,-0.3160411841242405,2023-03-14
c0160,41.250573,14.609388,-1.1501372360404143,2023-03-15
c0160,41.250573,14.609388,-0.293585766696466,2023-03-16
c0160,41.250573,14.609388,0.2970407831325725,2023-03-17
c0160,41.250573,14.609388,-0.1169151926146698,2023-03-18
c0160,41.250573,14.609388,-0.3899155770575349,2023-03-19
c0160,41.250573,14.609388,-0.7778675577469734,2023-03-20
c0160,41.250573,14.609388,-2.2615372051736697,2023-03-21
c0160,41.250573,14.609388,-0.1579306693487032,2023-03-22
c0160,41.250573,14.609388,-0.173377936159699,2023-03-23
c0160,41.250573,14.609388,-0.3000009585428798,2023-03-24
c0160,41.250573,14.609388,-0.4326851439899766,2023-03-25
c0160,41.250573,14.609388,-0.3250570040258833,2023-03-26
c0160,41.250573,14.609388,-1.3875996676389062,2023-03-27
c0160,41.250573,14.609388,-0.0248724815654202,2023-03-28
c0160,41.250573,14.609388,-0.0266086320481853,2023-03-29
c0160,41.250573,14.609388,-0.1688498608489188,2023-03-30
c0160,41.250573,14.609388,-1.18495763513873,2023-03-31
c0160,41.250573,14.609388,-1.3188719102631168,2023-04-01
c0160,41.250573,14.609388,-0.8832904166756588,2023-04-02
c0160,41.250573,14.609388,-0.7775641897968282,2023-04-03
c0160,41.250573,14.609388,-0.7495202022592999,2023-04-04
c0160,41.250573,14.609388,-1.074061248088627,2023-04-05
c0160,41.250573,14.609388,-0.7985168073652733,2023-04-06
c0160,41.250573,14.609388,-0.2732312376868262,2023-04-07
c0160,41.250573,14.609388,-0.4630243841339579,2023-04-08
c0160,41.250573,14.609388,0.5301905137694777,2023-04-09
c0160,41.250573,14.609388,-1.5813755496432451,2023-04-10
c0160,41.250573,14.609388,-1.5734070373916331,2023-04-11
c0160,41.250573,14.609388,-0.5178435482069441,2023-04-12
c0160,41.250573,14.609388,-0.106564646067641,2023-04-13
c0160,41.250573,14.609388,-0.8777376923426707,2023-04-14
c0160,41.250573,14.609388,-0.742843188550732,2023-04-15
c0160,41.250573,14.609388,-1.7115030580408228,2023-04-16
c0160,41.250573,14.609388,-1.590484563432613,2023-04-17
c0160,41.250573,14.609388,-0.7418460372637531,2023-04-18
c0160,41.250573,14.609388,-0.1662139012442487,2023-04-19
c0160,41.250573,14.609388,-0.2127720810837408,2023-04-20
c0160,41.250573,14.609388,-0.9050688470194024,2023-04-21
c0160,41.250573,14.609388,-0.9012318247627266,2023-04-22
c0160,41.250573,14.609388,-0.3584821086231667,2023-04-23
c0160,41.250573,14.609388,-0.7822594819149472,2023-04-24
c0160,41.250573,14.609388,-0.728153660893464,2023-04-25
c0160,41.250573,14.609388,-0.0799531160271688,2023-04-26
c0160,41.250573,14.609388,-0.3470457335444066,2023-04-27
c0160,41.250573,14.609388,-0.3039741693725419,2023-04-28
c0160,41.250573,14.609388,-0.2702020538218008,2023-04-29
c0160,41.250573,14.609388,-0.3480574417298876,2023-04-30
c0160,41.250573,14.609388,-0.1911228418356584,2023-05-01
c0160,41.250573,14.609388,-0.8503461486528935,2023-05-02
c0160,41.250573,14.609388,-1.3973713948286437,2023-05-03
c0160,41.250573,14.609388,-0.9211169634680214,2023-05-04
c0160,41.250573,14.609388,-0.1055347817216598,2023-05-05
c0160,41.250573,14.609388,-0.7660754952673406,2023-05-06
c0160,41.250573,14.609388,-0.8734117854076985,2023-05-07
c0160,41.250573,14.609388,-0.7225464908668412,2023-05-08
c0160,41.250573,14.609388,-0.5678476644633508,2023-05-09
c0160,41.250573,14.609388,-0.3650986635132118,2023-05-10
c0160,41.250573,14.609388,-0.512952107513828,2023-05-11
c0160,41.250573,14.609388,-0.3370051283960829,2023-05-12
c0160,41.250573,14.609388,-0.8050583021264675,2023-05-13
c0160,41.250573,14.609388,-0.2703794035854597,2023-05-14
c0160,41.250573,14.609388,-0.7015732880209822,2023-05-15
c0160,41.250573,14.609388,-0.1989094668403994,2023-05-16
c0160,41.250573,14.609388,0.1107864205298357,2023-05-17
c0160,41.250573,14.609388,-1.4732757765166191,2023-05-18
c0160,41.250573,14.609388,-1.48630075045791,2023-05-19
c0160,41.250573,14.609388,-0.3168953034941761,2023-05-20
c0160,41.250573,14.609388,-1.1695002125497915,2023-05-21
c0160,41.250573,14.609388,-0.700316957685106,2023-05-22
c0160,41.250573,14.609388,-1.536333274417409,2023-05-23
c0160,41.250573,14.609388,-1.1377841861496645,2023-05-24
c0160,41.250573,14.609388,-0.22630410694655,2023-05-25
c0160,41.250573,14.609388,-0.5562428092447462,2023-05-26
c0160,41.250573,14.609388,-0.6601254920977939,2023-05-27
c0160,41.250573,14.609388,-0.23495313155979,2023-05-28
c0160,41.250573,14.609388,-0.4711519576598277,2023-05-29
c0160,41.250573,14.609388,-1.6539206151936865,2023-05-30
c0160,41.250573,14.609388,-0.6249619427521567,2023-05-31
c0160,41.250573,14.609388,-1.1705438000707613,2023-06-01
c0160,41.250573,14.609388,-0.7012478558943198,2023-06-02
c0160,41.250573,14.609388,-1.4192559723682028,2023-06-03
c0160,41.250573,14.609388,-1.6593156165412468,2023-06-04
c0160,41.250573,14.609388,-0.4268224315431513,2023-06-05
c0160,41.250573,14.609388,-0.9249697092108286,2023-06-06
c0160,41.250573,14.609388,-0.8906969000034068,2023-06-07
c0160,41.250573,14.609388,-0.9900168247294452,2023-06-08
c0160,41.250573,14.609388,-1.267734840314,2023-06-09
c0160,41.250573,14.609388,0.2888320879228654,2023-06-10
c0160,41.250573,14.609388,-0.2560818532073453,2023-06-11
c0160,41.250573,14.609388,0.9084476115218338,2023-06-12
c0160,41.250573,14.609388,-0.6199154768671126,2023-06-13
c0160,41.250573,14.609388,-1.1632221043109463,2023-06-14
c0160,41.250573,14.609388,-1.3612976945422086,2023-06-15
c0160,41.250573,14.609388,-0.594658498315471,2023-06-16
c0160,41.250573,14.609388,-0.0728626964762404,2023-06-17
c0160,41.250573,14.609388,-0.0859830056035292,2023-06-18
c0160,41.250573,14.609388,-0.994629424212674,2023-06-19
c0160,41.250573,14.609388,0.4695329196211503,2023-06-20
c0160,41.250573,14.609388,1.4732187688350165,2023-06-21
c0160,41.250573,14.609388,1.5265354992772335,2023-06-22
c0160,41.250573,14.609388,0.9059023422056784,2023-06-23
c0160,41.250573,14.609388,-0.25928114880708,2023-06-24
c0160,41.250573,14.609388,-0.9927411043362828,2023-06-25
c0160,41.250573,14.609388,0.0316954937645875,2023-06-26
c0160,41.250573,14.609388,-0.0708125220493073,2023-06-27
c0160,41.250573,14.609388,-0.4075157541156127,2023-06-28
c0160,41.250573,14.609388,-0.64815846052818,2023-06-29
c0160,41.250573,14.609388,-0.95114975551222,2023-06-30
c0160,41.250573,14.609388,-1.3355785806589568,2023-07-01
c0160,41.250573,14.609388,-1.7963129749238549,2023-07-02
c0160,41.250573,14.609388,-0.8991789505045156,2023-07-03
c0160,41.250573,14.609388,-0.6841700774458662,2023-07-04
c0160,41.250573,14.609388,-0.6650722534034773,2023-07-05
c0160,41.250573,14.609388,-0.5639402088223976,2023-07-06
c0160,41.250573,14.609388,-0.2682992924133793,2023-07-07
c0160,41.250573,14.609388,0.879845454994797,2023-07-08
c0160,41.250573,14.609388,0.0567206829895927,2023-07-09
c0160,41.250573,14.609388,-0.2336352280177612,2023-07-10
c0160,41.250573,14.609388,-0.4407114804362919,2023-07-11
c0160,41.250573,14.609388,0.8362360201307367,2023-07-12
c0160,41.250573,14.609388,0.8918728603980949,2023-07-13
c0160,41.250573,14.609388,0.1146191472164904,2023-07-14
c0160,41.250573,14.609388,-0.0045088557259548,2023-07-15
c0160,41.250573,14.609388,0.5979252916933764,2023-07-16
c0160,41.250573,14.609388,0.5087750655688863,2023-07-17
c0160,41.250573,14.609388,0.7476771071869222,2023-07-18
c0160,41.250573,14.609388,0.610986187227064,2023-07-20
c0160,41.250573,14.609388,0.2667437726109569,2023-07-21
c0160,41.250573,14.609388,-0.1404318522079784,2023-07-22
c0160,41.250573,14.609388,0.4466252211359485,2023-07-23
c0160,41.250573,14.609388,0.7471712348319492,2023-07-24
c0160,41.250573,14.609388,0.3097141237894819,2023-07-25
c0160,41.250573,14.609388,-0.9205985396240636,2023-07-26
c0160,41.250573,14.609388,-1.0932601300954292,2023-07-27
c0160,41.250573,14.609388,0.2700720266150059,2023-07-28
c0160,41.250573,14.609388,-0.1430232927607406,2023-07-29
c0160,41.250573,14.609388,-0.2697785460740677,2023-07-30
c0160,41.250573,14.609388,-1.146124805930527,2023-07-31
c0160,41.250573,14.609388,-0.8326954868524672,2023-08-01
c0160,41.250573,14.609388,-0.955844022901462,2023-08-02
c0160,41.250573,14.609388,-0.0026553927604831,2023-08-03
c0160,41.250573,14.609388,-0.1013203935592562,2023-08-04
c0160,41.250573,14.609388,-1.433303202364522,2023-08-05
c0160,41.250573,14.609388,-1.057605478895569,2023-08-06
c0160,41.250573,14.609388,-1.3061943944943848,2023-08-07
c0160,41.250573,14.609388,-0.5190430688420296,2023-08-10
c0160,41.250573,14.609388,-0.2852301804625832,2023-08-11
c0160,41.250573,14.609388,-0.0725226555813222,2023-08-12
c0160,41.250573,14.609388,,2023-08-13
c0160,41.250573,14.609388,-0.004945617401973,2023-08-14
c0160,41.250573,14.609388,,2023-08-15
c0160,41.250573,14.609388,-1.5864037317226474,2023-08-16
c0160,41.250573,14.609388,-0.8485327987387543,2023-08-17
c0160,41.250573,14.609388,-0.6997067930683367,2023-08-18
c0160,41.250573,14.609388,0.0185181512999322,2023-08-19
c0160,41.250573,14.609388,-0.8690741914490266,2023-08-20
c0160,41.250573,14.609388,-0.5711090246958629,2023-08-21
c0160,41.250573,14.609388,-1.100157202211422,2023-08-22
c0160,41.250573,14.609388,-0.8023391772585579,2023-08-23
c0160,41.250573,14.609388,0.0122346809194948,2023-08-24
c0160,41.250573,14.609388,0.0366669524473937,2023-08-25
c0160,41.250573,14.609388,-0.1424089582102011,2023-08-26
c0160,41.250573,14.609388,-0.191747480357179,2023-08-27
c0160,41.250573,14.609388,-0.5487465090903452,2023-08-28
c0160,41.250573,14.609388,0.6297804366212275,2023-08-29
c0160,41.250573,14.609388,1.5139692077638012,2023-08-30
c0160,41.250573,14.609388,0.076235173561879,2023-08-31
c0160,41.250573,14.609388,-0.3152182953912094,2023-09-01
c0160,41.250573,14.609388,-1.1213177261261076,2023-09-02
c0160,41.250573,14.609388,-1.1990134843681464,2023-09-03
c0160,41.250573,14.609388,-0.0645560732956408,2023-09-04
c0160,41.250573,14.609388,-0.225342095523336,2023-09-05
c0160,41.250573,14.609388,-0.8625280306430416,2023-09-06
c0160,41.250573,14.609388,-1.3241911545592258,2023-09-07
c0160,41.250573,14.609388,-1.346920989511504,2023-09-08
c0160,41.250573,14.609388,-0.2527279577341207,2023-09-09
c0160,41.250573,14.609388,-0.0790277709919109,2023-09-10
c0160,41.250573,14.609388,-0.0999368379766141,2023-09-11
c0160,41.250573,14.609388,-0.2281726074065864,2023-09-12
c0160,41.250573,14.609388,-1.9799426730338576,2023-09-13
c0160,41.250573,14.609388,0.1927125157528439,2023-09-14
c0160,41.250573,14.609388,-0.7731865029490212,2023-09-15
c0160,41.250573,14.609388,-0.2148961777126557,2023-09-16
c0160,41.250573,14.609388,-0.1100307827592637,2023-09-17
c0160,41.250573,14.609388,0.0161249696253532,2023-09-18
c0160,41.250573,14.609388,-0.8624362271838616,2023-09-19
c0160,41.250573,14.609388,-0.0295483567633212,2023-09-20
c0160,41.250573,14.609388,-0.1024715955244416,2023-09-21
c0160,41.250573,14.609388,-1.0802073188180965,2023-09-22
c0160,41.250573,14.609388,-0.9413233478925124,2023-09-23
c0160,41.250573,14.609388,-0.6842164561992383,2023-09-24
c0160,41.250573,14.609388,0.4261658415198571,2023-09-25
c0160,41.250573,14.609388,0.0255302842846984,2023-09-26
c0160,41.250573,14.609388,-0.1469074139313619,2023-09-27
c0160,41.250573,14.609388,-0.5800042967810285,2023-09-28
c0160,41.250573,14.609388,-0.7818169669102026,2023-09-29
c0160,41.250573,14.609388,-0.0358119933711922,2023-09-30
c0160,41.250573,14.609388,0.039052605087717,2023-10-01
c0160,41.250573,14.609388,-0.1007864717394083,2023-10-02
c0160,41.250573,14.609388,-0.0460203323746109,2023-10-03
c0160,41.250573,14.609388,-0.2558756772285495,2023-10-04
c0160,41.250573,14.609388,-0.5783301960495367,2023-10-05
c0160,41.250573,14.609388,0.0659944658155394,2023-10-06
c0160,41.250573,14.609388,-0.7822579086507913,2023-10-07
c0160,41.250573,14.609388,-0.085714563727376,2023-10-08
c0160,41.250573,14.609388,0.0171540357616082,2023-10-09
c0160,41.250573,14.609388,0.0933935403136471,2023-10-10
c0160,41.250573,14.609388,0.320334376580455,2023-10-11
c0160,41.250573,14.609388,0.1874917101394564,2023-10-12
c0160,41.250573,14.609388,-0.2580400706447858,2023-10-13
c0160,41.250573,14.609388,-0.451288614076347,2023-10-14
c0160,41.250573,14.609388,-0.8737898157524067,2023-10-15
c0160,41.250573,14.609388,0.1023630729624772,2023-10-16
c0160,41.250573,14.609388,-0.9428539313725952,2023-10-17
c0160,41.250573,14.609388,-0.2978414694909187,2023-10-18
c0160,41.250573,14.609388,-1.4408813470360833,2023-10-19
c0160,41.250573,14.609388,-1.365822713164171,2023-10-20
c0160,41.250573,14.609388,-0.8731334918288612,2023-10-21
c0160,41.250573,14.609388,0.1698978281203129,2023-10-22
c0160,41.250573,14.609388,0.5432258574830813,2023-10-23
c0160,41.250573,14.609388,0.2137023655601517,2023-10-24
c0160,41.250573,14.609388,-0.7800561292453865,2023-10-25
c0160,41.250573,14.609388,-0.8051697601133073,2023-10-26
c0160,41.250573,14.609388,-0.1195741809899137,2023-10-27
c0160,41.250573,14.609388,0.5265385527204502,2023-10-28
c0160,41.250573,14.609388,-0.4875579651980616,2023-10-29
c0160,41.250573,14.609388,-0.7165470512149891,2023-10-30
c0160,41.250573,14.609388,-1.5479468607693383,2023-10-31
c0160,41.250573,14.609388,-0.1950093466293982,2023-11-01
c0160,41.250573,14.609388,0.4383403392198303,2023-11-02
c0160,41.250573,14.609388,-0.0309812098784637,2023-11-03
c0160,41.250573,14.609388,-0.1845503255366167,2023-11-04
c0160,41.250573,14.609388,-1.0387631314754553,2023-11-05
c0160,41.250573,14.609388,-0.2482796492674271,2023-11-06
c0160,41.250573,14.609388,-0.1869568307061661,2023-11-07
c0160,41.250573,14.609388,-0.3483900427818304,2023-11-08
c0160,41.250573,14.609388,-0.5072693558906963,2023-11-09
c0160,41.250573,14.609388,0.3005785609691471,2023-11-10
c0160,41.250573,14.609388,-0.2223540009544086,2023-11-11
c0160,41.250573,14.609388,0.026154011903207,2023-11-12
c0160,41.250573,14.609388,0.4558755517126414,2023-11-13
c0160,41.250573,14.609388,0.4272167957928703,2023-11-14
c0160,41.250573,14.609388,0.1291403174400287,2023-11-15
c0160,41.250573,14.609388,-0.2340886763622811,2023-11-16
c0160,41.250573,14.609388,0.9722540606960456,2023-11-17
c0160,41.250573,14.609388,0.3318627909513446,2023-11-18
c0160,41.250573,14.609388,-0.2841830998659052,2023-11-19
c0160,41.250573,14.609388,-1.0725960731506,2023-11-20
c0160,41.250573,14.609388,-0.8878394045591743,2023-11-21
c0160,41.250573,14.609388,-0.6546679362137748,2023-11-23
c0160,41.250573,14.609388,-0.0064989210926565,2023-11-24
c0160,41.250573,14.609388,-1.2047037489086003,2023-11-25
c0160,41.250573,14.609388,-0.3267489143472387,2023-11-26
c0160,41.250573,14.609388,-0.3361017519093597,2023-11-27
c0160,41.250573,14.609388,-0.1103913486003958,2023-11-28
c0160,41.250573,14.609388,0.3436611336468914,2023-11-29
c0160,41.250573,14.609388,-0.7105777710675991,2023-11-30
c0160,41.250573,14.609388,-0.3980907258675299,2023-12-01
c0160,41.250573,14.609388,-1.0150359437285432,2023-12-02
c0160,41.250573,14.609388,0.4052333221411855,2023-12-03
c0160,41.250573,14.609388,0.3064232345847733,2023-12-04
c0160,41.250573,14.609388,-1.094284054930743,2023-12-05
c0160,41.250573,14.609388,-0.7760148253314477,2023-12-06
c0160,41.250573,14.609388,-0.5022149611196124,2023-12-07
c0160,41.250573,14.609388,0.0906533923832925,2023-12-08
c0160,41.250573,14.609388,0.0945168542742569,2023-12-09
c0160,41.250573,14.609388,-0.653469264507237,2023-12-10
c0160,41.250573,14.609388,-0.907296657562275,2023-12-11
c0160,41.250573,14.609388,-1.0165266904883057,2023-12-12
c0160,41.250573,14.609388,0.6693250331563373,2023-12-13
c0160,41.250573,14.609388,0.5227231784209023,2023-12-14
c0160,41.250573,14.609388,-0.2108464710132307,2023-12-15
c0160,41.250573,14.609388,-0.8502871119315235,2023-12-16
c0160,41.250573,14.609388,-0.605444073787949,2023-12-17
c0160,41.250573,14.609388,-0.140028187550453,2023-12-18
c0160,41.250573,14.609388,0.2683621651463603,2023-12-19
c0160,41.250573,14.609388,0.771125812679794,2023-12-20
c0160,41.250573,14.609388,-0.103026934232377,2023-12-21
c0160,41.250573,14.609388,-0.3423914792891175,2023-12-22
c0160,41.250573,14.609388,-0.0475833741045267,2023-12-23
c0160,41.250573,14.609388,0.2261206081393095,2023-12-24
c0160,41.250573,14.609388,-0.1591987296758013,2023-12-25
c0160,41.250573,14.609388,-0.1432579304668782,2023-12-26
c0160,41.250573,14.609388,-0.10806166818196,2023-12-27
c0160,41.250573,14.609388,-0.944101793347073,2023-12-28
c0160,41.250573,14.609388,-0.6285011384972103,2023-12-29
c0160,41.250573,14.609388,0.2664208789853091,2023-12-30
c0160,41.250573,14.609388,0.614272619493324,2023-12-31
c0160,41.250573,14.609388,-0.0257476601626466,2024-01-01
c0160,41.250573,14.609388,0.058785184791082,2024-01-02
c0160,41.250573,14.609388,-0.6824707810040028,2024-01-03
c0160,41.250573,14.609388,0.5643707797421043,2024-01-04
c0160,41.250573,14.609388,0.2975920272558262,2024-01-05
c0160,41.250573,14.609388,-1.1789224147795967,2024-01-06
c0160,41.250573,14.609388,-2.3818280001507084,2024-01-07
c0160,41.250573,14.609388,-1.6270396404045473,2024-01-08
c0160,41.250573,14.609388,-1.778014994395328,2024-01-09
c0160,41.250573,14.609388,0.3659106825070753,2024-01-10
c0160,41.250573,14.609388,-1.0799409709322665,2024-01-11
c0160,41.250573,14.609388,-0.5688759925231931,2024-01-12
c0160,41.250573,14.609388,-0.1917453764356828,2024-01-13
c0160,41.250573,14.609388,1.001006792493975,2024-01-14
c0160,41.250573,14.609388,-0.1979077611648821,2024-01-15
c0160,41.250573,14.609388,0.366149561641448,2024-01-16
c0160,41.250573,14.609388,-0.7454871517844031,2024-01-17
c0160,41.250573,14.609388,-0.4382169709232552,2024-01-18
c0160,41.250573,14.609388,-0.4156405634930335,2024-01-19
c0160,41.250573,14.609388,-0.1346794397986908,2024-01-20
c0160,41.250573,14.609388,0.0192739665508261,2024-01-21
c0160,41.250573,14.609388,-0.1831574673771413,2024-01-22
c0160,41.250573,14.609388,-1.2145340832878435,2024-01-23
c0160,41.250573,14.609388,-0.2208350012400497,2024-01-24
c0160,41.250573,14.609388,0.2975307660545231,2024-01-25
c0160,41.250573,14.609388,-0.0696290327406056,2024-01-26
c0160,41.250573,14.609388,-0.5952019462901074,2024-01-27
c0160,41.250573,14.609388,-0.2110850685205982,2024-01-28
c0160,41.250573,14.609388,-0.2851966974881098,2024-01-29
c0160,41.250573,14.609388,-0.1160638285164154,2024-01-30
c0160,41.250573,14.609388,0.0716023338899206,2024-01-31
c0160,41.250573,14.609388,-0.0526845355410705,2024-02-01
c0160,41.250573,14.609388,-0.413572353217474,2024-02-02
c0160,41.250573,14.609388,-0.3130812408165661,2024-02-03
c0160,41.250573,14.609388,-0.757281585828572,2024-02-04
c0160,41.250573,14.609388,-0.2260426166058974,2024-02-05
c0160,41.250573,14.609388,0.3429779893422596,2024-02-06
c0160,41.250573,14.609388,-0.5980716946475586,2024-02-07
c0160,41.250573,14.609388,-0.2504010755006093,2024-02-08
c0160,41.250573,14.609388,-1.144599770388244,2024-02-09
c0160,41.250573,14.609388,-0.846127697100364,2024-02-10
c0160,41.250573,14.609388,0.0305372140712951,2024-02-11
c0160,41.250573,14.609388,-0.0491110619157784,2024-02-12
c0160,41.250573,14.609388,-1.046674615819586,2024-02-13
c0160,41.250573,14.609388,-1.7869818377699362,2024-02-14
c0160,41.250573,14.609388,-0.0232722390164988,2024-02-15
c0160,41.250573,14.609388,0.3538742755064698,2024-02-16
c0160,41.250573,14.609388,0.2015180891021743,2024-02-17
c0160,41.250573,14.609388,-0.1680366601867254,2024-02-18
c0160,41.250573,14.609388,-1.3886390475243335,2024-02-19
c0160,41.250573,14.609388,-2.0131742860161816,2024-02-20
c0160,41.250573,14.609388,0.1985003049501948,2024-02-21
c0160,41.250573,14.609388,0.2626774456682707,2024-02-22
c0160,41.250573,14.609388,-0.4206391780853296,2024-02-23
c0160,41.250573,14.609388,-0.732067906448908,2024-02-24
c0160,41.250573,14.609388,-1.6028513006863072,2024-02-25
c0160,41.250573,14.609388,-0.2231547902375425,2024-02-26
c0160,41.250573,14.609388,0.9136474227121224,2024-02-27
c0160,41.250573,14.609388,0.8327280882615233,2024-02-28
c0160,41.250573,14.609388,-0.0545713153008213,2024-02-29
c0160,41.250573,14.609388,-1.791686731677921,2024-03-01
c0160,41.250573,14.609388,-0.1815096179547122,2024-03-02
c0160,41.250573,14.609388,0.2187905224324645,2024-03-03
c0160,41.250573,14.609388,-0.529506162520578,2024-03-04
c0160,41.250573,14.609388,-0.2164783795901097,2024-03-05
c0160,41.250573,14.609388,-1.1662484797713526,2024-03-06
c0160,41.250573,14.609388,-1.3873406052588904,2024-03-07
c0160,41.250573,14.609388,-0.0827273107164533,2024-03-08
c0160,41.250573,14.609388,-0.3948973969537115,2024-03-09
c0160,41.250573,14.609388,-0.440419393308899,2024-03-10
c0160,41.250573,14.609388,-0.5945049633591423,2024-03-11
c0160,41.250573,14.609388,-1.020892399514898,2024-03-12
c0160,41.250573,14.609388,-1.046155424164972,2024-03-13
c0160,41.250573,14.609388,-0.3222562720119232,2024-03-14
c0160,41.250573,14.609388,-0.4935432003803194,2024-03-15
c0160,41.250573,14.609388,-0.0068006791176117,2024-03-16
c0160,41.250573,14.609388,-1.2348781824111628,2024-03-17
c0160,41.250573,14.609388,-0.7093945576025423,2024-03-18
c0160,41.250573,14.609388,-0.4255758225917981,2024-03-19
c0160,41.250573,14.609388,0.0765129870060704,2024-03-20
c0160,41.250573,14.609388,-0.5247761166699074,2024-03-21
c0160,41.250573,14.609388,-0.2011311246649862,2024-03-22
c0160,41.250573,14.609388,0.1361213487748738,2024-03-23
c0160,41.250573,14.609388,0.1103093637441796,2024-03-24
c0160,41.250573,14.609388,0.7909353211854414,2024-03-25
c0160,41.250573,14.609388,-0.2763046036733564,2024-03-26
c0160,41.250573,14.609388,-0.1201623699170331,2024-03-27
c0160,41.250573,14.609388,-0.5357540094363776,2024-03-28
c0160,41.250573,14.609388,0.0294562720998112,2024-03-29
c0160,41.250573,14.609388,2.587995877161537,2024-03-30
c0160,41.250573,14.609388,1.0291187661803978,2024-03-31
c0160,41.250573,14.609388,0.9382875763036996,2024-04-01
c0160,41.250573,14.609388,-0.840248654418585,2024-04-02
c0160,41.250573,14.609388,-1.4121034512427353,2024-04-03
c0160,41.250573,14.609388,0.4244646439192148,2024-04-04
c0160,41.250573,14.609388,-0.3186750937667535,2024-04-05
c0160,41.250573,14.609388,-0.2918507554984379,2024-04-06
c0160,41.250573,14.609388,-0.0619221412458424,2024-04-07
c0160,41.250573,14.609388,-0.0584199586408112,2024-04-08
c0160,41.250573,14.609388,0.278774725694472,2024-04-09
c0160,41.250573,14.609388,0.7886039987266513,2024-04-10
c0160,41.250573,14.609388,0.1271856597736627,2024-04-11
c0160,41.250573,14.609388,-0.3622667791727754,2024-04-12
c0160,41.250573,14.609388,-0.3424356959707967,2024-04-13
c0160,41.250573,14.609388,-0.293225240321313,2024-04-14
c0160,41.250573,14.609388,0.6902897978939132,2024-04-15
c0160,41.250573,14.609388,0.1415468270378888,2024-04-16
c0160,41.250573,14.609388,-0.4721369853050248,2024-04-17
c0160,41.250573,14.609388,-1.878806475400639,2024-04-18
c0160,41.250573,14.609388,-2.050471674488586,2024-04-19
c0160,41.250573,14.609388,-0.2174126185729801,2024-04-20
c0160,41.250573,14.609388,-1.8001446805871073,2024-04-21
c0160,41.250573,14.609388,-1.0040412337589604,2024-04-22
c0160,41.250573,14.609388,-0.6330223670610094,2024-04-23
c0160,41.250573,14.609388,-1.5486791143623466,2024-04-24
c0160,41.250573,14.609388,-0.3272688397852182,2024-04-25
c0160,41.250573,14.609388,-0.7840583428217781,2024-04-26
c0160,41.250573,14.609388,-0.1245549777522545,2024-04-27
c0160,41.250573,14.609388,0.087118048594216,2024-04-28
c0160,41.250573,14.609388,0.7698319834578802,2024-04-29
c0160,41.250573,14.609388,0.2181221713878602,2024-04-30
c0160,41.250573,14.609388,-0.3927362497296515,2024-05-01
c0160,41.250573,14.609388,-0.8123819161643161,2024-05-02
c0160,41.250573,14.609388,-0.6621379419202753,2024-05-03
c0160,41.250573,14.609388,-0.6130587915416865,2024-05-04
c0160,41.250573,14.609388,-1.5265425443648792,2024-05-05
c0160,41.250573,14.609388,-0.6549473137807322,2024-05-06
c0160,41.250573,14.609388,-0.5306315278288345,2024-05-07
c0160,41.250573,14.609388,-0.2448661438283608,2024-05-08
c0160,41.250573,14.609388,-1.49608090261368,2024-05-09
c0160,41.250573,14.609388,0.1371951848268606,2024-05-10
c0160,41.250573,14.609388,-0.9706198697999602,2024-05-13
c0160,41.250573,14.609388,-1.2135101572909155,2024-05-14
c0160,41.250573,14.609388,-1.1792612695851743,2024-05-15
c0160,41.250573,14.609388,0.2847682545546674,2024-05-16
c0160,41.250573,14.609388,0.0857249634639083,2024-05-17
c0160,41.250573,14.609388,-0.3439473755228952,2024-05-18
c0160,41.250573,14.609388,-0.8929371674113968,2024-05-19
c0160,41.250573,14.609388,-0.5966910196392536,2024-05-20
c0160,41.250573,14.609388,-0.8872474440399488,2024-05-21
c0160,41.250573,14.609388,-0.1473287147912073,2024-05-22
c0160,41.250573,14.609388,-0.2315317815577047,2024-05-23
c0160,41.250573,14.609388,-0.229684424246324,2024-05-24
c0160,41.250573,14.609388,-0.5722066393179089,2024-05-25
c0160,41.250573,14.609388,-0.5308519288046458,2024-05-26
c0160,41.250573,14.609388,0.2995085283951062,2024-05-27
c0160,41.250573,14.609388,-0.9210694869009056,2024-05-28
c0160,41.250573,14.609388,-0.2002299502492016,2024-05-29
c0160,41.250573,14.609388,-1.0300187521945845,2024-05-30
c0160,41.250573,14.609388,-0.2835040449313651,2024-05-31
c0160,41.250573,14.609388,-0.9370164754376064,2024-06-01
c0160,41.250573,14.609388,-0.5166161103580391,2024-06-02
c0160,41.250573,14.609388,-0.8807337880134599,2024-06-03
c0160,41.250573,14.609388,-0.1196187798008285,2024-06-04
c0160,41.250573,14.609388,-0.7199375033378644,2024-06-05
c0160,41.250573,14.609388,-1.0861121707784864,2024-06-06
c0160,41.250573,14.609388,-0.089932540531844,2024-06-07
c0160,41.250573,14.609388,0.0810937445738425,2024-06-08
c0160,41.250573,14.609388,0.5003116469386031,2024-06-09
c0160,41.250573,14.609388,-0.7278221402753465,2024-06-10
c0160,41.250573,14.609388,-0.5588233248699402,2024-06-11
c0160,41.250573,14.609388,-0.0230257025821679,2024-06-12
c0160,41.250573,14.609388,-1.1231816945870614,2024-06-13
c0160,41.250573,14.609388,-0.2322268411517193,2024-06-14
c0160,41.250573,14.609388,-0.0613090056842085,2024-06-15
c0160,41.250573,14.609388,-0.2271211845600451,2024-06-16
c0160,41.250573,14.609388,-0.5796758562589668,2024-06-17
c0160,41.250573,14.609388,-0.0670808056892771,2024-06-18
c0160,41.250573,14.609388,-0.0218400359153747,2024-06-19
c0160,41.250573,14.609388,2.165429375183153,2024-06-20
c0160,41.250573,14.609388,1.8024677928094412,2024-06-21
c0160,41.250573,14.609388,0.1741521617052802,2024-06-22
c0160,41.250573,14.609388,-0.4450486791095425,2024-06-23
c0160,41.250573,14.609388,-0.0780148676153734,2024-06-24
c0160,41.250573,14.609388,-0.318380651386537,2024-06-25
c0160,41.250573,14.609388,-0.9689283733410856,2024-06-26
c0160,41.250573,14.609388,-0.9717893846188512,2024-06-27
c0160,41.250573,14.609388,-0.0116284853852434,2024-06-28
c0160,41.250573,14.609388,0.3620617784174101,2024-06-29
c0160,41.250573,14.609388,1.130233814767279,2024-06-30
c0160,41.250573,14.609388,0.6637569922632015,2024-07-01
c0160,41.250573,14.609388,-0.3747848887950446,2024-07-02
c0160,41.250573,14.609388,-0.805778178625232,2024-07-03
c0160,41.250573,14.609388,0.0654169112112921,2024-07-04
c0160,41.250573,14.609388,-0.7383300536306541,2024-07-05
c0160,41.250573,14.609388,-0.2497746090578946,2024-07-06
c0160,41.250573,14.609388,-0.9226568509656042,2024-07-07
c0160,41.250573,14.609388,-0.2977605045655789,2024-07-08
c0160,41.250573,14.609388,-0.2710600927364212,2024-07-09
c0160,41.250573,14.609388,-0.4292190480190943,2024-07-10
c0160,41.250573,14.609388,-0.3101748734737182,2024-07-11
c0160,41.250573,14.609388,-0.1292047445952194,2024-07-12
c0160,41.250573,14.609388,-0.1392427362669553,2024-07-13
c0160,41.250573,14.609388,-0.0862194932422849,2024-07-14
c0160,41.250573,14.609388,-0.1171739287140531,2024-07-15
c0160,41.250573,14.609388,-0.0006122879578804,2024-07-16
c0160,41.250573,14.609388,-0.2500362296479615,2024-07-17
c0160,41.250573,14.609388,-0.4119437566428378,2024-07-18
c0160,41.250573,14.609388,-0.5023744553327416,2024-07-19
c0160,41.250573,14.609388,-0.1261026280692077,2024-07-20
c0160,41.250573,14.609388,-0.4394571770920766,2024-07-21
c0160,41.250573,14.609388,-0.2991417422476915,2024-07-22
c0160,41.250573,14.609388,-0.1586903201791799,2024-07-23
c0160,41.250573,14.609388,-1.4549452306565234,2024-07-24
c0160,41.250573,14.609388,-0.0692782032510604,2024-07-25
c0160,41.250573,14.609388,-0.3613294061411469,2024-07-28
c0160,41.250573,14.609388,-0.4531845680094399,2024-07-29
c0160,41.250573,14.609388,0.182072821059375,2024-07-31
c0160,41.250573,14.609388,-0.0005341254705849,2024-08-01
c0160,41.250573,14.609388,-1.1027061939240292,2024-08-03
c0160,41.250573,14.609388,-0.5206598499524026,2024-08-04
c0160,41.250573,14.609388,0.0089980927543622,2024-08-05
c0160,41.250573,14.609388,0.5956837943273741,2024-08-06
c0160,41.250573,14.609388,-0.5955197587455676,2024-08-07
c0160,41.250573,14.609388,-0.7189753200797129,2024-08-08
c0160,41.250573,14.609388,-1.292033338411404,2024-08-09
c0160,41.250573,14.609388,0.056588092136746,2024-08-10
c0160,41.250573,14.609388,-0.0048873058761632,2024-08-11
c0160,41.250573,14.609388,-0.0159854081492693,2024-08-12
c0160,41.250573,14.609388,-0.7876115398781933,2024-08-13
c0160,41.250573,14.609388,-0.3746436570447399,2024-08-14
c0160,41.250573,14.609388,-0.1263407438075831,2024-08-15
c0160,41.250573,14.609388,0.1386435483200586,2024-08-16
c0160,41.250573,14.609388,0.2352897034491274,2024-08-18
c0160,41.250573,14.609388,-0.7267955788155368,2024-08-19
c0160,41.250573,14.609388,-0.8370308527180786,2024-08-20
c0160,41.250573,14.609388,-0.561470897868278,2024-08-21
c0160,41.250573,14.609388,-0.3459858025468664,2024-08-22
c0160,41.250573,14.609388,-1.067680774772334,2024-08-23
c0160,41.250573,14.609388,-1.1194015732101463,2024-08-24
c0160,41.250573,14.609388,-1.0248121191374098,2024-08-25
c0160,41.250573,14.609388,-0.5238716460845427,2024-08-26
c0160,41.250573,14.609388,-0.4010115281023259,2024-08-27
c0160,41.250573,14.609388,-0.4343037794693334,2024-08-28
c0160,41.250573,14.609388,-1.5111917222125753,2024-08-29
c0160,41.250573,14.609388,-1.2094476222993222,2024-08-30
c0160,41.250573,14.609388,-0.5420782239689009,2024-08-31
c0160,41.250573,14.609388,-0.3158073827167171,2024-09-01
c0160,41.250573,14.609388,-0.689537247055097,2024-09-02
c0160,41.250573,14.609388,-1.2024093978087964,2024-09-03
c0160,41.250573,14.609388,-1.0193520719867852,2024-09-04
c0160,41.250573,14.609388,-0.4051484093070083,2024-09-05
c0160,41.250573,14.609388,-0.3185862143876982,2024-09-06
c0160,41.250573,14.609388,0.4238428865163881,2024-09-07
c0160,41.250573,14.609388,0.3383587980527097,2024-09-08
c0160,41.250573,14.609388,-0.6767538645222976,2024-09-09
c0160,41.250573,14.609388,-0.6839233039695635,2024-09-10
c0160,41.250573,14.609388,-0.1322441907338733,2024-09-11
c0160,41.250573,14.609388,-0.4816395428450051,2024-09-12
c0160,41.250573,14.609388,-0.7810467145120704,2024-09-13
c0160,41.250573,14.609388,-0.6093955058579559,2024-09-14
c0160,41.250573,14.609388,-1.2539818352778225,2024-09-15
c0160,41.250573,14.609388,-0.3505640803920976,2024-09-16
c0160,41.250573,14.609388,-0.4620362639927886,2024-09-17
c0160,41.250573,14.609388,-0.7199288594231066,2024-09-18
c0160,41.250573,14.609388,-0.801812326752507,2024-09-19
c0160,41.250573,14.609388,-1.079230164653065,2024-09-20
c0160,41.250573,14.609388,-1.623977720737463,2024-09-21
c0160,41.250573,14.609388,-0.0131032759803389,2024-09-22
c0160,41.250573,14.609388,-0.8399499058722719,2024-09-23
c0160,41.250573,14.609388,-1.564176762728162,2024-09-25
c0160,41.250573,14.609388,-1.337431192398137,2024-09-26
c0160,41.250573,14.609388,0.5938937527317124,2024-09-27
c0160,41.250573,14.609388,-0.4620517712589203,2024-09-28
c0160,41.250573,14.609388,-1.0042222730895345,2024-09-29
c0160,41.250573,14.609388,-0.1732512945517986,2024-09-30
c0160,41.250573,14.609388,-0.3005234302105716,2024-10-01
c0160,41.250573,14.609388,-0.5109483770921929,2024-10-02
c0160,41.250573,14.609388,-0.7159557135305784,2024-10-03
c0160,41.250573,14.609388,-0.7935153802708486,2024-10-04
c0160,41.250573,14.609388,-0.7956448360698912,2024-10-05
c0160,41.250573,14.609388,-0.4673431422646063,2024-10-06
c0160,41.250573,14.609388,-1.8198960687751804,2024-10-07
c0160,41.250573,14.609388,0.2230633906446438,2024-10-08
c0160,41.250573,14.609388,-0.2557920261274347,2024-10-09
c0160,41.250573,14.609388,0.0147162136528285,2024-10-10
c0160,41.250573,14.609388,-0.9609677064525702,2024-10-11
c0160,41.250573,14.609388,-0.209832009916822,2024-10-12
c0160,41.250573,14.609388,0.0687883492817625,2024-10-13
c0160,41.250573,14.609388,0.1749764382462126,2024-10-14
c0160,41.250573,14.609388,0.7990590783878642,2024-10-15
c0160,41.250573,14.609388,-0.8589543600587589,2024-10-16
c0160,41.250573,14.609388,0.4734877715164902,2024-10-17
c0160,41.250573,14.609388,-0.1733260951714243,2024-10-18
c0160,41.250573,14.609388,-0.2373333263024654,2024-10-19
c0160,41.250573,14.609388,-0.4658308843589454,2024-10-20
c0160,41.250573,14.609388,-1.5856894094769935,2024-10-21
c0160,41.250573,14.609388,-1.340236264184383,2024-10-22
c0160,41.250573,14.609388,-1.2348590473384873,2024-10-23
c0160,41.250573,14.609388,-0.1741269548524451,2024-10-24
c0160,41.250573,14.609388,-0.0042498200343785,2024-10-26
c0160,41.250573,14.609388,-0.562589502960945,2024-10-27
c0160,41.250573,14.609388,-0.6574220502569912,2024-10-28
c0160,41.250573,14.609388,0.2957901954823308,2024-10-29
c0160,41.250573,14.609388,-0.0677860092732386,2024-10-30
c0160,41.250573,14.609388,-0.2039946846072942,2024-10-31
c0160,41.250573,14.609388,-0.2586355680467256,2024-11-02
c0160,41.250573,14.609388,0.1283023613643618,2024-11-03
c0160,41.250573,14.609388,-0.1039612431192892,2024-11-04
c0160,41.250573,14.609388,-0.1706423669468955,2024-11-05
c0160,41.250573,14.609388,-0.6027494563429402,2024-11-06
c0160,41.250573,14.609388,-1.784807729670958,2024-11-07
c0160,41.250573,14.609388,-0.9447212069057124,2024-11-08
c0160,41.250573,14.609388,-0.3988698130107302,2024-11-09
c0160,41.250573,14.609388,-0.6737713746152789,2024-11-10
c0160,41.250573,14.609388,-0.9155526984935236,2024-11-11
c0160,41.250573,14.609388,-0.4851860123182892,2024-11-13
c0160,41.250573,14.609388,0.0829001505796695,2024-11-14
c0160,41.250573,14.609388,-0.6122314371127937,2024-11-15
c0160,41.250573,14.609388,-0.2801974820237978,2024-11-16
c0160,41.250573,14.609388,-0.3551004667910227,2024-11-17
c0160,41.250573,14.609388,-1.8115219530096576,2024-11-18
c0160,41.250573,14.609388,0.0152111814596906,2024-11-19
c0160,41.250573,14.609388,-0.1381468208574814,2024-11-20
c0160,41.250573,14.609388,-0.2447223848201842,2024-11-21
c0160,41.250573,14.609388,-0.089671538737598,2024-11-23
c0160,41.250573,14.609388,-0.2102236404733419,2024-11-24
c0160,41.250573,14.609388,-0.0640707582878519,2024-11-25
c0160,41.250573,14.609388,0.0545017570257183,2024-11-26
c0160,41.250573,14.609388,-0.6104836125504544,2024-11-27
c0160,41.250573,14.609388,-0.9428827781602348,2024-11-28
c0160,41.250573,14.609388,-0.7118492662038395,2024-11-29
c0160,41.250573,14.609388,0.4493630174221042,2024-11-30
c0160,41.250573,14.609388,-0.1971338599508585,2024-12-01
c0160,41.250573,14.609388,-0.3954628817616768,2024-12-02
c0160,41.250573,14.609388,-1.0730025427385437,2024-12-04
c0160,41.250573,14.609388,0.1550142273338984,2024-12-05
c0160,41.250573,14.609388,0.4617624866525631,2024-12-06
c0160,41.250573,14.609388,0.032556030003336,2024-12-07
c0160,41.250573,14.609388,-1.9924780861639595,2024-12-08
c0160,41.250573,14.609388,-0.7201918174115018,2024-12-09
c0160,41.250573,14.609388,-0.5576518836376722,2024-12-10
c0160,41.250573,14.609388,0.0896141077467942,2024-12-11
c0160,41.250573,14.609388,-0.2892239519364195,2024-12-12
c0160,41.250573,14.609388,-1.3264983811128903,2024-12-13
c0160,41.250573,14.609388,-0.4798217345507138,2024-12-14
c0160,41.250573,14.609388,-1.4169371803052724,2024-12-15
c0160,41.250573,14.609388,0.1538568921393421,2024-12-16
c0160,41.250573,14.609388,0.1324428038152774,2024-12-17
c0160,41.250573,14.609388,-0.2378662911359156,2024-12-18
c0160,41.250573,14.609388,-0.8204547871432055,2024-12-19
c0160,41.250573,14.609388,-3.1964028918567036,2024-12-20
c0160,41.250573,14.609388,-0.0410446196959661,2024-12-21
c0160,41.250573,14.609388,0.285943420239146,2024-12-22
c0160,41.250573,14.609388,-0.5836099851471804,2024-12-23
c0160,41.250573,14.609388,-0.9664906705241536,2024-12-24
c0160,41.250573,14.609388,-1.3004734298503329,2024-12-25
c0160,41.250573,14.609388,-1.415731397795143,2024-12-26
c0160,41.250573,14.609388,-0.3681798152618818,2024-12-27
c0160,41.250573,14.609388,0.0648094690254192,2024-12-28
c0160,41.250573,14.609388,-0.0531386910138522,2024-12-29
c0160,41.250573,14.609388,-0.1393122990288773,2024-12-30
c0160,41.250573,14.609388,0.3912957583859521,2025-01-01
c0160,41.250573,14.609388,0.3688610913442651,2025-01-02
c0160,41.250573,14.609388,-0.8991134717237558,2025-01-03
c0160,41.250573,14.609388,-0.488825354996562,2025-01-04
c0160,41.250573,14.609388,-0.2192112837302382,2025-01-05
c0160,41.250573,14.609388,0.3122942655734389,2025-01-06
c0160,41.250573,14.609388,0.008597818058714,2025-01-07
c0160,41.250573,14.609388,-0.1097784029311327,2025-01-08
c0160,41.250573,14.609388,-1.1067540594253649,2025-01-09
c0160,41.250573,14.609388,-0.9782946175490032,2025-01-10
c0160,41.250573,14.609388,-1.32670397102596,2025-01-11
c0160,41.250573,14.609388,-0.2956397458910911,2025-01-12
c0160,41.250573,14.609388,-1.1956761359534531,2025-01-13
c0160,41.250573,14.609388,-1.4845774183117586,2025-01-14
c0160,41.250573,14.609388,-1.2680797438565046,2025-01-15
c0160,41.250573,14.609388,-1.0286562223654008,2025-01-16
c0160,41.250573,14.609388,0.1102190738168445,2025-01-17
c0160,41.250573,14.609388,0.3680223676666238,2025-01-18
c0160,41.250573,14.609388,-0.6864919532948659,2025-01-19
c0160,41.250573,14.609388,-0.914030627719731,2025-01-20
c0160,41.250573,14.609388,-0.3566057038819403,2025-01-21
c0160,41.250573,14.609388,0.0368452104902321,2025-01-22
c0160,41.250573,14.609388,0.4520728037735012,2025-01-23
c0160,41.250573,14.609388,-0.0801612695910909,2025-01-24
c0160,41.250573,14.609388,-0.3577894855654129,2025-01-25
c0160,41.250573,14.609388,-0.9476280721330498,2025-01-26
c0160,41.250573,14.609388,-0.7946700769768069,2025-01-27
c0160,41.250573,14.609388,-0.3822147028129495,2025-01-28
c0160,41.250573,14.609388,-0.5249769896613145,2025-01-29
c0160,41.250573,14.609388,-0.0274892941814184,2025-01-30
c0160,41.250573,14.609388,-0.9119576641861604,2025-01-31
c0160,41.250573,14.609388,-0.6891994762475298,2025-02-01
c0160,41.250573,14.609388,1.4585198678841715,2025-02-02
c0160,41.250573,14.609388,0.2299314702841378,2025-02-03
c0160,41.250573,14.609388,-0.1808857189490781,2025-02-04
c0160,41.250573,14.609388,-0.2656164372882473,2025-02-05
c0160,41.250573,14.609388,-0.2976179942488502,2025-02-06
c0160,41.250573,14.609388,-0.2864355692440644,2025-02-07
c0160,41.250573,14.609388,0.0942831132577784,2025-02-08
c0160,41.250573,14.609388,-0.250115989446918,2025-02-09
c0160,41.250573,14.609388,-0.3013726152333574,2025-02-10
c0160,41.250573,14.609388,-0.780476226629254,2025-02-11
c0160,41.250573,14.609388,-1.0572217428312618,2025-02-12
c0160,41.250573,14.609388,-0.0393863423792367,2025-02-13
c0160,41.250573,14.609388,-0.1627108943986536,2025-02-14
c0160,41.250573,14.609388,-1.7942263789715671,2025-02-15
c0160,41.250573,14.609388,-0.778078882679713,2025-02-16
c0160,41.250573,14.609388,-1.5615971305098593,2025-02-17
c0160,41.250573,14.609388,-0.4778309559926515,2025-02-18
c0160,41.250573,14.609388,-0.7356803885121248,2025-02-19
c0160,41.250573,14.609388,-1.1521236936162176,2025-02-20
c0160,41.250573,14.609388,-0.1148257885184029,2025-02-21
c0160,41.250573,14.609388,-0.4398853671255324,2025-02-22
c0160,41.250573,14.609388,-0.2903579924413627,2025-02-23
c0160,41.250573,14.609388,-0.0103377209371383,2025-02-24
c0160,41.250573,14.609388,-0.8630850275857719,2025-02-25
c0160,41.250573,14.609388,-0.6143607755342111,2025-02-26
c0160,41.250573,14.609388,-0.399123105110464,2025-02-27
c0160,41.250573,14.609388,-1.2845567455366649,2025-02-28
c0160,41.250573,14.609388,-0.3072924374399116,2025-03-01
c0160,41.250573,14.609388,-0.3631299853964151,2025-03-02
c0160,41.250573,14.609388,-1.0076489523477212,2025-03-03
c0160,41.250573,14.609388,-0.2113888193117324,2025-03-04
c0160,41.250573,14.609388,-0.3079578995256629,2025-03-05
c0160,41.250573,14.609388,0.0720851636872099,2025-03-06
c0160,41.250573,14.609388,-0.1285231266012522,2025-03-07
c0160,41.250573,14.609388,-1.1568218060223725,2025-03-08
c0160,41.250573,14.609388,-0.5943864999207947,2025-03-09
c0160,41.250573,14.609388,-1.6210190815643284,2025-03-10
c0160,41.250573,14.609388,-0.1721518530256595,2025-03-11
c0160,41.250573,14.609388,-0.1357347652893826,2025-03-12
c0160,41.250573,14.609388,0.1113058836626155,2025-03-13
c0160,41.250573,14.609388,-1.2284066105309388,2025-03-14
c0160,41.250573,14.609388,0.4925738002014568,2025-03-15
c0160,41.250573,14.609388,-0.6761468202158952,2025-03-16
c0160,41.250573,14.609388,-0.8195949721219576,2025-03-17
c0160,41.250573,14.609388,-0.677370160818113,2025-03-18
c0160,41.250573,14.609388,-0.4077011004209896,2025-03-19
c0160,41.250573,14.609388,-0.330814832040822,2025-03-20
c0160,41.250573,14.609388,-0.4922700264941523,2025-03-21
c0160,41.250573,14.609388,-0.1685964032792995,2025-03-22
c0160,41.250573,14.609388,0.123150841678174,2025-03-24
c0160,41.250573,14.609388,-1.1547615264162685,2025-03-25
c0160,41.250573,14.609388,-0.732771516469399,2025-03-26
c0160,41.250573,14.609388,-0.5085000143682532,2025-03-27
c0160,41.250573,14.609388,-1.0801630146565109,2025-03-28
c0160,41.250573,14.609388,-0.2649833475403287,2025-03-29
c0160,41.250573,14.609388,-1.280998580245719,2025-03-30
c0160,41.250573,14.609388,-1.6431859208392463,2025-03-31
c0160,41.250573,14.609388,-1.897694899505475,2025-04-01
c0160,41.250573,14.609388,0.143823069146432,2025-04-02
c0160,41.250573,14.609388,0.5602332573704781,2025-04-03
c0160,41.250573,14.609388,-0.0981111270471555,2025-04-04
c0160,41.250573,14.609388,-1.056863370798335,2025-04-05
c0160,41.250573,14.609388,-1.2752589561819032,2025-04-06
c0160,41.250573,14.609388,0.0613691572876008,2025-04-07
c0160,41.250573,14.609388,-1.0123717947229036,2025-04-08
c0160,41.250573,14.609388,-0.3579532289148801,2025-04-09
c0160,41.250573,14.609388,0.1734307716095662,2025-04-10
c0160,41.250573,14.609388,-0.6338175681574899,2025-04-11
c0160,41.250573,14.609388,-0.5186963266048942,2025-04-12
c0160,41.250573,14.609388,-0.2217591907660462,2025-04-13
c0160,41.250573,14.609388,0.0065361806191501,2025-04-14
c0160,41.250573,14.609388,1.2771613695784123,2025-04-15
c0160,41.250573,14.609388,-1.5169516326752095,2025-04-16
c0160,41.250573,14.609388,-0.1414197080298215,2025-04-17
c0160,41.250573,14.609388,-0.0491690654804568,2025-04-18
c0160,41.250573,14.609388,-0.7436275437927796,2025-04-19
c0160,41.250573,14.609388,0.8866644464154303,2025-04-20
c0160,41.250573,14.609388,-1.2858977978671875,2025-04-21
c0160,41.250573,14.609388,-0.4874935828217645,2025-04-22
c0160,41.250573,14.609388,-0.814855838499294,2025-04-23
c0160,41.250573,14.609388,-0.4587516116610767,2025-04-24
c0160,41.250573,14.609388,-0.2947908804889836,2025-04-25
c0160,41.250573,14.609388,-1.563927373642723,2025-04-26
c0160,41.250573,14.609388,-0.8201613817898423,2025-04-27
c0160,41.250573,14.609388,-0.3335724039138017,2025-04-28
c0160,41.250573,14.609388,-0.6167291718194786,2025-04-29
c0160,41.250573,14.609388,-0.0157970874627425,2025-04-30
c0160,41.250573,14.609388,-0.3833535303737469,2025-05-01
c0160,41.250573,14.609388,-0.6272170558444722,2025-05-02
c0160,41.250573,14.609388,-0.5397518056864058,2025-05-03
c0160,41.250573,14.609388,-0.5986688622646552,2025-05-04
c0160,41.250573,14.609388,-0.8835431221573454,2025-05-06
c0160,41.250573,14.609388,-0.6892440971698832,2025-05-07
c0160,41.250573,14.609388,-0.5124756097793431,2025-05-08
c0160,41.250573,14.609388,-0.5863367387139775,2025-05-09
c0160,41.250573,14.609388,-0.34208217357633,2025-05-10
c0160,41.250573,14.609388,-1.2523916040501395,2025-05-11
c0160,41.250573,14.609388,-1.1452645178397116,2025-05-12
c0160,41.250573,14.609388,-0.7738898479765026,2025-05-13
c0160,41.250573,14.609388,-0.0078151477685332,2025-05-14
c0160,41.250573,14.609388,-0.6188887777445193,2025-05-15
c0160,41.250573,14.609388,-1.012705839982467,2025-05-16
c0160,41.250573,14.609388,0.0667542144656133,2025-05-17
c0160,41.250573,14.609388,-0.6252299306237202,2025-05-18
c0160,41.250573,14.609388,-0.9952069827130376,2025-05-19
c0160,41.250573,14.609388,-0.561053481852379,2025-05-20
c0160,41.250573,14.609388,-0.1395784772182506,2025-05-21
c0160,41.250573,14.609388,-0.6239848217276632,2025-05-23
c0160,41.250573,14.609388,-2.1811144021659223,2025-05-24
c0160,41.250573,14.609388,0.0270551932494653,2025-05-25
c0160,41.250573,14.609388,-0.2607544486442635,2025-05-26
c0160,41.250573,14.609388,-0.8457644101812909,2025-05-27
c0160,41.250573,14.609388,0.5901042301144874,2025-05-28
c0160,41.250573,14.609388,-0.8774067229548872,2025-05-29
c0160,41.250573,14.609388,-0.1677329646736775,2025-05-30
c0160,41.250573,14.609388,-0.0730632082530271,2025-05-31
c0160,41.250573,14.609388,-0.2440207845772958,2025-06-01
c0160,41.250573,14.609388,-0.5157461210875036,2025-06-02
c0160,41.250573,14.609388,-0.4213604021000249,2025-06-03
c0160,41.250573,14.609388,-0.4535495371418362,2025-06-04
c0160,41.250573,14.609388,1.0677046476554015,2025-06-05
c0160,41.250573,14.609388,0.5889041195624795,2025-06-06
c0160,41.250573,14.609388,0.2158683791683698,2025-06-07
c0160,41.250573,14.609388,-0.1529443190581489,2025-06-08
c0160,41.250573,14.609388,-0.8059076585955707,2025-06-09
c0160,41.250573,14.609388,0.3332920621492614,2025-06-10
c0160,41.250573,14.609388,-0.3081005298623487,2025-06-11
c0160,41.250573,14.609388,-0.8235595757197888,2025-06-12
c0160,41.250573,14.609388,-0.583709702254495,2025-06-13
c0160,41.250573,14.609388,-0.5492215208771859,2025-06-14
c0160,41.250573,14.609388,-0.0087882063518845,2025-06-15
c0160,41.250573,14.609388,0.1511887531194507,2025-06-16
c0160,41.250573,14.609388,-0.1200267712055377,2025-06-17
c0160,41.250573,14.609388,-0.4570014769358763,2025-06-18
c0160,41.250573,14.609388,-0.7387927683105417,2025-06-19
c0160,41.250573,14.609388,-0.633172093580667,2025-06-20
c0160,41.250573,14.609388,-0.5933540185944213,2025-06-21
c0160,41.250573,14.609388,-0.4816034408561883,2025-06-22
c0160,41.250573,14.609388,-0.2522078684603715,2025-06-23
c0160,41.250573,14.609388,-0.4227085020736226,2025-06-24
c0160,41.250573,14.609388,-0.5540757811099007,2025-06-25
c0160,41.250573,14.609388,-0.0349842681783558,2025-06-26
c0160,41.250573,14.609388,-0.055878640877485,2025-06-27
c0160,41.250573,14.609388,-0.0593589151925129,2025-06-28
c0160,41.250573,14.609388,0.0797757897560542,2025-06-29
c0160,41.250573,14.609388,-0.7145884747465091,2025-06-30
c0160,41.250573,14.609388,-0.1246046145756554,2025-07-01
c0160,41.250573,14.609388,-0.2573184428515822,2025-07-02
c0160,41.250573,14.609388,-1.0283441857490887,2025-07-03
c0160,41.250573,14.609388,-0.5932231356254929,2025-07-04
c0160,41.250573,14.609388,-0.8609247628474854,2025-07-05
c0160,41.250573,14.609388,-0.4900953912574188,2025-07-06
c0160,41.250573,14.609388,-0.688071322888838,2025-07-07
c0160,41.250573,14.609388,-0.0525064471468916,2025-07-08
c0160,41.250573,14.609388,-0.2358318716287688,2025-07-09
c0160,41.250573,14.609388,-1.0285941150456208,2025-07-10
c0160,41.250573,14.609388,-1.275113946492504,2025-07-11
c0160,41.250573,14.609388,-0.412832559998095,2025-07-12
c0160,41.250573,14.609388,-0.0688806576055071,2025-07-13
c0160,41.250573,14.609388,-0.8442504011524383,2025-07-14
c0160,41.250573,14.609388,-0.6669587186367572,2025-07-15
c0160,41.250573,14.609388,-0.3617060410423205,2025-07-16
c0160,41.250573,14.609388,0.597524674713082,2025-07-17
c0160,41.250573,14.609388,0.1543325666253724,2025-07-18
c0160,41.250573,14.609388,-0.1696242144668026,2025-07-19
c0160,41.250573,14.609388,-0.1129866540660485,2025-07-20
c0160,41.250573,14.609388,0.6244476095744902,2025-07-21
c0160,41.250573,14.609388,-0.4168620867848572,2025-07-22
c0160,41.250573,14.609388,0.2344299637705956,2025-07-23
c0160,41.250573,14.609388,0.4389563954127232,2025-07-24
c0160,41.250573,14.609388,0.8753015157235602,2025-07-25
c0160,41.250573,14.609388,-1.096704676185125,2025-07-26
c0160,41.250573,14.609388,-0.3633500252813278,2025-07-27
c0160,41.250573,14.609388,-0.6835994765903943,2025-07-28
c0160,41.250573,14.609388,-0.8328315429111189,2025-07-29
c0160,41.250573,14.609388,-0.0844852435093712,2025-07-30
c0160,41.250573,14.609388,-0.6991069981173054,2025-07-31
c0160,41.250573,14.609388,-0.7520111203193678,2025-08-01
c0160,41.250573,14.609388,-0.1251400794555561,2025-08-02
c0160,41.250573,14.609388,-0.6336636719611523,2025-08-03
c0160,41.250573,14.609388,-0.8062813650658448,2025-08-04
c0160,41.250573,14.609388,-1.012289481525168,2025-08-05
c0160,41.250573,14.609388,-0.0062179691706254,2025-08-06
c0160,41.250573,14.609388,-0.5953878687528533,2025-08-07
c0160,41.250573,14.609388,-0.1551497113832275,2025-08-08
c0160,41.250573,14.609388,-0.117778762781807,2025-08-09
c0160,41.250573,14.609388,-0.1529439765941581,2025-08-10
c0160,41.250573,14.609388,-0.8223619803170519,2025-08-11
c0160,41.250573,14.609388,-1.2671956006047065,2025-08-12
c0160,41.250573,14.609388,0.0786372535116783,2025-08-13
c0160,41.250573,14.609388,-0.1198098788597518,2025-08-14
c0160,41.250573,14.609388,-1.1014394760131856,2025-08-15
c0160,41.250573,14.609388,-0.8042461955123131,2025-08-16
c0160,41.250573,14.609388,-1.6396169226357096,2025-08-17
c0160,41.250573,14.609388,-0.615298009640098,2025-08-18
c0160,41.250573,14.609388,-0.5627678345163705,2025-08-19
c0160,41.250573,14.609388,-0.1306184740891025,2025-08-20
c0160,41.250573,14.609388,-0.6531398632663559,2025-08-21
c0160,41.250573,14.609388,-1.1017784769011931,2025-08-22
c0160,41.250573,14.609388,-2.625526831645586,2025-08-23
c0160,41.250573,14.609388,-0.7369397533789088,2025-08-24
c0160,41.250573,14.609388,-0.2453176581307536,2025-08-25
c0160,41.250573,14.609388,-0.6750085141892241,2025-08-26
c0160,41.250573,14.609388,-0.4406844779699823,2025-08-27
c0160,41.250573,14.609388,0.5523073569657774,2025-08-28
c0160,41.250573,14.609388,0.3913064296483406,2025-08-29
c0160,41.250573,14.609388,-0.0673321211757748,2025-08-30
c0160,41.250573,14.609388,-0.3192642244992189,2025-08-31
c0160,41.250573,14.609388,-0.1141794857771011,2025-09-01
c0160,41.250573,14.609388,-0.6464173187730377,2025-09-02
c0160,41.250573,14.609388,-0.5044218911170057,2025-09-03
c0160,41.250573,14.609388,-0.1805266857844034,2025-09-04
c0160,41.250573,14.609388,-0.380923621356482,2025-09-05
c0160,41.250573,14.609388,-0.6614143980062018,2025-09-06
c0160,41.250573,14.609388,-1.324892243805521,2025-09-07
c0160,41.250573,14.609388,-0.5891552984215703,2025-09-08
c0160,41.250573,14.609388,-0.0909407287836034,2025-09-09
c0160,41.250573,14.609388,-0.2643831333455392,2025-09-10
c0160,41.250573,14.609388,-0.8208087912463137,2025-09-11
c0160,41.250573,14.609388,-0.8787148344820982,2025-09-12
c0160,41.250573,14.609388,-0.6078501246186175,2025-09-13
c0160,41.250573,14.609388,0.2258844375610259,2025-09-14
c0160,41.250573,14.609388,-0.2575961864389611,2025-09-15
c0160,41.250573,14.609388,-0.5363364173967484,2025-09-16
c0160,41.250573,14.609388,-0.1433200686548318,2025-09-17
c0160,41.250573,14.609388,-0.1506743704940314,2025-09-18
c0160,41.250573,14.609388,-0.0386577971401707,2025-09-19
c0160,41.250573,14.609388,0.0702204419003335,2025-09-20
c0160,41.250573,14.609388,-0.4933796823024583,2025-09-21
c0160,41.250573,14.609388,-0.3097348359055215,2025-09-22
c0160,41.250573,14.609388,-1.8184663663558511,2025-09-23
c0160,41.250573,14.609388,-1.306056439876513,2025-09-24
c0160,41.250573,14.609388,-0.1765308182209621,2025-09-25
c0160,41.250573,14.609388,-0.3295046345317491,2025-09-26
c0160,41.250573,14.609388,-0.7082741874674622,2025-09-27
c0160,41.250573,14.609388,-1.055028152613177,2025-09-28
c0160,41.250573,14.609388,-1.2439351838478263,2025-09-29
c0160,41.250573,14.609388,-0.5793860056794986,2025-09-30
c0160,41.250573,14.609388,-0.6260952781165782,2025-10-01
c0160,41.250573,14.609388,-0.7278514144334257,2025-10-02
c0160,41.250573,14.609388,-1.6559908166797437,2025-10-03
c0160,41.250573,14.609388,-0.2787193428440617,2025-10-04
c0160,41.250573,14.609388,-0.3054354196886462,2025-10-05
c0160,41.250573,14.609388,-0.4903562666462205,2025-10-06
c0160,41.250573,14.609388,-0.2077307658110102,2025-10-07
c0160,41.250573,14.609388,-0.3153115443207274,2025-10-08
c0160,41.250573,14.609388,-0.3054719708665721,2025-10-09
c0160,41.250573,14.609388,-1.2102268074908318,2025-10-10
c0160,41.250573,14.609388,-0.0354059697839302,2025-10-11
c0160,41.250573,14.609388,-0.1031731029850867,2025-10-12
c0160,41.250573,14.609388,-0.6189565107689867,2025-10-13
c0160,41.250573,14.609388,-0.9349616221412482,2025-10-14
c0160,41.250573,14.609388,-1.2788685153229935,2025-10-15
c0160,41.250573,14.609388,-0.2050933090610298,2025-10-16
c0160,41.250573,14.609388,-0.0997885269547466,2025-10-17
c0160,41.250573,14.609388,-0.8185309705437166,2025-10-18
c0160,41.250573,14.609388,-1.1906753991111907,2025-10-19
c0160,41.250573,14.609388,-1.608592087881552,2025-10-20
c0160,41.250573,14.609388,-0.5160580712920577,2025-10-21
c0160,41.250573,14.609388,0.2755568468733178,2025-10-22
c0160,41.250573,14.609388,-0.485900757084207,2025-10-23
c0160,41.250573,14.609388,-0.692303620035179,2025-10-24
c0160,41.250573,14.609388,-1.4032276338092575,2025-10-25
c0160,41.250573,14.609388,-0.5741235159160953,2025-10-26
c0160,41.250573,14.609388,0.7028556700433473,2025-10-27
c0160,41.250573,14.609388,0.0281782545789529,2025-10-28
c0160,41.250573,14.609388,-0.6197460945013004,2025-10-29
c0160,41.250573,14.609388,-1.5698153241376511,2025-10-30
c0160,41.250573,14.609388,-0.5792853082500701,2025-10-31
c0160,41.250573,14.609388,0.1597598842794592,2025-11-01
c0160,41.250573,14.609388,0.4698390009564312,2025-11-02
c0160,41.250573,14.609388,-1.2699084771674771,2025-11-03
c0160,41.250573,14.609388,-0.1715501280802621,2025-11-04
c0160,41.250573,14.609388,-0.0160586405545484,2025-11-05
c0160,41.250573,14.609388,0.1169657862513188,2025-11-06
c0160,41.250573,14.609388,0.2775959073767086,2025-11-07
c0160,41.250573,14.609388,-0.5032313151436963,2025-11-08
c0160,41.250573,14.609388,-1.5228230400047993,2025-11-09
c0160,41.250573,14.609388,-0.6049085561856894,2025-11-10
c0160,41.250573,14.609388,-0.2513815955657915,2025-11-11
c0160,41.250573,14.609388,0.1141350925717211,2025-11-12
c0160,41.250573,14.609388,-0.2226247944935364,2025-11-13
c0160,41.250573,14.609388,-0.3657424090022895,2025-11-14
c0160,41.250573,14.609388,-8.583552554943582e-05,2025-11-15
c0160,41.250573,14.609388,-1.018067051432439,2025-11-16
c0160,41.250573,14.609388,0.2634670421803675,2025-11-17
c0160,41.250573,14.609388,-0.2819873495444651,2025-11-18
c0160,41.250573,14.609388,-1.1126680606719404,2025-11-19
c0160,41.250573,14.609388,-1.1873762634403786,2025-11-20
c0160,41.250573,14.609388,-1.049615667642912,2025-11-21
c0160,41.250573,14.609388,0.4379015291140014,2025-11-22
c0160,41.250573,14.609388,0.0504933462713176,2025-11-23
c0160,41.250573,14.609388,-0.7074925553312802,2025-11-24
c0160,41.250573,14.609388,-1.309940237255528,2025-11-25
c0160,41.250573,14.609388,0.0598152777130867,2025-11-26
c0160,41.250573,14.609388,-0.3507898179641052,2025-11-27
c0160,41.250573,14.609388,0.2180617506402531,2025-11-28
c0160,41.250573,14.609388,0.1354837481459295,2025-11-30
c0160,41.250573,14.609388,-0.7777661218628684,2025-12-01
c0160,41.250573,14.609388,-0.1920684086337083,2025-12-02
c0160,41.250573,14.609388,0.2465043276618046,2025-12-03
c0160,41.250573,14.609388,0.416351280289903,2025-12-04
c0160,41.250573,14.609388,0.3330129047355738,2025-12-05
c0160,41.250573,14.609388,0.0350672298807817,2025-12-06
c0160,41.250573,14.609388,-0.0102068937222205,2025-12-07
c0160,41.250573,14.609388,0.4000584020661439,2025-12-08
c0160,41.250573,14.609388,0.2934190591046009,2025-12-09
c0160,41.250573,14.609388,-0.0081960699211591,2025-12-10
c0160,41.250573,14.609388,0.0305464262189602,2025-12-11
c0160,41.250573,14.609388,-0.8507223313473037,2025-12-12
c0160,41.250573,14.609388,-1.2353757063935662,2025-12-13
c0160,41.250573,14.609388,0.2701863123668527,2025-12-14
c0160,41.250573,14.609388,0.1002131930715125,2025-12-15
c0160,41.250573,14.609388,-1.1138529550091234,2025-12-16
c0160,41.250573,14.609388,-0.4256002418961342,2025-12-17
c0160,41.250573,14.609388,-0.9002465409526543,2025-12-18
c0160,41.250573,14.609388,-1.11260655457278,2025-12-22
c0160,41.250573,14.609388,-0.8825749482040094,2025-12-23
c0160,41.250573,14.609388,0.197467592398064,2025-12-24
c0160,41.250573,14.609388,0.4260313724704572,2025-12-25
c0160,41.250573,14.609388,-0.6834062206607229,2025-12-26
c0160,41.250573,14.609388,-0.4350841251121209,2025-12-27
c0160,41.250573,14.609388,0.1638973716670195,2025-12-28
c0160,41.250573,14.609388,0.3219763186756332,2025-12-29
c0160,41.250573,14.609388,0.3302894398375485,2025-12-30
