cell_id,lat_center,lon_center,mean,date
c0387,37.63164,14.870351,32.46934270547566,2019-01-01
c0387,37.63164,14.870351,31.089556090554595,2019-01-02
c0387,37.63164,14.870351,29.39641121388944,2019-01-03
c0387,37.63164,14.870351,28.914222458651768,2019-01-04
c0387,37.63164,14.870351,30.433854578055,2019-01-05
c0387,37.63164,14.870351,30.84757454358262,2019-01-06
c0387,37.63164,14.870351,28.037780431301368,2019-01-07
c0387,37.63164,14.870351,32.18443329306697,2019-01-08
c0387,37.63164,14.870351,29.813687876779955,2019-01-09
c0387,37.63164,14.870351,31.796969745594605,2019-01-10
c0387,37.63164,14.870351,23.432546686903336,2019-01-11
c0387,37.63164,14.870351,34.61931848153614,2019-01-12
c0387,37.63164,14.870351,31.21204674243927,2019-01-13
c0387,37.63164,14.870351,29.56183726978428,2019-01-14
c0387,37.63164,14.870351,31.423065038059107,2019-01-15
c0387,37.63164,14.870351,28.70759144778859,2019-01-16
c0387,37.63164,14.870351,30.543123676617572,2019-01-17
c0387,37.63164,14.870351,26.746686706365548,2019-01-18
c0387,37.63164,14.870351,31.171172357920263,2019-01-19
c0387,37.63164,14.870351,29.65336766963116,2019-01-20
c0387,37.63164,14.870351,29.9007250793885,2019-01-21
c0387,37.63164,14.870351,30.013829240137756,2019-01-22
c0387,37.63164,14.870351,31.912420093043476,2019-01-23
c0387,37.63164,14.870351,,2019-01-24
c0387,37.63164,14.870351,28.422829851415926,2019-01-25
c0387,37.63164,14.870351,36.10375077183274,2019-01-26
c0387,37.63164,14.870351,30.0994939052569,2019-01-27
c0387,37.63164,14.870351,29.254945425125403,2019-01-28
c0387,37.63164,14.870351,31.980128079877563,2019-01-29
c0387,37.63164,14.870351,30.883109371163172,2019-01-30
c0387,37.63164,14.870351,31.970114784520796,2019-01-31
c0387,37.63164,14.870351,30.76227406785847,2019-02-01
c0387,37.63164,14.870351,30.304355977397904,2019-02-02
c0387,37.63164,14.870351,30.949629098058175,2019-02-03
c0387,37.63164,14.870351,31.58060775470413,2019-02-04
c0387,37.63164,14.870351,,2019-02-05
c0387,37.63164,14.870351,33.63788100210554,2019-02-06
c0387,37.63164,14.870351,28.16254887310583,2019-02-07
c0387,37.63164,14.870351,32.19724329237171,2019-02-08
c0387,37.63164,14.870351,31.7919012190671,2019-02-09
c0387,37.63164,14.870351,30.092299901334307,2019-02-10
c0387,37.63164,14.870351,30.39572427071986,2019-02-11
c0387,37.63164,14.870351,32.106786445592924,2019-02-12
c0387,37.63164,14.870351,32.966716502774894,2019-02-13
c0387,37.63164,14.870351,35.24321458567371,2019-02-14
c0387,37.63164,14.870351,33.90451199854598,2019-02-15
c0387,37.63164,14.870351,34.28336241020437,2019-02-16
c0387,37.63164,14.870351,31.862722716973988,2019-02-17
c0387,37.63164,14.870351,30.902141470171703,2019-02-18
c0387,37.63164,14.870351,33.15307332891856,2019-02-19
c0387,37.63164,14.870351,32.316217472709766,2019-02-20
c0387,37.63164,14.870351,32.63852955940383,2019-02-21
c0387,37.63164,14.870351,34.32805880116166,2019-02-22
c0387,37.63164,14.870351,26.66472344769697,2019-02-23
c0387,37.63164,14.870351,,2019-02-24
c0387,37.63164,14.870351,36.16387352939882,2019-02-25
c0387,37.63164,14.870351,33.409844394248275,2019-02-26
c0387,37.63164,14.870351,33.7805650154319,2019-02-27
c0387,37.63164,14.870351,35.042276288764754,2019-02-28
c0387,37.63164,14.870351,32.1996593826738,2019-03-01
c0387,37.63164,14.870351,32.129552213546866,2019-03-02
c0387,37.63164,14.870351,31.178565063503356,2019-03-03
c0387,37.63164,14.870351,33.53946642049617,2019-03-04
c0387,37.63164,14.870351,33.8848395065784,2019-03-05
c0387,37.63164,14.870351,33.373283393554914,2019-03-06
c0387,37.63164,14.870351,,2019-03-07
c0387,37.63164,14.870351,32.78982909814157,2019-03-08
c0387,37.63164,14.870351,30.600611681600803,2019-03-09
c0387,37.63164,14.870351,32.743832447186996,2019-03-10
c0387,37.63164,14.870351,,2019-03-11
c0387,37.63164,14.870351,29.712588502847662,2019-03-12
c0387,37.63164,14.870351,30.545357934575232,2019-03-13
c0387,37.63164,14.870351,30.218674806579163,2019-03-14
c0387,37.63164,14.870351,32.80532829997895,2019-03-15
c0387,37.63164,14.870351,30.968233614780868,2019-03-16
c0387,37.63164,14.870351,33.30409005836616,2019-03-17
c0387,37.63164,14.870351,33.130250780057246,2019-03-18
c0387,37.63164,14.870351,31.306895097749432,2019-03-19
c0387,37.63164,14.870351,30.4482096204424,2019-03-20
c0387,37.63164,14.870351,29.743096179369353,2019-03-21
c0387,37.63164,14.870351,32.740212976932526,2019-03-22
c0387,37.63164,14.870351,36.09391794075127,2019-03-23
c0387,37.63164,14.870351,36.11360699772644,2019-03-24
c0387,37.63164,14.870351,31.423733232917215,2019-03-25
c0387,37.63164,14.870351,33.850557298647395,2019-03-26
c0387,37.63164,14.870351,,2019-03-27
c0387,37.63164,14.870351,29.596086970346136,2019-03-28
c0387,37.63164,14.870351,35.250730984063225,2019-03-29
c0387,37.63164,14.870351,34.77782619647143,2019-03-30
c0387,37.63164,14.870351,36.1024684112015,2019-03-31
c0387,37.63164,14.870351,,2019-04-01
c0387,37.63164,14.870351,29.565644621626102,2019-04-02
c0387,37.63164,14.870351,,2019-04-03
c0387,37.63164,14.870351,29.55261431634426,2019-04-04
c0387,37.63164,14.870351,26.641578523926217,2019-04-05
c0387,37.63164,14.870351,36.558957852238215,2019-04-06
c0387,37.63164,14.870351,35.873637615738176,2019-04-07
c0387,37.63164,14.870351,31.83423410702543,2019-04-08
c0387,37.63164,14.870351,35.87636249841843,2019-04-09
c0387,37.63164,14.870351,35.256414485099405,2019-04-10
c0387,37.63164,14.870351,30.98265700731672,2019-04-11
c0387,37.63164,14.870351,33.61524695811121,2019-04-12
c0387,37.63164,14.870351,33.92001758103146,2019-04-13
c0387,37.63164,14.870351,29.693495690764724,2019-04-14
c0387,37.63164,14.870351,37.18843194777927,2019-04-16
c0387,37.63164,14.870351,32.516391291171125,2019-04-17
c0387,37.63164,14.870351,40.99885782826688,2019-04-18
c0387,37.63164,14.870351,40.95293950601927,2019-04-19
c0387,37.63164,14.870351,29.211401094798525,2019-04-20
c0387,37.63164,14.870351,32.83331315071151,2019-04-21
c0387,37.63164,14.870351,,2019-04-22
c0387,37.63164,14.870351,33.343626774611096,2019-04-23
c0387,37.63164,14.870351,35.09525345072077,2019-04-24
c0387,37.63164,14.870351,34.33504528361237,2019-04-25
c0387,37.63164,14.870351,33.59499752984167,2019-04-26
c0387,37.63164,14.870351,35.497709080481485,2019-04-27
c0387,37.63164,14.870351,34.12117912661033,2019-04-28
c0387,37.63164,14.870351,32.58772152510805,2019-04-29
c0387,37.63164,14.870351,32.344275460451165,2019-04-30
c0387,37.63164,14.870351,32.0689916696957,2019-05-01
c0387,37.63164,14.870351,37.715331176349565,2019-05-02
c0387,37.63164,14.870351,,2019-05-03
c0387,37.63164,14.870351,30.20203868638487,2019-05-04
c0387,37.63164,14.870351,29.4835212912035,2019-05-05
c0387,37.63164,14.870351,27.489641657787445,2019-05-06
c0387,37.63164,14.870351,36.69148029587191,2019-05-07
c0387,37.63164,14.870351,36.02240562692639,2019-05-08
c0387,37.63164,14.870351,32.71755964313529,2019-05-09
c0387,37.63164,14.870351,32.48806643256934,2019-05-10
c0387,37.63164,14.870351,34.065422234364064,2019-05-11
c0387,37.63164,14.870351,30.830510317385425,2019-05-12
c0387,37.63164,14.870351,28.561940838870367,2019-05-13
c0387,37.63164,14.870351,27.092949689351293,2019-05-14
c0387,37.63164,14.870351,31.83896664389666,2019-05-15
c0387,37.63164,14.870351,,2019-05-16
c0387,37.63164,14.870351,32.50128457304187,2019-05-17
c0387,37.63164,14.870351,27.40427675760455,2019-05-18
c0387,37.63164,14.870351,31.29757017940101,2019-05-19
c0387,37.63164,14.870351,30.64320408217677,2019-05-20
c0387,37.63164,14.870351,34.76045271301603,2019-05-21
c0387,37.63164,14.870351,32.382016307715375,2019-05-22
c0387,37.63164,14.870351,32.064690126651,2019-05-23
c0387,37.63164,14.870351,33.101440510925265,2019-05-24
c0387,37.63164,14.870351,32.89081193242269,2019-05-25
c0387,37.63164,14.870351,28.768841177225113,2019-05-26
c0387,37.63164,14.870351,29.790972418281054,2019-05-27
c0387,37.63164,14.870351,32.440657850539075,2019-05-28
c0387,37.63164,14.870351,,2019-05-29
c0387,37.63164,14.870351,27.270640910583584,2019-05-30
c0387,37.63164,14.870351,32.92045004244353,2019-05-31
c0387,37.63164,14.870351,26.24620385597559,2019-06-01
c0387,37.63164,14.870351,23.27801366485007,2019-06-02
c0387,37.63164,14.870351,31.54403675118435,2019-06-03
c0387,37.63164,14.870351,28.921840103901072,2019-06-04
c0387,37.63164,14.870351,33.95232923501372,2019-06-05
c0387,37.63164,14.870351,27.446413339460168,2019-06-06
c0387,37.63164,14.870351,33.580077813145465,2019-06-07
c0387,37.63164,14.870351,31.98335214611793,2019-06-08
c0387,37.63164,14.870351,30.346966154674032,2019-06-09
c0387,37.63164,14.870351,30.407240006883946,2019-06-10
c0387,37.63164,14.870351,31.76544702532953,2019-06-11
c0387,37.63164,14.870351,27.196343397033697,2019-06-12
c0387,37.63164,14.870351,29.89400923710641,2019-06-13
c0387,37.63164,14.870351,29.667678444878607,2019-06-14
c0387,37.63164,14.870351,28.987057933827284,2019-06-15
c0387,37.63164,14.870351,30.860373868587203,2019-06-16
c0387,37.63164,14.870351,26.911870350986874,2019-06-17
c0387,37.63164,14.870351,29.399925564470568,2019-06-18
c0387,37.63164,14.870351,29.795681056713153,2019-06-19
c0387,37.63164,14.870351,30.688800211793655,2019-06-20
c0387,37.63164,14.870351,30.430104387640476,2019-06-21
c0387,37.63164,14.870351,31.07462659326238,2019-06-22
c0387,37.63164,14.870351,30.847236366292144,2019-06-23
c0387,37.63164,14.870351,28.998815048342724,2019-06-24
c0387,37.63164,14.870351,28.658087602285427,2019-06-25
c0387,37.63164,14.870351,33.47557990791245,2019-06-26
c0387,37.63164,14.870351,26.02633217295823,2019-06-27
c0387,37.63164,14.870351,29.100902284716284,2019-06-28
c0387,37.63164,14.870351,27.83932491420855,2019-06-29
c0387,37.63164,14.870351,28.722165211235104,2019-06-30
c0387,37.63164,14.870351,30.268676145893824,2019-07-01
c0387,37.63164,14.870351,29.201376086711253,2019-07-02
c0387,37.63164,14.870351,27.76665491833473,2019-07-03
c0387,37.63164,14.870351,25.17154505476574,2019-07-04
c0387,37.63164,14.870351,29.87383407588833,2019-07-05
c0387,37.63164,14.870351,27.952635928356916,2019-07-06
c0387,37.63164,14.870351,29.571096042470813,2019-07-07
c0387,37.63164,14.870351,25.975821969806248,2019-07-08
c0387,37.63164,14.870351,26.898907887211113,2019-07-09
c0387,37.63164,14.870351,27.091369024100235,2019-07-10
c0387,37.63164,14.870351,25.444939736061084,2019-07-11
c0387,37.63164,14.870351,25.67144391262954,2019-07-12
c0387,37.63164,14.870351,26.84891697277772,2019-07-13
c0387,37.63164,14.870351,28.16795218057145,2019-07-14
c0387,37.63164,14.870351,24.380371022952023,2019-07-16
c0387,37.63164,14.870351,29.97273564310579,2019-07-17
c0387,37.63164,14.870351,29.795864110986543,2019-07-18
c0387,37.63164,14.870351,29.835839756765907,2019-07-19
c0387,37.63164,14.870351,29.343390760036836,2019-07-20
c0387,37.63164,14.870351,27.877532229316444,2019-07-21
c0387,37.63164,14.870351,31.161630048896377,2019-07-22
c0387,37.63164,14.870351,28.18306231780334,2019-07-23
c0387,37.63164,14.870351,30.813527242164778,2019-07-24
c0387,37.63164,14.870351,29.676554397051643,2019-07-25
c0387,37.63164,14.870351,27.24206211111128,2019-07-26
c0387,37.63164,14.870351,24.122917761453216,2019-07-27
c0387,37.63164,14.870351,24.391784651158,2019-07-28
c0387,37.63164,14.870351,24.083989298273544,2019-07-29
c0387,37.63164,14.870351,26.86491267687756,2019-07-30
c0387,37.63164,14.870351,28.118556520012664,2019-07-31
c0387,37.63164,14.870351,27.165787604709127,2019-08-01
c0387,37.63164,14.870351,26.638779497029734,2019-08-02
c0387,37.63164,14.870351,27.625271981833706,2019-08-03
c0387,37.63164,14.870351,28.35930665027973,2019-08-04
c0387,37.63164,14.870351,31.163613000162645,2019-08-05
c0387,37.63164,14.870351,28.01747794226464,2019-08-06
c0387,37.63164,14.870351,29.84236267158533,2019-08-07
c0387,37.63164,14.870351,29.632060516813414,2019-08-08
c0387,37.63164,14.870351,29.411384851586707,2019-08-09
c0387,37.63164,14.870351,31.95365549399869,2019-08-10
c0387,37.63164,14.870351,31.238464344013657,2019-08-11
c0387,37.63164,14.870351,30.377765771105707,2019-08-12
c0387,37.63164,14.870351,27.623871168841067,2019-08-13
c0387,37.63164,14.870351,32.27738059554999,2019-08-14
c0387,37.63164,14.870351,31.54011463518926,2019-08-15
c0387,37.63164,14.870351,28.62422246684708,2019-08-16
c0387,37.63164,14.870351,27.021357941847704,2019-08-17
c0387,37.63164,14.870351,30.091583523250232,2019-08-18
c0387,37.63164,14.870351,28.46515570436918,2019-08-19
c0387,37.63164,14.870351,27.014309072066197,2019-08-20
c0387,37.63164,14.870351,30.140724991594585,2019-08-21
c0387,37.63164,14.870351,,2019-08-22
c0387,37.63164,14.870351,31.77692940285937,2019-08-23
c0387,37.63164,14.870351,29.67808443050919,2019-08-24
c0387,37.63164,14.870351,32.658090610145535,2019-08-25
c0387,37.63164,14.870351,31.393348088345473,2019-08-26
c0387,37.63164,14.870351,28.47819017238065,2019-08-27
c0387,37.63164,14.870351,31.24780589788676,2019-08-28
c0387,37.63164,14.870351,24.53369511559468,2019-08-29
c0387,37.63164,14.870351,29.233285289736855,2019-08-30
c0387,37.63164,14.870351,29.125122555946856,2019-08-31
c0387,37.63164,14.870351,27.09466070627793,2019-09-01
c0387,37.63164,14.870351,26.60341139893996,2019-09-02
c0387,37.63164,14.870351,27.521086138601497,2019-09-03
c0387,37.63164,14.870351,,2019-09-04
c0387,37.63164,14.870351,32.11563930938398,2019-09-05
c0387,37.63164,14.870351,24.87284217017601,2019-09-06
c0387,37.63164,14.870351,29.43395991365671,2019-09-07
c0387,37.63164,14.870351,30.61140831661939,2019-09-08
c0387,37.63164,14.870351,28.467002363377745,2019-09-09
c0387,37.63164,14.870351,27.460288328883298,2019-09-10
c0387,37.63164,14.870351,27.967996552886685,2019-09-11
c0387,37.63164,14.870351,26.544119679771917,2019-09-12
c0387,37.63164,14.870351,28.574402287047025,2019-09-13
c0387,37.63164,14.870351,25.666651323975344,2019-09-14
c0387,37.63164,14.870351,29.715794005716305,2019-09-15
c0387,37.63164,14.870351,26.272991151662332,2019-09-16
c0387,37.63164,14.870351,28.079676934430395,2019-09-17
c0387,37.63164,14.870351,27.323436513489675,2019-09-18
c0387,37.63164,14.870351,26.94286532946879,2019-09-19
c0387,37.63164,14.870351,,2019-09-20
c0387,37.63164,14.870351,28.994737668580065,2019-09-21
c0387,37.63164,14.870351,24.90706060131768,2019-09-22
c0387,37.63164,14.870351,26.460148723447276,2019-09-23
c0387,37.63164,14.870351,26.858108310631035,2019-09-24
c0387,37.63164,14.870351,25.441514485590535,2019-09-25
c0387,37.63164,14.870351,29.03923575605473,2019-09-26
c0387,37.63164,14.870351,29.69658112896925,2019-09-27
c0387,37.63164,14.870351,28.17295499362579,2019-09-28
c0387,37.63164,14.870351,27.980618359081152,2019-09-29
c0387,37.63164,14.870351,27.45533524398633,2019-09-30
c0387,37.63164,14.870351,26.313979178247116,2019-10-01
c0387,37.63164,14.870351,27.111024057105976,2019-10-02
c0387,37.63164,14.870351,25.083477597167764,2019-10-03
c0387,37.63164,14.870351,27.677604037296664,2019-10-04
c0387,37.63164,14.870351,26.212901883950934,2019-10-05
c0387,37.63164,14.870351,25.46645832160821,2019-10-06
c0387,37.63164,14.870351,19.153401654349167,2019-10-07
c0387,37.63164,14.870351,26.360701514813524,2019-10-08
c0387,37.63164,14.870351,26.00378309696998,2019-10-09
c0387,37.63164,14.870351,29.241737956167142,2019-10-10
c0387,37.63164,14.870351,30.20049325196275,2019-10-11
c0387,37.63164,14.870351,27.20789347229605,2019-10-12
c0387,37.63164,14.870351,28.761489947245305,2019-10-13
c0387,37.63164,14.870351,27.889488695484665,2019-10-14
c0387,37.63164,14.870351,26.426880002590146,2019-10-15
c0387,37.63164,14.870351,28.98392913207105,2019-10-16
c0387,37.63164,14.870351,25.964211300832822,2019-10-17
c0387,37.63164,14.870351,27.740045932469616,2019-10-18
c0387,37.63164,14.870351,25.691232611460865,2019-10-19
c0387,37.63164,14.870351,22.855573927271937,2019-10-20
c0387,37.63164,14.870351,24.989935299564344,2019-10-21
c0387,37.63164,14.870351,26.751479743716065,2019-10-22
c0387,37.63164,14.870351,23.866855735029898,2019-10-23
c0387,37.63164,14.870351,26.88403163432464,2019-10-24
c0387,37.63164,14.870351,,2019-10-25
c0387,37.63164,14.870351,26.15141123533249,2019-10-26
c0387,37.63164,14.870351,25.181952567183856,2019-10-27
c0387,37.63164,14.870351,27.135165916627063,2019-10-28
c0387,37.63164,14.870351,23.45668053231777,2019-10-29
c0387,37.63164,14.870351,24.690438302146944,2019-10-30
c0387,37.63164,14.870351,26.74668624311985,2019-10-31
c0387,37.63164,14.870351,29.819178123597897,2019-11-01
c0387,37.63164,14.870351,24.81108537890978,2019-11-02
c0387,37.63164,14.870351,24.523063119891376,2019-11-03
c0387,37.63164,14.870351,27.16517289752972,2019-11-04
c0387,37.63164,14.870351,23.0950040612173,2019-11-05
c0387,37.63164,14.870351,,2019-11-06
c0387,37.63164,14.870351,,2019-11-07
c0387,37.63164,14.870351,26.33619918537193,2019-11-08
c0387,37.63164,14.870351,27.332001361065263,2019-11-09
c0387,37.63164,14.870351,27.043077704511862,2019-11-10
c0387,37.63164,14.870351,,2019-11-11
c0387,37.63164,14.870351,26.940860525679117,2019-11-13
c0387,37.63164,14.870351,27.20542633096911,2019-11-14
c0387,37.63164,14.870351,25.092347616090493,2019-11-15
c0387,37.63164,14.870351,25.99829951359175,2019-11-16
c0387,37.63164,14.870351,20.87122656409115,2019-11-17
c0387,37.63164,14.870351,25.699753547114152,2019-11-18
c0387,37.63164,14.870351,,2019-11-19
c0387,37.63164,14.870351,28.585501109818622,2019-11-20
c0387,37.63164,14.870351,23.26320404045898,2019-11-21
c0387,37.63164,14.870351,25.82551886732084,2019-11-22
c0387,37.63164,14.870351,28.78393592715272,2019-11-25
c0387,37.63164,14.870351,26.92531112821876,2019-11-26
c0387,37.63164,14.870351,26.120435272875323,2019-11-27
c0387,37.63164,14.870351,26.399648395712845,2019-11-28
c0387,37.63164,14.870351,27.48491621517385,2019-11-29
c0387,37.63164,14.870351,29.444180843129107,2019-11-30
c0387,37.63164,14.870351,25.961407945676637,2019-12-01
c0387,37.63164,14.870351,26.60975887619005,2019-12-02
c0387,37.63164,14.870351,24.507522391460867,2019-12-03
c0387,37.63164,14.870351,26.45360020757541,2019-12-04
c0387,37.63164,14.870351,27.899222616259586,2019-12-05
c0387,37.63164,14.870351,,2019-12-06
c0387,37.63164,14.870351,27.967639472879306,2019-12-07
c0387,37.63164,14.870351,28.71922893294388,2019-12-08
c0387,37.63164,14.870351,24.831592778327963,2019-12-09
c0387,37.63164,14.870351,24.90089976859728,2019-12-10
c0387,37.63164,14.870351,,2019-12-11
c0387,37.63164,14.870351,29.384463295350084,2019-12-12
c0387,37.63164,14.870351,24.1198795348495,2019-12-13
c0387,37.63164,14.870351,27.48761716380376,2019-12-14
c0387,37.63164,14.870351,,2019-12-15
c0387,37.63164,14.870351,26.19502148421395,2019-12-16
c0387,37.63164,14.870351,26.84886372789111,2019-12-17
c0387,37.63164,14.870351,,2019-12-18
c0387,37.63164,14.870351,25.359612370351464,2019-12-19
c0387,37.63164,14.870351,29.031623662475692,2019-12-20
c0387,37.63164,14.870351,,2019-12-21
c0387,37.63164,14.870351,27.602989032754827,2019-12-22
c0387,37.63164,14.870351,27.562278530636178,2019-12-23
c0387,37.63164,14.870351,28.590614256811516,2019-12-24
c0387,37.63164,14.870351,27.91277064236005,2019-12-25
c0387,37.63164,14.870351,28.703230455651344,2019-12-26
c0387,37.63164,14.870351,29.988860884392427,2019-12-27
c0387,37.63164,14.870351,32.5110727832925,2019-12-28
c0387,37.63164,14.870351,34.184810370614876,2019-12-29
c0387,37.63164,14.870351,28.73164254285241,2019-12-30
c0387,37.63164,14.870351,36.84672092984027,2019-12-31
c0387,37.63164,14.870351,33.33674243333102,2020-01-01
c0387,37.63164,14.870351,33.60046691025229,2020-01-02
c0387,37.63164,14.870351,31.68582656345053,2020-01-03
c0387,37.63164,14.870351,29.824867697834986,2020-01-04
c0387,37.63164,14.870351,32.0912675037499,2020-01-05
c0387,37.63164,14.870351,30.70800221225911,2020-01-06
c0387,37.63164,14.870351,28.862084994238582,2020-01-07
c0387,37.63164,14.870351,29.86774940254334,2020-01-08
c0387,37.63164,14.870351,29.989635454833213,2020-01-09
c0387,37.63164,14.870351,30.931129813046343,2020-01-10
c0387,37.63164,14.870351,26.972161907414133,2020-01-11
c0387,37.63164,14.870351,31.776380584334767,2020-01-12
c0387,37.63164,14.870351,32.160383964284115,2020-01-13
c0387,37.63164,14.870351,33.24837637071449,2020-01-14
c0387,37.63164,14.870351,28.51484924398454,2020-01-15
c0387,37.63164,14.870351,33.021774660201295,2020-01-16
c0387,37.63164,14.870351,32.151695962726144,2020-01-17
c0387,37.63164,14.870351,34.13745353443793,2020-01-18
c0387,37.63164,14.870351,32.20589666669884,2020-01-19
c0387,37.63164,14.870351,,2020-01-20
c0387,37.63164,14.870351,,2020-01-21
c0387,37.63164,14.870351,28.47650340522674,2020-01-22
c0387,37.63164,14.870351,29.74307987694929,2020-01-23
c0387,37.63164,14.870351,24.78481484072834,2020-01-24
c0387,37.63164,14.870351,29.35139665766072,2020-01-25
c0387,37.63164,14.870351,32.961595966551066,2020-01-26
c0387,37.63164,14.870351,33.24880477908186,2020-01-27
c0387,37.63164,14.870351,29.068059539048303,2020-01-28
c0387,37.63164,14.870351,32.170213490819165,2020-01-29
c0387,37.63164,14.870351,34.89001259904976,2020-01-30
c0387,37.63164,14.870351,,2020-01-31
c0387,37.63164,14.870351,29.19706144315683,2020-02-01
c0387,37.63164,14.870351,33.932839159228614,2020-02-02
c0387,37.63164,14.870351,28.153708346935616,2020-02-03
c0387,37.63164,14.870351,29.693542524094266,2020-02-04
c0387,37.63164,14.870351,23.020498536882563,2020-02-05
c0387,37.63164,14.870351,30.72568412357556,2020-02-06
c0387,37.63164,14.870351,36.07492351238663,2020-02-07
c0387,37.63164,14.870351,33.582537034201245,2020-02-08
c0387,37.63164,14.870351,32.92645602548518,2020-02-09
c0387,37.63164,14.870351,31.86800703406334,2020-02-10
c0387,37.63164,14.870351,31.386506432140138,2020-02-11
c0387,37.63164,14.870351,28.332328229826093,2020-02-12
c0387,37.63164,14.870351,,2020-02-13
c0387,37.63164,14.870351,34.29019717990855,2020-02-14
c0387,37.63164,14.870351,34.49682525646322,2020-02-15
c0387,37.63164,14.870351,29.74943975713373,2020-02-16
c0387,37.63164,14.870351,34.551568432455475,2020-02-17
c0387,37.63164,14.870351,32.342662979142496,2020-02-18
c0387,37.63164,14.870351,31.01077799855107,2020-02-19
c0387,37.63164,14.870351,30.205776369679334,2020-02-20
c0387,37.63164,14.870351,33.28198198885791,2020-02-21
c0387,37.63164,14.870351,34.054751181036075,2020-02-22
c0387,37.63164,14.870351,33.31144048887903,2020-02-23
c0387,37.63164,14.870351,27.23269319617875,2020-02-24
c0387,37.63164,14.870351,31.551107645842045,2020-02-25
c0387,37.63164,14.870351,27.919282325734063,2020-02-26
c0387,37.63164,14.870351,29.55071461258439,2020-02-27
c0387,37.63164,14.870351,31.544134431973777,2020-02-28
c0387,37.63164,14.870351,30.278258282207695,2020-02-29
c0387,37.63164,14.870351,30.286986844243813,2020-03-01
c0387,37.63164,14.870351,33.49010007909287,2020-03-02
c0387,37.63164,14.870351,27.188900092633208,2020-03-03
c0387,37.63164,14.870351,32.02633023406177,2020-03-04
c0387,37.63164,14.870351,34.09651452976636,2020-03-05
c0387,37.63164,14.870351,27.818952820802185,2020-03-06
c0387,37.63164,14.870351,32.11190009442254,2020-03-07
c0387,37.63164,14.870351,31.529556532838175,2020-03-08
c0387,37.63164,14.870351,31.229341776210553,2020-03-09
c0387,37.63164,14.870351,29.65221230297795,2020-03-10
c0387,37.63164,14.870351,30.619913349110444,2020-03-11
c0387,37.63164,14.870351,33.18176603922849,2020-03-12
c0387,37.63164,14.870351,29.271841369325,2020-03-13
c0387,37.63164,14.870351,29.804020606602577,2020-03-14
c0387,37.63164,14.870351,33.323360755346066,2020-03-15
c0387,37.63164,14.870351,35.4688309889261,2020-03-16
c0387,37.63164,14.870351,32.45068759042625,2020-03-17
c0387,37.63164,14.870351,,2020-03-18
c0387,37.63164,14.870351,35.72439559533302,2020-03-19
c0387,37.63164,14.870351,35.38984856710691,2020-03-20
c0387,37.63164,14.870351,,2020-03-21
c0387,37.63164,14.870351,27.133929678542625,2020-03-22
c0387,37.63164,14.870351,32.50768117405144,2020-03-23
c0387,37.63164,14.870351,,2020-03-24
c0387,37.63164,14.870351,,2020-03-25
c0387,37.63164,14.870351,30.438195475092396,2020-03-26
c0387,37.63164,14.870351,27.17775534946652,2020-03-27
c0387,37.63164,14.870351,35.73409135841104,2020-03-28
c0387,37.63164,14.870351,34.717899339499674,2020-03-29
c0387,37.63164,14.870351,36.31061983752221,2020-03-30
c0387,37.63164,14.870351,34.67195739935014,2020-03-31
c0387,37.63164,14.870351,34.27876959622414,2020-04-01
c0387,37.63164,14.870351,27.278908807958384,2020-04-02
c0387,37.63164,14.870351,,2020-04-03
c0387,37.63164,14.870351,32.73075490946687,2020-04-04
c0387,37.63164,14.870351,29.337744815342916,2020-04-05
c0387,37.63164,14.870351,26.07154472978526,2020-04-06
c0387,37.63164,14.870351,26.017272539260567,2020-04-07
c0387,37.63164,14.870351,33.46823831338765,2020-04-08
c0387,37.63164,14.870351,36.38849889974365,2020-04-09
c0387,37.63164,14.870351,34.84130509915891,2020-04-10
c0387,37.63164,14.870351,35.074480046606546,2020-04-11
c0387,37.63164,14.870351,32.958136626873554,2020-04-12
c0387,37.63164,14.870351,35.89370338600713,2020-04-13
c0387,37.63164,14.870351,33.972648744761614,2020-04-14
c0387,37.63164,14.870351,38.36029570962655,2020-04-15
c0387,37.63164,14.870351,35.94750608741636,2020-04-16
c0387,37.63164,14.870351,39.37711133547903,2020-04-17
c0387,37.63164,14.870351,36.51965870455672,2020-04-18
c0387,37.63164,14.870351,33.2944896237843,2020-04-19
c0387,37.63164,14.870351,30.021896469557912,2020-04-20
c0387,37.63164,14.870351,30.81072775195755,2020-04-21
c0387,37.63164,14.870351,33.369409205815,2020-04-22
c0387,37.63164,14.870351,31.739036464064608,2020-04-23
c0387,37.63164,14.870351,35.02481267688513,2020-04-24
c0387,37.63164,14.870351,32.332010621284866,2020-04-25
c0387,37.63164,14.870351,30.06239340647502,2020-04-26
c0387,37.63164,14.870351,35.503330002224736,2020-04-27
c0387,37.63164,14.870351,36.01204026709044,2020-04-28
c0387,37.63164,14.870351,32.9279487794845,2020-04-29
c0387,37.63164,14.870351,33.60366303481971,2020-04-30
c0387,37.63164,14.870351,37.51137090837152,2020-05-01
c0387,37.63164,14.870351,30.8512401428619,2020-05-02
c0387,37.63164,14.870351,34.846019446724355,2020-05-03
c0387,37.63164,14.870351,37.55477948593994,2020-05-04
c0387,37.63164,14.870351,34.815403160947355,2020-05-05
c0387,37.63164,14.870351,31.030348500588932,2020-05-06
c0387,37.63164,14.870351,34.68490838548215,2020-05-07
c0387,37.63164,14.870351,32.59094783580957,2020-05-08
c0387,37.63164,14.870351,32.930907445773286,2020-05-09
c0387,37.63164,14.870351,,2020-05-10
c0387,37.63164,14.870351,34.117817673196264,2020-05-11
c0387,37.63164,14.870351,35.79369628619714,2020-05-12
c0387,37.63164,14.870351,33.11275692406718,2020-05-13
c0387,37.63164,14.870351,32.85928250379139,2020-05-14
c0387,37.63164,14.870351,,2020-05-15
c0387,37.63164,14.870351,,2020-05-16
c0387,37.63164,14.870351,,2020-05-17
c0387,37.63164,14.870351,29.14309873334173,2020-05-18
c0387,37.63164,14.870351,31.559231010455917,2020-05-19
c0387,37.63164,14.870351,29.179642227274748,2020-05-20
c0387,37.63164,14.870351,33.59470572263023,2020-05-21
c0387,37.63164,14.870351,33.55566185644266,2020-05-22
c0387,37.63164,14.870351,32.62858831518002,2020-05-23
c0387,37.63164,14.870351,32.80472154213497,2020-05-24
c0387,37.63164,14.870351,33.794627487751505,2020-05-25
c0387,37.63164,14.870351,31.787481684411148,2020-05-26
c0387,37.63164,14.870351,30.802795101759656,2020-05-27
c0387,37.63164,14.870351,30.24417296306746,2020-05-28
c0387,37.63164,14.870351,32.23439385411418,2020-05-29
c0387,37.63164,14.870351,27.104922318410928,2020-05-30
c0387,37.63164,14.870351,30.648550454024267,2020-05-31
c0387,37.63164,14.870351,30.718310487910855,2020-06-01
c0387,37.63164,14.870351,29.334421831200007,2020-06-02
c0387,37.63164,14.870351,29.90638178170706,2020-06-03
c0387,37.63164,14.870351,29.911032197961703,2020-06-04
c0387,37.63164,14.870351,,2020-06-05
c0387,37.63164,14.870351,29.255471150687683,2020-06-06
c0387,37.63164,14.870351,28.48174872434047,2020-06-07
c0387,37.63164,14.870351,30.041768773417495,2020-06-08
c0387,37.63164,14.870351,28.80898611958082,2020-06-09
c0387,37.63164,14.870351,28.66678814473824,2020-06-10
c0387,37.63164,14.870351,30.52061921001548,2020-06-11
c0387,37.63164,14.870351,,2020-06-13
c0387,37.63164,14.870351,31.45802045921551,2020-06-14
c0387,37.63164,14.870351,28.498438261176815,2020-06-15
c0387,37.63164,14.870351,27.457680763723165,2020-06-16
c0387,37.63164,14.870351,27.548671812167964,2020-06-17
c0387,37.63164,14.870351,28.418692428122043,2020-06-18
c0387,37.63164,14.870351,28.812035126682,2020-06-19
c0387,37.63164,14.870351,28.159587789049635,2020-06-20
c0387,37.63164,14.870351,28.26936896337591,2020-06-21
c0387,37.63164,14.870351,29.851763751457653,2020-06-22
c0387,37.63164,14.870351,29.124648431038384,2020-06-23
c0387,37.63164,14.870351,28.71902844980989,2020-06-24
c0387,37.63164,14.870351,28.9052585840821,2020-06-25
c0387,37.63164,14.870351,27.962988859435587,2020-06-26
c0387,37.63164,14.870351,28.857422118395004,2020-06-27
c0387,37.63164,14.870351,31.398788212180214,2020-06-28
c0387,37.63164,14.870351,30.63825399245101,2020-06-29
c0387,37.63164,14.870351,29.17873545608413,2020-06-30
c0387,37.63164,14.870351,28.659958361073553,2020-07-01
c0387,37.63164,14.870351,26.60196371169504,2020-07-02
c0387,37.63164,14.870351,28.45149556974475,2020-07-03
c0387,37.63164,14.870351,25.639715291547308,2020-07-05
c0387,37.63164,14.870351,26.2135348537408,2020-07-06
c0387,37.63164,14.870351,27.506823292181977,2020-07-07
c0387,37.63164,14.870351,28.517090007838288,2020-07-08
c0387,37.63164,14.870351,28.033280033682928,2020-07-09
c0387,37.63164,14.870351,29.69493989885466,2020-07-10
c0387,37.63164,14.870351,28.53087589766624,2020-07-11
c0387,37.63164,14.870351,27.260750599049377,2020-07-12
c0387,37.63164,14.870351,29.027684810987317,2020-07-13
c0387,37.63164,14.870351,24.29314921535725,2020-07-14
c0387,37.63164,14.870351,27.961724942245556,2020-07-16
c0387,37.63164,14.870351,30.99288935623518,2020-07-17
c0387,37.63164,14.870351,25.17357891538061,2020-07-18
c0387,37.63164,14.870351,25.695424133558173,2020-07-19
c0387,37.63164,14.870351,26.2737511001202,2020-07-20
c0387,37.63164,14.870351,27.338817357631775,2020-07-21
c0387,37.63164,14.870351,27.52270182950949,2020-07-22
c0387,37.63164,14.870351,28.261987627362863,2020-07-23
c0387,37.63164,14.870351,28.037346543516808,2020-07-24
c0387,37.63164,14.870351,29.60681770455137,2020-07-25
c0387,37.63164,14.870351,,2020-07-26
c0387,37.63164,14.870351,29.48996705199698,2020-07-27
c0387,37.63164,14.870351,27.9458041919499,2020-07-28
c0387,37.63164,14.870351,30.603058449899834,2020-07-29
c0387,37.63164,14.870351,29.22770107709493,2020-07-30
c0387,37.63164,14.870351,28.75153644880209,2020-07-31
c0387,37.63164,14.870351,26.75829541618195,2020-08-02
c0387,37.63164,14.870351,27.957520032900177,2020-08-03
c0387,37.63164,14.870351,26.421348879282338,2020-08-04
c0387,37.63164,14.870351,29.22323389244883,2020-08-05
c0387,37.63164,14.870351,26.195478303684787,2020-08-06
c0387,37.63164,14.870351,28.642739769907053,2020-08-07
c0387,37.63164,14.870351,28.79479348619441,2020-08-08
c0387,37.63164,14.870351,30.74063649026709,2020-08-09
c0387,37.63164,14.870351,28.09642942294186,2020-08-10
c0387,37.63164,14.870351,31.40323096538948,2020-08-11
c0387,37.63164,14.870351,29.150088573261172,2020-08-12
c0387,37.63164,14.870351,28.65961460094213,2020-08-13
c0387,37.63164,14.870351,29.458105915761404,2020-08-14
c0387,37.63164,14.870351,25.731421467699256,2020-08-15
c0387,37.63164,14.870351,25.3520501599674,2020-08-16
c0387,37.63164,14.870351,26.186930553399087,2020-08-17
c0387,37.63164,14.870351,27.19924845984959,2020-08-18
c0387,37.63164,14.870351,25.94935559815085,2020-08-19
c0387,37.63164,14.870351,29.323997745628585,2020-08-20
c0387,37.63164,14.870351,26.276921480909905,2020-08-21
c0387,37.63164,14.870351,27.320992492789127,2020-08-22
c0387,37.63164,14.870351,25.958709580925422,2020-08-23
c0387,37.63164,14.870351,27.70438294751413,2020-08-24
c0387,37.63164,14.870351,26.76772654556488,2020-08-25
c0387,37.63164,14.870351,23.22395478933231,2020-08-26
c0387,37.63164,14.870351,28.69656170899642,2020-08-27
c0387,37.63164,14.870351,27.28419753612977,2020-08-28
c0387,37.63164,14.870351,25.241175710595023,2020-08-29
c0387,37.63164,14.870351,27.393570847441776,2020-08-30
c0387,37.63164,14.870351,27.59111749146348,2020-08-31
c0387,37.63164,14.870351,31.144299039490797,2020-09-01
c0387,37.63164,14.870351,26.849381650609168,2020-09-02
c0387,37.63164,14.870351,27.24306422596177,2020-09-03
c0387,37.63164,14.870351,28.310243029978153,2020-09-04
c0387,37.63164,14.870351,29.14208222594483,2020-09-05
c0387,37.63164,14.870351,27.19390567084558,2020-09-06
c0387,37.63164,14.870351,27.72668119647984,2020-09-07
c0387,37.63164,14.870351,27.839365198967645,2020-09-08
c0387,37.63164,14.870351,27.271177178772597,2020-09-09
c0387,37.63164,14.870351,28.67674138645482,2020-09-10
c0387,37.63164,14.870351,27.10002370239836,2020-09-11
c0387,37.63164,14.870351,28.505792299810235,2020-09-12
c0387,37.63164,14.870351,24.62780331623831,2020-09-13
c0387,37.63164,14.870351,33.06471479572167,2020-09-15
c0387,37.63164,14.870351,,2020-09-16
c0387,37.63164,14.870351,28.167576656524293,2020-09-17
c0387,37.63164,14.870351,33.205032028618824,2020-09-18
c0387,37.63164,14.870351,28.29413705152651,2020-09-19
c0387,37.63164,14.870351,29.221313298733893,2020-09-20
c0387,37.63164,14.870351,33.896513991373126,2020-09-21
c0387,37.63164,14.870351,30.067098218527377,2020-09-22
c0387,37.63164,14.870351,28.515360660372185,2020-09-23
c0387,37.63164,14.870351,28.871740328719596,2020-09-24
c0387,37.63164,14.870351,26.00670368742536,2020-09-25
c0387,37.63164,14.870351,32.49513835538717,2020-09-26
c0387,37.63164,14.870351,31.71182008343987,2020-09-27
c0387,37.63164,14.870351,35.70072233872629,2020-09-28
c0387,37.63164,14.870351,31.075969464207624,2020-09-29
c0387,37.63164,14.870351,27.875739555741127,2020-09-30
c0387,37.63164,14.870351,36.08613357222963,2020-10-01
c0387,37.63164,14.870351,31.73340120631915,2020-10-02
c0387,37.63164,14.870351,26.938912325833517,2020-10-03
c0387,37.63164,14.870351,28.95680264146892,2020-10-04
c0387,37.63164,14.870351,25.61502819347789,2020-10-05
c0387,37.63164,14.870351,31.790137275349696,2020-10-06
c0387,37.63164,14.870351,,2020-10-07
c0387,37.63164,14.870351,27.365866544256047,2020-10-08
c0387,37.63164,14.870351,30.886059487127444,2020-10-09
c0387,37.63164,14.870351,25.42390391977803,2020-10-10
c0387,37.63164,14.870351,29.49186356647195,2020-10-11
c0387,37.63164,14.870351,26.187465576807178,2020-10-12
c0387,37.63164,14.870351,29.37778781066664,2020-10-13
c0387,37.63164,14.870351,33.35115159066303,2020-10-14
c0387,37.63164,14.870351,26.376725210608896,2020-10-15
c0387,37.63164,14.870351,29.41143432097609,2020-10-16
c0387,37.63164,14.870351,28.695251172492057,2020-10-17
c0387,37.63164,14.870351,28.432042220600696,2020-10-18
c0387,37.63164,14.870351,31.093773363881397,2020-10-19
c0387,37.63164,14.870351,30.601342957118213,2020-10-20
c0387,37.63164,14.870351,29.927445658602434,2020-10-21
c0387,37.63164,14.870351,26.68077184636492,2020-10-22
c0387,37.63164,14.870351,26.78433638034007,2020-10-23
c0387,37.63164,14.870351,27.73708089968902,2020-10-24
c0387,37.63164,14.870351,40.70169014858858,2020-10-25
c0387,37.63164,14.870351,39.8033092756009,2020-10-26
c0387,37.63164,14.870351,25.960801281003597,2020-10-27
c0387,37.63164,14.870351,29.850522660669416,2020-10-28
c0387,37.63164,14.870351,29.3256210848542,2020-10-29
c0387,37.63164,14.870351,28.828059594270975,2020-10-30
c0387,37.63164,14.870351,30.1687473866872,2020-10-31
c0387,37.63164,14.870351,27.07353900499111,2020-11-01
c0387,37.63164,14.870351,28.005239007926217,2020-11-02
c0387,37.63164,14.870351,27.289454922932617,2020-11-03
c0387,37.63164,14.870351,27.65334263365649,2020-11-04
c0387,37.63164,14.870351,26.761360588707124,2020-11-05
c0387,37.63164,14.870351,27.772208276703815,2020-11-06
c0387,37.63164,14.870351,28.558309908745983,2020-11-07
c0387,37.63164,14.870351,28.891231182767672,2020-11-08
c0387,37.63164,14.870351,27.61441277130007,2020-11-09
c0387,37.63164,14.870351,30.79036253591392,2020-11-10
c0387,37.63164,14.870351,27.38344871504361,2020-11-11
c0387,37.63164,14.870351,28.083419712083614,2020-11-12
c0387,37.63164,14.870351,30.52410850404574,2020-11-13
c0387,37.63164,14.870351,27.49336510627949,2020-11-14
c0387,37.63164,14.870351,27.458417514081074,2020-11-15
c0387,37.63164,14.870351,27.264542384790456,2020-11-16
c0387,37.63164,14.870351,24.49788501610402,2020-11-17
c0387,37.63164,14.870351,30.06593303681827,2020-11-18
c0387,37.63164,14.870351,27.82766001414769,2020-11-19
c0387,37.63164,14.870351,29.62432797171442,2020-11-20
c0387,37.63164,14.870351,27.924187992713808,2020-11-21
c0387,37.63164,14.870351,31.75510323620256,2020-11-22
c0387,37.63164,14.870351,28.072182899843277,2020-11-23
c0387,37.63164,14.870351,28.384573193048716,2020-11-24
c0387,37.63164,14.870351,30.670447514078223,2020-11-25
c0387,37.63164,14.870351,29.536477541757034,2020-11-26
c0387,37.63164,14.870351,28.75079689857913,2020-11-27
c0387,37.63164,14.870351,,2020-11-28
c0387,37.63164,14.870351,27.31355242991588,2020-11-29
c0387,37.63164,14.870351,31.25292481588528,2020-11-30
c0387,37.63164,14.870351,30.28495200118068,2020-12-01
c0387,37.63164,14.870351,30.734643049443736,2020-12-02
c0387,37.63164,14.870351,,2020-12-03
c0387,37.63164,14.870351,33.34980797630445,2020-12-04
c0387,37.63164,14.870351,30.387741281532872,2020-12-05
c0387,37.63164,14.870351,30.99280670351316,2020-12-06
c0387,37.63164,14.870351,31.965041450661413,2020-12-07
c0387,37.63164,14.870351,31.006425644741576,2020-12-08
c0387,37.63164,14.870351,26.44682660247476,2020-12-09
c0387,37.63164,14.870351,31.23078705203728,2020-12-10
c0387,37.63164,14.870351,30.812079854736503,2020-12-11
c0387,37.63164,14.870351,30.080096323196532,2020-12-12
c0387,37.63164,14.870351,32.27484748302831,2020-12-13
c0387,37.63164,14.870351,29.996907983659145,2020-12-14
c0387,37.63164,14.870351,29.41670666122786,2020-12-15
c0387,37.63164,14.870351,25.88310109394855,2020-12-16
c0387,37.63164,14.870351,29.86444190050862,2020-12-17
c0387,37.63164,14.870351,,2020-12-18
c0387,37.63164,14.870351,26.155300353157333,2020-12-19
c0387,37.63164,14.870351,27.79155414825244,2020-12-20
c0387,37.63164,14.870351,33.43553635968153,2020-12-21
c0387,37.63164,14.870351,27.951789560508185,2020-12-22
c0387,37.63164,14.870351,29.21219295027771,2020-12-23
c0387,37.63164,14.870351,26.49828034380932,2020-12-24
c0387,37.63164,14.870351,28.575194557700204,2020-12-25
c0387,37.63164,14.870351,,2020-12-26
c0387,37.63164,14.870351,29.97261654825792,2020-12-27
c0387,37.63164,14.870351,28.794692561276143,2020-12-28
c0387,37.63164,14.870351,31.657041777584883,2020-12-29
c0387,37.63164,14.870351,30.055000583567644,2020-12-30
c0387,37.63164,14.870351,33.74211555924222,2020-12-31
c0387,37.63164,14.870351,30.608186911934776,2021-01-02
c0387,37.63164,14.870351,31.91356586968801,2021-01-03
c0387,37.63164,14.870351,32.776406536818186,2021-01-04
c0387,37.63164,14.870351,29.77482970442984,2021-01-05
c0387,37.63164,14.870351,30.33413150320874,2021-01-06
c0387,37.63164,14.870351,29.522640849339624,2021-01-07
c0387,37.63164,14.870351,30.157663513834517,2021-01-08
c0387,37.63164,14.870351,33.02282869301151,2021-01-09
c0387,37.63164,14.870351,,2021-01-10
c0387,37.63164,14.870351,32.243556940717525,2021-01-11
c0387,37.63164,14.870351,30.156881372863108,2021-01-12
c0387,37.63164,14.870351,30.4266373011163,2021-01-13
c0387,37.63164,14.870351,31.656510058540196,2021-01-14
c0387,37.63164,14.870351,33.007840191084384,2021-01-15
c0387,37.63164,14.870351,31.82481040233604,2021-01-16
c0387,37.63164,14.870351,31.400683792827067,2021-01-17
c0387,37.63164,14.870351,35.72230623997138,2021-01-18
c0387,37.63164,14.870351,33.44774765345787,2021-01-19
c0387,37.63164,14.870351,33.701675013648845,2021-01-20
c0387,37.63164,14.870351,,2021-01-21
c0387,37.63164,14.870351,,2021-01-22
c0387,37.63164,14.870351,36.352595307603906,2021-01-23
c0387,37.63164,14.870351,,2021-01-24
c0387,37.63164,14.870351,23.91642153674723,2021-01-25
c0387,37.63164,14.870351,33.04819159376104,2021-01-26
c0387,37.63164,14.870351,33.040374432788504,2021-01-27
c0387,37.63164,14.870351,33.46885730832365,2021-01-28
c0387,37.63164,14.870351,,2021-01-29
c0387,37.63164,14.870351,,2021-01-30
c0387,37.63164,14.870351,29.006750047226134,2021-01-31
c0387,37.63164,14.870351,30.25596179160219,2021-02-01
c0387,37.63164,14.870351,29.79337338453547,2021-02-02
c0387,37.63164,14.870351,32.287847436866684,2021-02-03
c0387,37.63164,14.870351,26.245190603962808,2021-02-04
c0387,37.63164,14.870351,27.627775808666694,2021-02-05
c0387,37.63164,14.870351,28.674452197515112,2021-02-06
c0387,37.63164,14.870351,32.094165637250626,2021-02-07
c0387,37.63164,14.870351,28.30155141191483,2021-02-08
c0387,37.63164,14.870351,32.391680733275024,2021-02-09
c0387,37.63164,14.870351,29.95784473485784,2021-02-10
c0387,37.63164,14.870351,31.59990110454608,2021-02-11
c0387,37.63164,14.870351,,2021-02-12
c0387,37.63164,14.870351,29.27385302752784,2021-02-13
c0387,37.63164,14.870351,32.26554650273049,2021-02-14
c0387,37.63164,14.870351,37.51862671560677,2021-02-15
c0387,37.63164,14.870351,32.33193886571364,2021-02-16
c0387,37.63164,14.870351,32.28653743703652,2021-02-17
c0387,37.63164,14.870351,31.84870180209352,2021-02-18
c0387,37.63164,14.870351,32.78160591767305,2021-02-19
c0387,37.63164,14.870351,29.93334087405587,2021-02-20
c0387,37.63164,14.870351,30.176777739225276,2021-02-21
c0387,37.63164,14.870351,33.71618655219183,2021-02-22
c0387,37.63164,14.870351,31.708908189968827,2021-02-23
c0387,37.63164,14.870351,32.34359736341272,2021-02-24
c0387,37.63164,14.870351,34.2963015024289,2021-02-25
c0387,37.63164,14.870351,30.588007912059037,2021-02-26
c0387,37.63164,14.870351,33.03331269343999,2021-02-27
c0387,37.63164,14.870351,27.739929019988693,2021-02-28
c0387,37.63164,14.870351,33.041224672221155,2021-03-01
c0387,37.63164,14.870351,31.386018177697625,2021-03-02
c0387,37.63164,14.870351,35.5243844872087,2021-03-03
c0387,37.63164,14.870351,32.74849315429354,2021-03-04
c0387,37.63164,14.870351,32.55355191369027,2021-03-05
c0387,37.63164,14.870351,35.08110021532961,2021-03-06
c0387,37.63164,14.870351,34.428919131021296,2021-03-07
c0387,37.63164,14.870351,28.278928028387742,2021-03-08
c0387,37.63164,14.870351,31.751352321704207,2021-03-09
c0387,37.63164,14.870351,37.228261904331625,2021-03-10
c0387,37.63164,14.870351,33.68737693737206,2021-03-11
c0387,37.63164,14.870351,28.85474323640599,2021-03-12
c0387,37.63164,14.870351,28.193713850411218,2021-03-13
c0387,37.63164,14.870351,35.75113808616361,2021-03-14
c0387,37.63164,14.870351,37.18321685930464,2021-03-15
c0387,37.63164,14.870351,27.736045770062244,2021-03-16
c0387,37.63164,14.870351,34.89906693579446,2021-03-17
c0387,37.63164,14.870351,31.378642866451496,2021-03-18
c0387,37.63164,14.870351,32.671466896017776,2021-03-19
c0387,37.63164,14.870351,29.594079590748212,2021-03-20
c0387,37.63164,14.870351,35.32379190461313,2021-03-21
c0387,37.63164,14.870351,37.59992930367423,2021-03-22
c0387,37.63164,14.870351,34.689790315990635,2021-03-23
c0387,37.63164,14.870351,33.988940840428846,2021-03-24
c0387,37.63164,14.870351,31.00755408687079,2021-03-25
c0387,37.63164,14.870351,35.5408126410854,2021-03-26
c0387,37.63164,14.870351,32.827258851732985,2021-03-27
c0387,37.63164,14.870351,33.20485802931083,2021-03-28
c0387,37.63164,14.870351,36.54391491289436,2021-03-29
c0387,37.63164,14.870351,38.06546034791685,2021-03-30
c0387,37.63164,14.870351,37.364207766011546,2021-03-31
c0387,37.63164,14.870351,33.72898955488973,2021-04-01
c0387,37.63164,14.870351,33.28618253712079,2021-04-02
c0387,37.63164,14.870351,37.58181308044925,2021-04-03
c0387,37.63164,14.870351,29.17252584083973,2021-04-04
c0387,37.63164,14.870351,34.2247268161975,2021-04-05
c0387,37.63164,14.870351,35.1123575151349,2021-04-06
c0387,37.63164,14.870351,30.03136258873804,2021-04-07
c0387,37.63164,14.870351,36.6629217474513,2021-04-08
c0387,37.63164,14.870351,34.48747519930515,2021-04-09
c0387,37.63164,14.870351,34.15952302606112,2021-04-10
c0387,37.63164,14.870351,34.92071201246225,2021-04-11
c0387,37.63164,14.870351,33.89736837072889,2021-04-12
c0387,37.63164,14.870351,33.436936874260915,2021-04-13
c0387,37.63164,14.870351,34.12716496203422,2021-04-14
c0387,37.63164,14.870351,,2021-04-15
c0387,37.63164,14.870351,34.27894234312838,2021-04-16
c0387,37.63164,14.870351,34.476011280469535,2021-04-17
c0387,37.63164,14.870351,30.97247378533477,2021-04-18
c0387,37.63164,14.870351,32.570927234741475,2021-04-19
c0387,37.63164,14.870351,34.35804065567712,2021-04-20
c0387,37.63164,14.870351,26.33561753355054,2021-04-21
c0387,37.63164,14.870351,,2021-04-22
c0387,37.63164,14.870351,27.465301487354772,2021-04-23
c0387,37.63164,14.870351,34.43270922950835,2021-04-24
c0387,37.63164,14.870351,32.70095277301373,2021-04-25
c0387,37.63164,14.870351,32.081544029033665,2021-04-26
c0387,37.63164,14.870351,33.03895428645668,2021-04-27
c0387,37.63164,14.870351,31.844506072232168,2021-04-28
c0387,37.63164,14.870351,32.55834259387015,2021-04-29
c0387,37.63164,14.870351,,2021-04-30
c0387,37.63164,14.870351,,2021-05-01
c0387,37.63164,14.870351,33.198146267409136,2021-05-02
c0387,37.63164,14.870351,,2021-05-03
c0387,37.63164,14.870351,32.331632708936496,2021-05-04
c0387,37.63164,14.870351,28.26332651532452,2021-05-05
c0387,37.63164,14.870351,,2021-05-06
c0387,37.63164,14.870351,29.62216107517014,2021-05-07
c0387,37.63164,14.870351,34.527576871953904,2021-05-08
c0387,37.63164,14.870351,33.218445636794456,2021-05-09
c0387,37.63164,14.870351,35.37976388393992,2021-05-10
c0387,37.63164,14.870351,29.1890590748436,2021-05-11
c0387,37.63164,14.870351,31.49220788797708,2021-05-12
c0387,37.63164,14.870351,34.378369636000485,2021-05-13
c0387,37.63164,14.870351,31.76833486338444,2021-05-14
c0387,37.63164,14.870351,30.388690870854905,2021-05-15
c0387,37.63164,14.870351,29.890341840008585,2021-05-16
c0387,37.63164,14.870351,28.800842832996608,2021-05-17
c0387,37.63164,14.870351,27.84599725854283,2021-05-18
c0387,37.63164,14.870351,28.892483461169405,2021-05-19
c0387,37.63164,14.870351,31.34586904465764,2021-05-20
c0387,37.63164,14.870351,31.63359871237337,2021-05-21
c0387,37.63164,14.870351,28.586307785798205,2021-05-22
c0387,37.63164,14.870351,27.580542519210297,2021-05-23
c0387,37.63164,14.870351,28.777847532542772,2021-05-24
c0387,37.63164,14.870351,34.51398838985756,2021-05-25
c0387,37.63164,14.870351,33.48777558040767,2021-05-26
c0387,37.63164,14.870351,23.987488078139855,2021-05-27
c0387,37.63164,14.870351,29.920056844356356,2021-05-28
c0387,37.63164,14.870351,29.514195453289386,2021-05-29
c0387,37.63164,14.870351,31.30419720168226,2021-05-30
c0387,37.63164,14.870351,31.903712147969365,2021-05-31
c0387,37.63164,14.870351,32.58975282877383,2021-06-01
c0387,37.63164,14.870351,31.21298677765054,2021-06-02
c0387,37.63164,14.870351,29.330073092923016,2021-06-03
c0387,37.63164,14.870351,29.035345999308788,2021-06-04
c0387,37.63164,14.870351,27.614097790238542,2021-06-05
c0387,37.63164,14.870351,26.343402214610848,2021-06-06
c0387,37.63164,14.870351,28.15724243398975,2021-06-07
c0387,37.63164,14.870351,29.56334920305265,2021-06-08
c0387,37.63164,14.870351,29.22366522800656,2021-06-09
c0387,37.63164,14.870351,29.634383575234665,2021-06-10
c0387,37.63164,14.870351,29.009571644615846,2021-06-11
c0387,37.63164,14.870351,29.07679001168361,2021-06-12
c0387,37.63164,14.870351,28.727714120283153,2021-06-13
c0387,37.63164,14.870351,30.622783933825563,2021-06-14
c0387,37.63164,14.870351,29.013826782343266,2021-06-15
c0387,37.63164,14.870351,30.53762981241252,2021-06-16
c0387,37.63164,14.870351,29.19317421161495,2021-06-17
c0387,37.63164,14.870351,28.6919910703424,2021-06-18
c0387,37.63164,14.870351,26.440183382803088,2021-06-19
c0387,37.63164,14.870351,23.08153114455456,2021-06-20
c0387,37.63164,14.870351,26.85725133769632,2021-06-21
c0387,37.63164,14.870351,26.988310434281004,2021-06-22
c0387,37.63164,14.870351,29.183849772385575,2021-06-23
c0387,37.63164,14.870351,34.489903077787766,2021-06-24
c0387,37.63164,14.870351,22.682985478511196,2021-06-25
c0387,37.63164,14.870351,,2021-06-26
c0387,37.63164,14.870351,29.90921917388069,2021-06-27
c0387,37.63164,14.870351,25.266605303917604,2021-06-28
c0387,37.63164,14.870351,26.331229485865553,2021-06-29
c0387,37.63164,14.870351,23.194768838199288,2021-06-30
c0387,37.63164,14.870351,26.715591189923806,2021-07-01
c0387,37.63164,14.870351,29.52850107345817,2021-07-02
c0387,37.63164,14.870351,34.63331527998941,2021-07-03
c0387,37.63164,14.870351,29.642094628418352,2021-07-04
c0387,37.63164,14.870351,25.01125495729545,2021-07-05
c0387,37.63164,14.870351,25.94196645143909,2021-07-06
c0387,37.63164,14.870351,26.832948283334712,2021-07-07
c0387,37.63164,14.870351,29.6077166377206,2021-07-08
c0387,37.63164,14.870351,30.842985370043536,2021-07-09
c0387,37.63164,14.870351,30.91340289015479,2021-07-10
c0387,37.63164,14.870351,34.70102801646093,2021-07-11
c0387,37.63164,14.870351,27.18929431897007,2021-07-12
c0387,37.63164,14.870351,30.28452738139358,2021-07-13
c0387,37.63164,14.870351,27.12978266783049,2021-07-14
c0387,37.63164,14.870351,28.236947482222515,2021-07-15
c0387,37.63164,14.870351,29.604725439262875,2021-07-16
c0387,37.63164,14.870351,25.741996198483175,2021-07-17
c0387,37.63164,14.870351,28.06252272207802,2021-07-18
c0387,37.63164,14.870351,31.66615389098151,2021-07-19
c0387,37.63164,14.870351,32.1765746987814,2021-07-20
c0387,37.63164,14.870351,31.397696244591284,2021-07-21
c0387,37.63164,14.870351,32.97889992054864,2021-07-22
c0387,37.63164,14.870351,26.499019725036415,2021-07-23
c0387,37.63164,14.870351,30.521978979185416,2021-07-24
c0387,37.63164,14.870351,31.473888705704297,2021-07-25
c0387,37.63164,14.870351,29.47949634681627,2021-07-26
c0387,37.63164,14.870351,32.4246399138204,2021-07-27
c0387,37.63164,14.870351,31.666790113875923,2021-07-28
c0387,37.63164,14.870351,29.56684544059752,2021-07-29
c0387,37.63164,14.870351,29.644635610799092,2021-07-30
c0387,37.63164,14.870351,31.279919506470183,2021-07-31
c0387,37.63164,14.870351,35.12600395666835,2021-08-01
c0387,37.63164,14.870351,36.33542873530459,2021-08-02
c0387,37.63164,14.870351,30.31839882574738,2021-08-03
c0387,37.63164,14.870351,34.158656489175435,2021-08-04
c0387,37.63164,14.870351,37.20089759144784,2021-08-05
c0387,37.63164,14.870351,32.83605040674486,2021-08-06
c0387,37.63164,14.870351,32.913376254914006,2021-08-07
c0387,37.63164,14.870351,33.146331300860304,2021-08-08
c0387,37.63164,14.870351,31.8216470501485,2021-08-09
c0387,37.63164,14.870351,34.195978481216635,2021-08-10
c0387,37.63164,14.870351,35.94139761910523,2021-08-11
c0387,37.63164,14.870351,31.775110336528076,2021-08-12
c0387,37.63164,14.870351,36.67207179431143,2021-08-13
c0387,37.63164,14.870351,36.532291651539694,2021-08-14
c0387,37.63164,14.870351,35.05557843162855,2021-08-15
c0387,37.63164,14.870351,35.29122838047602,2021-08-16
c0387,37.63164,14.870351,34.12012461177615,2021-08-17
c0387,37.63164,14.870351,35.498932008665165,2021-08-18
c0387,37.63164,14.870351,36.06948757921146,2021-08-19
c0387,37.63164,14.870351,36.52571932893567,2021-08-20
c0387,37.63164,14.870351,38.77525561251021,2021-08-21
c0387,37.63164,14.870351,33.48546375170399,2021-08-22
c0387,37.63164,14.870351,34.21639609423343,2021-08-23
c0387,37.63164,14.870351,32.157005496874994,2021-08-24
c0387,37.63164,14.870351,32.67565211416109,2021-08-25
c0387,37.63164,14.870351,32.36989068450557,2021-08-26
c0387,37.63164,14.870351,37.4803792822629,2021-08-27
c0387,37.63164,14.870351,37.495355223094414,2021-08-28
c0387,37.63164,14.870351,33.08344507136542,2021-08-29
c0387,37.63164,14.870351,33.931238302208016,2021-08-30
c0387,37.63164,14.870351,30.941912718955248,2021-08-31
c0387,37.63164,14.870351,33.51441611615924,2021-09-01
c0387,37.63164,14.870351,30.671198777534553,2021-09-02
c0387,37.63164,14.870351,30.45567167059412,2021-09-03
c0387,37.63164,14.870351,28.474067696994418,2021-09-04
c0387,37.63164,14.870351,32.725670690783126,2021-09-05
c0387,37.63164,14.870351,32.20525859805902,2021-09-06
c0387,37.63164,14.870351,31.88619226915562,2021-09-07
c0387,37.63164,14.870351,35.10474161257656,2021-09-08
c0387,37.63164,14.870351,32.76914772246982,2021-09-09
c0387,37.63164,14.870351,29.559469292691432,2021-09-10
c0387,37.63164,14.870351,,2021-09-11
c0387,37.63164,14.870351,31.633493213061683,2021-09-12
c0387,37.63164,14.870351,35.91398757593309,2021-09-13
c0387,37.63164,14.870351,33.318505288787726,2021-09-14
c0387,37.63164,14.870351,35.384430571876166,2021-09-15
c0387,37.63164,14.870351,30.301484331093853,2021-09-16
c0387,37.63164,14.870351,30.336592743347985,2021-09-17
c0387,37.63164,14.870351,28.62313708193874,2021-09-18
c0387,37.63164,14.870351,33.31641132390788,2021-09-19
c0387,37.63164,14.870351,34.10907222967346,2021-09-20
c0387,37.63164,14.870351,33.76730637914367,2021-09-21
c0387,37.63164,14.870351,27.932507462655465,2021-09-22
c0387,37.63164,14.870351,29.51869672125258,2021-09-23
c0387,37.63164,14.870351,30.070408712772966,2021-09-24
c0387,37.63164,14.870351,30.38054451917556,2021-09-25
c0387,37.63164,14.870351,26.935562656862658,2021-09-26
c0387,37.63164,14.870351,29.902766017816248,2021-09-27
c0387,37.63164,14.870351,27.35561024836776,2021-09-28
c0387,37.63164,14.870351,27.99916595583481,2021-09-30
c0387,37.63164,14.870351,28.699397765307246,2021-10-01
c0387,37.63164,14.870351,28.82658253727794,2021-10-02
c0387,37.63164,14.870351,28.439179122291648,2021-10-03
c0387,37.63164,14.870351,29.211997251837975,2021-10-04
c0387,37.63164,14.870351,,2021-10-05
c0387,37.63164,14.870351,,2021-10-06
c0387,37.63164,14.870351,28.70205011529237,2021-10-07
c0387,37.63164,14.870351,29.96634814569083,2021-10-08
c0387,37.63164,14.870351,30.17955859392315,2021-10-09
c0387,37.63164,14.870351,29.99189379709042,2021-10-10
c0387,37.63164,14.870351,31.002544433952178,2021-10-11
c0387,37.63164,14.870351,30.418509663994794,2021-10-12
c0387,37.63164,14.870351,27.56334885612157,2021-10-13
c0387,37.63164,14.870351,,2021-10-14
c0387,37.63164,14.870351,34.16479017973005,2021-10-15
c0387,37.63164,14.870351,28.535301044505506,2021-10-16
c0387,37.63164,14.870351,29.517299073873097,2021-10-17
c0387,37.63164,14.870351,26.49534943029528,2021-10-18
c0387,37.63164,14.870351,27.44048457522956,2021-10-19
c0387,37.63164,14.870351,29.489311405417183,2021-10-20
c0387,37.63164,14.870351,30.181017501991203,2021-10-21
c0387,37.63164,14.870351,25.727558613022225,2021-10-22
c0387,37.63164,14.870351,24.392470265893955,2021-10-23
c0387,37.63164,14.870351,27.713725249868418,2021-10-24
c0387,37.63164,14.870351,,2021-10-25
c0387,37.63164,14.870351,,2021-10-26
c0387,37.63164,14.870351,26.88343820009224,2021-10-27
c0387,37.63164,14.870351,27.815122212984765,2021-10-28
c0387,37.63164,14.870351,30.425999023772487,2021-10-29
c0387,37.63164,14.870351,28.48314172380576,2021-10-30
c0387,37.63164,14.870351,,2021-10-31
c0387,37.63164,14.870351,28.00327976876918,2021-11-01
c0387,37.63164,14.870351,27.542179099257915,2021-11-02
c0387,37.63164,14.870351,24.296291491550427,2021-11-03
c0387,37.63164,14.870351,25.449555759963847,2021-11-04
c0387,37.63164,14.870351,25.176851766843317,2021-11-05
c0387,37.63164,14.870351,,2021-11-06
c0387,37.63164,14.870351,25.52446290404228,2021-11-07
c0387,37.63164,14.870351,27.431749325439387,2021-11-08
c0387,37.63164,14.870351,,2021-11-09
c0387,37.63164,14.870351,26.93003477520144,2021-11-10
c0387,37.63164,14.870351,,2021-11-11
c0387,37.63164,14.870351,27.19636315120253,2021-11-12
c0387,37.63164,14.870351,26.60879536862468,2021-11-13
c0387,37.63164,14.870351,24.14301310165079,2021-11-14
c0387,37.63164,14.870351,25.050731226892132,2021-11-15
c0387,37.63164,14.870351,31.092076828329297,2021-11-16
c0387,37.63164,14.870351,28.62476216772384,2021-11-17
c0387,37.63164,14.870351,31.776252998454485,2021-11-18
c0387,37.63164,14.870351,30.954327975137844,2021-11-19
c0387,37.63164,14.870351,27.32447068025814,2021-11-20
c0387,37.63164,14.870351,26.051490974535824,2021-11-21
c0387,37.63164,14.870351,30.078221736499376,2021-11-22
c0387,37.63164,14.870351,26.96053318768994,2021-11-23
c0387,37.63164,14.870351,29.36778434646557,2021-11-24
c0387,37.63164,14.870351,28.76794227520322,2021-11-25
c0387,37.63164,14.870351,27.182763573719576,2021-11-26
c0387,37.63164,14.870351,28.767463814188144,2021-11-27
c0387,37.63164,14.870351,22.985520476330425,2021-11-28
c0387,37.63164,14.870351,27.85991765265185,2021-11-29
c0387,37.63164,14.870351,26.414808821164492,2021-11-30
c0387,37.63164,14.870351,30.27019745176712,2021-12-01
c0387,37.63164,14.870351,28.15275259831857,2021-12-02
c0387,37.63164,14.870351,21.759256705531847,2021-12-03
c0387,37.63164,14.870351,31.536757546586,2021-12-04
c0387,37.63164,14.870351,25.036416507049974,2021-12-05
c0387,37.63164,14.870351,22.830011161107112,2021-12-06
c0387,37.63164,14.870351,30.91767729783514,2021-12-07
c0387,37.63164,14.870351,29.103683102119803,2021-12-08
c0387,37.63164,14.870351,28.894441566897225,2021-12-09
c0387,37.63164,14.870351,28.277623624891103,2021-12-10
c0387,37.63164,14.870351,,2021-12-11
c0387,37.63164,14.870351,,2021-12-12
c0387,37.63164,14.870351,31.471765658868595,2021-12-13
c0387,37.63164,14.870351,26.74739140194801,2021-12-14
c0387,37.63164,14.870351,34.28147641299405,2021-12-15
c0387,37.63164,14.870351,24.389867522592283,2021-12-16
c0387,37.63164,14.870351,25.790640521872533,2021-12-17
c0387,37.63164,14.870351,31.03269396545492,2021-12-18
c0387,37.63164,14.870351,31.598937909242355,2021-12-19
c0387,37.63164,14.870351,29.681272747392665,2021-12-20
c0387,37.63164,14.870351,28.841170513629244,2021-12-21
c0387,37.63164,14.870351,27.737333341397218,2021-12-22
c0387,37.63164,14.870351,26.61713155358617,2021-12-23
c0387,37.63164,14.870351,29.375419347148412,2021-12-24
c0387,37.63164,14.870351,29.269831335844053,2021-12-25
c0387,37.63164,14.870351,25.618116410750623,2021-12-26
c0387,37.63164,14.870351,29.617684586459852,2021-12-27
c0387,37.63164,14.870351,30.0702207589754,2021-12-28
c0387,37.63164,14.870351,29.226018836108448,2021-12-29
c0387,37.63164,14.870351,28.525203630146574,2021-12-30
c0387,37.63164,14.870351,25.477949527317712,2021-12-31
c0387,37.63164,14.870351,29.84909084777444,2022-01-01
c0387,37.63164,14.870351,28.460422993843828,2022-01-02
c0387,37.63164,14.870351,29.83352889319783,2022-01-03
c0387,37.63164,14.870351,29.04929526567803,2022-01-04
c0387,37.63164,14.870351,28.673796972841235,2022-01-05
c0387,37.63164,14.870351,25.814974703529177,2022-01-06
c0387,37.63164,14.870351,25.55439039913289,2022-01-07
c0387,37.63164,14.870351,24.492551256802543,2022-01-08
c0387,37.63164,14.870351,26.381584573800456,2022-01-09
c0387,37.63164,14.870351,29.47351720336379,2022-01-10
c0387,37.63164,14.870351,28.57521078882279,2022-01-11
c0387,37.63164,14.870351,32.49903337058901,2022-01-12
c0387,37.63164,14.870351,29.450575504996717,2022-01-13
c0387,37.63164,14.870351,31.15864865692541,2022-01-14
c0387,37.63164,14.870351,29.03283809954293,2022-01-15
c0387,37.63164,14.870351,29.067406883160483,2022-01-16
c0387,37.63164,14.870351,29.393256242616655,2022-01-17
c0387,37.63164,14.870351,32.59302786297378,2022-01-18
c0387,37.63164,14.870351,32.29273154513298,2022-01-19
c0387,37.63164,14.870351,27.273088976157084,2022-01-20
c0387,37.63164,14.870351,29.893453493672215,2022-01-21
c0387,37.63164,14.870351,30.736840273284415,2022-01-22
c0387,37.63164,14.870351,28.352375907033572,2022-01-23
c0387,37.63164,14.870351,31.797455177128658,2022-01-24
c0387,37.63164,14.870351,36.38340358852909,2022-01-25
c0387,37.63164,14.870351,31.72139995212524,2022-01-26
c0387,37.63164,14.870351,27.574056202950164,2022-01-27
c0387,37.63164,14.870351,32.38947344065361,2022-01-28
c0387,37.63164,14.870351,32.01784022419565,2022-01-29
c0387,37.63164,14.870351,31.927791574225424,2022-01-30
c0387,37.63164,14.870351,29.070129851564904,2022-01-31
c0387,37.63164,14.870351,23.15072559019869,2022-02-01
c0387,37.63164,14.870351,32.47746110805506,2022-02-02
c0387,37.63164,14.870351,26.908424277637263,2022-02-03
c0387,37.63164,14.870351,32.76037646220341,2022-02-04
c0387,37.63164,14.870351,29.33449970674511,2022-02-05
c0387,37.63164,14.870351,26.93477770752829,2022-02-06
c0387,37.63164,14.870351,30.50456305714956,2022-02-07
c0387,37.63164,14.870351,31.818048040831737,2022-02-08
c0387,37.63164,14.870351,33.9572449940901,2022-02-09
c0387,37.63164,14.870351,29.423943644401422,2022-02-10
c0387,37.63164,14.870351,30.39281367882492,2022-02-11
c0387,37.63164,14.870351,28.30184231899547,2022-02-12
c0387,37.63164,14.870351,32.77157207257731,2022-02-13
c0387,37.63164,14.870351,29.581054765547375,2022-02-14
c0387,37.63164,14.870351,29.54586822998469,2022-02-15
c0387,37.63164,14.870351,27.103743785400567,2022-02-16
c0387,37.63164,14.870351,30.98080228844416,2022-02-17
c0387,37.63164,14.870351,29.761202873331392,2022-02-18
c0387,37.63164,14.870351,26.766238283706876,2022-02-19
c0387,37.63164,14.870351,,2022-02-20
c0387,37.63164,14.870351,,2022-02-22
c0387,37.63164,14.870351,30.004778807517724,2022-02-23
c0387,37.63164,14.870351,31.543730440348565,2022-02-24
c0387,37.63164,14.870351,35.11408260381842,2022-02-25
c0387,37.63164,14.870351,28.184545150316893,2022-02-26
c0387,37.63164,14.870351,29.1375141522201,2022-02-27
c0387,37.63164,14.870351,35.21894671293753,2022-02-28
c0387,37.63164,14.870351,,2022-03-01
c0387,37.63164,14.870351,33.24877324214106,2022-03-02
c0387,37.63164,14.870351,30.734632996204436,2022-03-03
c0387,37.63164,14.870351,28.897330157645552,2022-03-04
c0387,37.63164,14.870351,28.83871839815022,2022-03-05
c0387,37.63164,14.870351,33.55805894130488,2022-03-06
c0387,37.63164,14.870351,28.832290933016417,2022-03-07
c0387,37.63164,14.870351,32.989813672611454,2022-03-08
c0387,37.63164,14.870351,27.70259142955172,2022-03-09
c0387,37.63164,14.870351,30.208142603554876,2022-03-10
c0387,37.63164,14.870351,32.22155749485238,2022-03-11
c0387,37.63164,14.870351,32.272478341563904,2022-03-12
c0387,37.63164,14.870351,36.36397473154216,2022-03-13
c0387,37.63164,14.870351,27.656235841039887,2022-03-14
c0387,37.63164,14.870351,,2022-03-15
c0387,37.63164,14.870351,,2022-03-16
c0387,37.63164,14.870351,31.4291977230175,2022-03-17
c0387,37.63164,14.870351,,2022-03-18
c0387,37.63164,14.870351,25.08821049989948,2022-03-19
c0387,37.63164,14.870351,31.349890241857633,2022-03-20
c0387,37.63164,14.870351,29.80390677383243,2022-03-21
c0387,37.63164,14.870351,34.51960927379249,2022-03-22
c0387,37.63164,14.870351,30.264862082240857,2022-03-23
c0387,37.63164,14.870351,36.430662729022735,2022-03-24
c0387,37.63164,14.870351,31.628153814893864,2022-03-25
c0387,37.63164,14.870351,33.13689110176894,2022-03-26
c0387,37.63164,14.870351,28.73406770495113,2022-03-27
c0387,37.63164,14.870351,31.633500770774248,2022-03-28
c0387,37.63164,14.870351,32.23680423897779,2022-03-29
c0387,37.63164,14.870351,,2022-03-30
c0387,37.63164,14.870351,28.32930582824363,2022-03-31
c0387,37.63164,14.870351,31.288492553160353,2022-04-01
c0387,37.63164,14.870351,30.011644689641233,2022-04-02
c0387,37.63164,14.870351,,2022-04-03
c0387,37.63164,14.870351,,2022-04-04
c0387,37.63164,14.870351,29.87286851812085,2022-04-05
c0387,37.63164,14.870351,29.409897089377573,2022-04-06
c0387,37.63164,14.870351,30.23697937258717,2022-04-07
c0387,37.63164,14.870351,31.74494925226671,2022-04-08
c0387,37.63164,14.870351,34.55360212014715,2022-04-09
c0387,37.63164,14.870351,30.606466520198875,2022-04-10
c0387,37.63164,14.870351,34.83501348163083,2022-04-11
c0387,37.63164,14.870351,28.3489353330326,2022-04-12
c0387,37.63164,14.870351,29.0934146805953,2022-04-13
c0387,37.63164,14.870351,,2022-04-14
c0387,37.63164,14.870351,,2022-04-15
c0387,37.63164,14.870351,30.577783278782785,2022-04-16
c0387,37.63164,14.870351,,2022-04-17
c0387,37.63164,14.870351,30.805176595708925,2022-04-18
c0387,37.63164,14.870351,32.693884797881594,2022-04-19
c0387,37.63164,14.870351,31.60484207861635,2022-04-20
c0387,37.63164,14.870351,32.52459415612127,2022-04-21
c0387,37.63164,14.870351,27.79837150904947,2022-04-22
c0387,37.63164,14.870351,32.16428286918748,2022-04-23
c0387,37.63164,14.870351,25.54842750685066,2022-04-24
c0387,37.63164,14.870351,32.95196762413565,2022-04-25
c0387,37.63164,14.870351,28.673375365803757,2022-04-26
c0387,37.63164,14.870351,32.86359876425789,2022-04-27
c0387,37.63164,14.870351,,2022-04-28
c0387,37.63164,14.870351,,2022-04-29
c0387,37.63164,14.870351,,2022-04-30
c0387,37.63164,14.870351,25.158298144962743,2022-05-01
c0387,37.63164,14.870351,30.701416882245233,2022-05-02
c0387,37.63164,14.870351,32.4876710379182,2022-05-03
c0387,37.63164,14.870351,31.567787085019997,2022-05-04
c0387,37.63164,14.870351,30.981601668148407,2022-05-05
c0387,37.63164,14.870351,27.522083113448183,2022-05-06
c0387,37.63164,14.870351,26.540264427796465,2022-05-07
c0387,37.63164,14.870351,25.856869822566413,2022-05-08
c0387,37.63164,14.870351,26.817102467170315,2022-05-09
c0387,37.63164,14.870351,26.700492139841536,2022-05-10
c0387,37.63164,14.870351,31.786171621900436,2022-05-11
c0387,37.63164,14.870351,30.67068143862075,2022-05-12
c0387,37.63164,14.870351,30.29491797847248,2022-05-13
c0387,37.63164,14.870351,29.161048071954266,2022-05-14
c0387,37.63164,14.870351,28.465244324930133,2022-05-15
c0387,37.63164,14.870351,29.32768786158889,2022-05-16
c0387,37.63164,14.870351,29.884013145575476,2022-05-17
c0387,37.63164,14.870351,31.428767926076656,2022-05-18
c0387,37.63164,14.870351,28.725570922945163,2022-05-19
c0387,37.63164,14.870351,30.25569764172981,2022-05-20
c0387,37.63164,14.870351,28.021707632844688,2022-05-21
c0387,37.63164,14.870351,29.36867514147954,2022-05-22
c0387,37.63164,14.870351,30.86140111795162,2022-05-23
c0387,37.63164,14.870351,28.389462946826463,2022-05-24
c0387,37.63164,14.870351,29.830866639125013,2022-05-25
c0387,37.63164,14.870351,30.904818112659058,2022-05-26
c0387,37.63164,14.870351,,2022-05-27
c0387,37.63164,14.870351,27.958915640172116,2022-05-28
c0387,37.63164,14.870351,26.322989750756957,2022-05-29
c0387,37.63164,14.870351,28.34970644245225,2022-05-30
c0387,37.63164,14.870351,26.348462261341997,2022-05-31
c0387,37.63164,14.870351,25.326754544283897,2022-06-01
c0387,37.63164,14.870351,28.49888953726013,2022-06-02
c0387,37.63164,14.870351,26.5832767601129,2022-06-03
c0387,37.63164,14.870351,28.38133294944876,2022-06-04
c0387,37.63164,14.870351,30.31044149197327,2022-06-05
c0387,37.63164,14.870351,25.8687168986348,2022-06-06
c0387,37.63164,14.870351,25.319959688093043,2022-06-07
c0387,37.63164,14.870351,26.55194539552733,2022-06-08
c0387,37.63164,14.870351,25.66947718262055,2022-06-09
c0387,37.63164,14.870351,23.60578585221102,2022-06-10
c0387,37.63164,14.870351,28.40463191324995,2022-06-11
c0387,37.63164,14.870351,27.825721105704098,2022-06-12
c0387,37.63164,14.870351,26.61291442202109,2022-06-13
c0387,37.63164,14.870351,28.73368615269767,2022-06-14
c0387,37.63164,14.870351,26.63544472228506,2022-06-15
c0387,37.63164,14.870351,25.750619748736927,2022-06-16
c0387,37.63164,14.870351,27.79072861982971,2022-06-17
c0387,37.63164,14.870351,23.853796572931454,2022-06-18
c0387,37.63164,14.870351,,2022-06-19
c0387,37.63164,14.870351,27.674043929265125,2022-06-20
c0387,37.63164,14.870351,27.093564737084623,2022-06-21
c0387,37.63164,14.870351,,2022-06-22
c0387,37.63164,14.870351,26.186258366517738,2022-06-23
c0387,37.63164,14.870351,28.713909687467243,2022-06-24
c0387,37.63164,14.870351,27.138363849445486,2022-06-25
c0387,37.63164,14.870351,25.338106322064174,2022-06-26
c0387,37.63164,14.870351,26.892358285803823,2022-06-27
c0387,37.63164,14.870351,27.63333330114883,2022-06-28
c0387,37.63164,14.870351,26.525372694563487,2022-06-29
c0387,37.63164,14.870351,27.630586700318194,2022-06-30
c0387,37.63164,14.870351,24.31095442049144,2022-07-01
c0387,37.63164,14.870351,23.086931462870236,2022-07-02
c0387,37.63164,14.870351,29.446505541382923,2022-07-03
c0387,37.63164,14.870351,27.079437229103817,2022-07-04
c0387,37.63164,14.870351,25.060686332747697,2022-07-05
c0387,37.63164,14.870351,28.00501967231776,2022-07-06
c0387,37.63164,14.870351,26.80826413418336,2022-07-07
c0387,37.63164,14.870351,23.895238766733144,2022-07-08
c0387,37.63164,14.870351,25.47229513430167,2022-07-09
c0387,37.63164,14.870351,22.79862637920277,2022-07-10
c0387,37.63164,14.870351,25.28115156347168,2022-07-11
c0387,37.63164,14.870351,27.60597105356774,2022-07-12
c0387,37.63164,14.870351,28.542484161312785,2022-07-13
c0387,37.63164,14.870351,26.507460415505793,2022-07-14
c0387,37.63164,14.870351,27.509700571233637,2022-07-15
c0387,37.63164,14.870351,26.42549342100299,2022-07-16
c0387,37.63164,14.870351,25.994078101907103,2022-07-17
c0387,37.63164,14.870351,28.97663534212168,2022-07-18
c0387,37.63164,14.870351,24.557608286346507,2022-07-19
c0387,37.63164,14.870351,27.656198948839275,2022-07-20
c0387,37.63164,14.870351,27.6313933981756,2022-07-21
c0387,37.63164,14.870351,28.24724514747952,2022-07-22
c0387,37.63164,14.870351,31.168365209965035,2022-07-23
c0387,37.63164,14.870351,30.351109843275022,2022-07-24
c0387,37.63164,14.870351,29.796800233260697,2022-07-25
c0387,37.63164,14.870351,30.605505279394865,2022-07-26
c0387,37.63164,14.870351,29.657469517175677,2022-07-27
c0387,37.63164,14.870351,26.783988076322096,2022-07-28
c0387,37.63164,14.870351,26.36027480200528,2022-07-29
c0387,37.63164,14.870351,28.619171816800534,2022-07-30
c0387,37.63164,14.870351,28.578359461514577,2022-07-31
c0387,37.63164,14.870351,28.61915623373622,2022-08-01
c0387,37.63164,14.870351,27.654724849083895,2022-08-02
c0387,37.63164,14.870351,27.497985864560302,2022-08-03
c0387,37.63164,14.870351,28.014831638250005,2022-08-04
c0387,37.63164,14.870351,29.087444072037513,2022-08-05
c0387,37.63164,14.870351,27.710633710462343,2022-08-06
c0387,37.63164,14.870351,24.752358399574156,2022-08-07
c0387,37.63164,14.870351,30.567602507120444,2022-08-08
c0387,37.63164,14.870351,25.98213594288659,2022-08-09
c0387,37.63164,14.870351,25.883712629139144,2022-08-10
c0387,37.63164,14.870351,28.552222111792563,2022-08-11
c0387,37.63164,14.870351,25.109455109589977,2022-08-12
c0387,37.63164,14.870351,26.54340939618929,2022-08-13
c0387,37.63164,14.870351,25.971280817315815,2022-08-14
c0387,37.63164,14.870351,29.002919480367133,2022-08-15
c0387,37.63164,14.870351,26.5618457918483,2022-08-16
c0387,37.63164,14.870351,25.54457551345346,2022-08-17
c0387,37.63164,14.870351,29.574953017942175,2022-08-18
c0387,37.63164,14.870351,25.87748995228703,2022-08-19
c0387,37.63164,14.870351,23.00102030080617,2022-08-20
c0387,37.63164,14.870351,27.590716654202463,2022-08-21
c0387,37.63164,14.870351,25.658263318876863,2022-08-22
c0387,37.63164,14.870351,26.450820129357037,2022-08-23
c0387,37.63164,14.870351,28.7297620404392,2022-08-24
c0387,37.63164,14.870351,25.844296753137552,2022-08-25
c0387,37.63164,14.870351,24.775283351087513,2022-08-26
c0387,37.63164,14.870351,25.203559885518455,2022-08-27
c0387,37.63164,14.870351,20.253072307700663,2022-08-28
c0387,37.63164,14.870351,25.569356450268025,2022-08-29
c0387,37.63164,14.870351,28.76723802513219,2022-08-31
c0387,37.63164,14.870351,24.736269155429447,2022-09-01
c0387,37.63164,14.870351,27.391992835558224,2022-09-02
c0387,37.63164,14.870351,24.23939836447173,2022-09-03
c0387,37.63164,14.870351,24.2295198849017,2022-09-04
c0387,37.63164,14.870351,24.515625888697205,2022-09-05
c0387,37.63164,14.870351,28.00864437015863,2022-09-06
c0387,37.63164,14.870351,27.124232874524793,2022-09-07
c0387,37.63164,14.870351,25.46118084548473,2022-09-08
c0387,37.63164,14.870351,25.526457247228812,2022-09-09
c0387,37.63164,14.870351,22.948205298173132,2022-09-10
c0387,37.63164,14.870351,23.652500918724005,2022-09-11
c0387,37.63164,14.870351,23.315055207314256,2022-09-12
c0387,37.63164,14.870351,24.331138781509065,2022-09-13
c0387,37.63164,14.870351,23.34364064506209,2022-09-14
c0387,37.63164,14.870351,23.84374602779133,2022-09-15
c0387,37.63164,14.870351,27.158125493877396,2022-09-16
c0387,37.63164,14.870351,25.073015222535872,2022-09-17
c0387,37.63164,14.870351,26.72524200995046,2022-09-18
c0387,37.63164,14.870351,25.92233704131427,2022-09-19
c0387,37.63164,14.870351,23.498109625990583,2022-09-20
c0387,37.63164,14.870351,25.453980998290383,2022-09-21
c0387,37.63164,14.870351,,2022-09-22
c0387,37.63164,14.870351,25.659789556108457,2022-09-23
c0387,37.63164,14.870351,,2022-09-24
c0387,37.63164,14.870351,25.945527030647114,2022-09-25
c0387,37.63164,14.870351,24.32332229717318,2022-09-26
c0387,37.63164,14.870351,20.497697222154013,2022-09-27
c0387,37.63164,14.870351,22.92378609725491,2022-09-28
c0387,37.63164,14.870351,24.017309641131213,2022-09-29
c0387,37.63164,14.870351,21.098846601051697,2022-09-30
c0387,37.63164,14.870351,26.008854305665103,2022-10-01
c0387,37.63164,14.870351,27.54033801595505,2022-10-02
c0387,37.63164,14.870351,25.015804647257585,2022-10-03
c0387,37.63164,14.870351,25.72138403138305,2022-10-04
c0387,37.63164,14.870351,24.34076392481089,2022-10-05
c0387,37.63164,14.870351,25.23377979481365,2022-10-06
c0387,37.63164,14.870351,23.147679771037897,2022-10-07
c0387,37.63164,14.870351,25.16027289880807,2022-10-08
c0387,37.63164,14.870351,23.624741764683648,2022-10-09
c0387,37.63164,14.870351,22.47286085384336,2022-10-10
c0387,37.63164,14.870351,25.79351776411704,2022-10-11
c0387,37.63164,14.870351,23.30289986033429,2022-10-12
c0387,37.63164,14.870351,,2022-10-13
c0387,37.63164,14.870351,24.053581124671936,2022-10-14
c0387,37.63164,14.870351,22.337335794173416,2022-10-15
c0387,37.63164,14.870351,23.925306274194696,2022-10-16
c0387,37.63164,14.870351,24.934678332262497,2022-10-17
c0387,37.63164,14.870351,25.33435659329232,2022-10-18
c0387,37.63164,14.870351,23.7395984095474,2022-10-19
c0387,37.63164,14.870351,22.621102037900982,2022-10-20
c0387,37.63164,14.870351,24.179505141123727,2022-10-21
c0387,37.63164,14.870351,25.47507204722465,2022-10-22
c0387,37.63164,14.870351,24.04286896655651,2022-10-23
c0387,37.63164,14.870351,24.65763835295864,2022-10-24
c0387,37.63164,14.870351,23.410221465204295,2022-10-25
c0387,37.63164,14.870351,19.873985495025213,2022-10-26
c0387,37.63164,14.870351,23.989367702044873,2022-10-27
c0387,37.63164,14.870351,25.077136042941053,2022-10-28
c0387,37.63164,14.870351,25.14199533965528,2022-10-29
c0387,37.63164,14.870351,24.819084094161823,2022-10-30
c0387,37.63164,14.870351,22.66645046032134,2022-10-31
c0387,37.63164,14.870351,23.28915826103886,2022-11-01
c0387,37.63164,14.870351,23.82687207018977,2022-11-02
c0387,37.63164,14.870351,25.114457728961103,2022-11-03
c0387,37.63164,14.870351,25.747095804301228,2022-11-04
c0387,37.63164,14.870351,24.044252154813048,2022-11-05
c0387,37.63164,14.870351,26.04630849149599,2022-11-06
c0387,37.63164,14.870351,21.53139639896428,2022-11-07
c0387,37.63164,14.870351,22.78889826382772,2022-11-08
c0387,37.63164,14.870351,24.899580559355297,2022-11-09
c0387,37.63164,14.870351,26.06929699739295,2022-11-10
c0387,37.63164,14.870351,25.835076266420444,2022-11-11
c0387,37.63164,14.870351,21.36692121866769,2022-11-12
c0387,37.63164,14.870351,,2022-11-13
c0387,37.63164,14.870351,21.63903142691394,2022-11-14
c0387,37.63164,14.870351,,2022-11-15
c0387,37.63164,14.870351,,2022-11-16
c0387,37.63164,14.870351,26.130578341760717,2022-11-17
c0387,37.63164,14.870351,23.65415476128748,2022-11-18
c0387,37.63164,14.870351,24.571702166895385,2022-11-19
c0387,37.63164,14.870351,21.362271341047514,2022-11-20
c0387,37.63164,14.870351,28.54000805723331,2022-11-21
c0387,37.63164,14.870351,24.850729277073523,2022-11-22
c0387,37.63164,14.870351,24.926536833710937,2022-11-23
c0387,37.63164,14.870351,28.311036598029386,2022-11-24
c0387,37.63164,14.870351,27.56602870326109,2022-11-25
c0387,37.63164,14.870351,,2022-11-26
c0387,37.63164,14.870351,24.5147033094126,2022-11-27
c0387,37.63164,14.870351,28.15149170068406,2022-11-28
c0387,37.63164,14.870351,28.721477413256885,2022-11-29
c0387,37.63164,14.870351,22.332295928840654,2022-11-30
c0387,37.63164,14.870351,27.94989702385576,2022-12-01
c0387,37.63164,14.870351,22.107068710419835,2022-12-02
c0387,37.63164,14.870351,26.389080494634236,2022-12-03
c0387,37.63164,14.870351,26.94737649113269,2022-12-04
c0387,37.63164,14.870351,29.834370009609987,2022-12-05
c0387,37.63164,14.870351,25.672342393453256,2022-12-06
c0387,37.63164,14.870351,27.73829886882659,2022-12-07
c0387,37.63164,14.870351,28.950279321368868,2022-12-08
c0387,37.63164,14.870351,,2022-12-09
c0387,37.63164,14.870351,,2022-12-10
c0387,37.63164,14.870351,29.930495975638916,2022-12-11
c0387,37.63164,14.870351,26.644372806469967,2022-12-12
c0387,37.63164,14.870351,27.052216979582145,2022-12-13
c0387,37.63164,14.870351,26.39272430499652,2022-12-14
c0387,37.63164,14.870351,25.35622445658254,2022-12-15
c0387,37.63164,14.870351,25.13561898830519,2022-12-16
c0387,37.63164,14.870351,24.610850016255053,2022-12-17
c0387,37.63164,14.870351,24.85403001616423,2022-12-18
c0387,37.63164,14.870351,28.18421861260348,2022-12-19
c0387,37.63164,14.870351,26.4084220609318,2022-12-20
c0387,37.63164,14.870351,29.781699603852605,2022-12-21
c0387,37.63164,14.870351,25.77912232043727,2022-12-22
c0387,37.63164,14.870351,28.15626602780244,2022-12-23
c0387,37.63164,14.870351,27.90371623369277,2022-12-24
c0387,37.63164,14.870351,24.538309748812473,2022-12-25
c0387,37.63164,14.870351,27.06220530456981,2022-12-26
c0387,37.63164,14.870351,25.165398586449456,2022-12-27
c0387,37.63164,14.870351,26.03772805020854,2022-12-28
c0387,37.63164,14.870351,26.516702148173657,2022-12-29
c0387,37.63164,14.870351,23.31663667237556,2022-12-30
c0387,37.63164,14.870351,27.76763269198505,2022-12-31
c0387,37.63164,14.870351,27.120762737994585,2023-01-01
c0387,37.63164,14.870351,27.800077354629945,2023-01-02
c0387,37.63164,14.870351,23.961526418138813,2023-01-03
c0387,37.63164,14.870351,26.20538223111159,2023-01-04
c0387,37.63164,14.870351,26.91105991750338,2023-01-05
c0387,37.63164,14.870351,29.294372371149493,2023-01-06
c0387,37.63164,14.870351,24.63192235255273,2023-01-07
c0387,37.63164,14.870351,26.290325854482788,2023-01-08
c0387,37.63164,14.870351,28.22137531658663,2023-01-09
c0387,37.63164,14.870351,26.89111121375724,2023-01-10
c0387,37.63164,14.870351,28.57587865694841,2023-01-11
c0387,37.63164,14.870351,27.29635781988165,2023-01-12
c0387,37.63164,14.870351,26.12052059543749,2023-01-13
c0387,37.63164,14.870351,27.044701829976965,2023-01-14
c0387,37.63164,14.870351,28.824936525585937,2023-01-15
c0387,37.63164,14.870351,26.99372209768337,2023-01-16
c0387,37.63164,14.870351,28.912567469978164,2023-01-18
c0387,37.63164,14.870351,19.479392373165737,2023-01-19
c0387,37.63164,14.870351,27.10146542488317,2023-01-20
c0387,37.63164,14.870351,28.97791956975816,2023-01-21
c0387,37.63164,14.870351,21.846789370961545,2023-01-22
c0387,37.63164,14.870351,32.990754037378686,2023-01-23
c0387,37.63164,14.870351,,2023-01-24
c0387,37.63164,14.870351,25.77342795547024,2023-01-25
c0387,37.63164,14.870351,28.775023850457416,2023-01-26
c0387,37.63164,14.870351,33.420581034900245,2023-01-27
c0387,37.63164,14.870351,32.668983839705675,2023-01-28
c0387,37.63164,14.870351,36.03809639649051,2023-01-29
c0387,37.63164,14.870351,34.54709627075158,2023-01-30
c0387,37.63164,14.870351,31.74173737698045,2023-01-31
c0387,37.63164,14.870351,28.746568355519695,2023-02-01
c0387,37.63164,14.870351,33.04424319918277,2023-02-02
c0387,37.63164,14.870351,31.880301767653545,2023-02-03
c0387,37.63164,14.870351,27.374596916623297,2023-02-04
c0387,37.63164,14.870351,29.907904941146423,2023-02-05
c0387,37.63164,14.870351,29.47977789753908,2023-02-06
c0387,37.63164,14.870351,32.16652126491505,2023-02-07
c0387,37.63164,14.870351,24.549669850678516,2023-02-08
c0387,37.63164,14.870351,,2023-02-09
c0387,37.63164,14.870351,32.620659725239065,2023-02-10
c0387,37.63164,14.870351,30.55427220980228,2023-02-11
c0387,37.63164,14.870351,34.16590896992224,2023-02-12
c0387,37.63164,14.870351,31.80510476741034,2023-02-13
c0387,37.63164,14.870351,28.917769312782436,2023-02-14
c0387,37.63164,14.870351,29.326550268043302,2023-02-15
c0387,37.63164,14.870351,29.61115046092189,2023-02-16
c0387,37.63164,14.870351,28.22616697022014,2023-02-17
c0387,37.63164,14.870351,30.16613999503956,2023-02-18
c0387,37.63164,14.870351,28.0791487237907,2023-02-19
c0387,37.63164,14.870351,30.678964342822812,2023-02-20
c0387,37.63164,14.870351,29.996619074747745,2023-02-21
c0387,37.63164,14.870351,28.247255405482296,2023-02-22
c0387,37.63164,14.870351,31.04912828905388,2023-02-23
c0387,37.63164,14.870351,30.755617556345932,2023-02-24
c0387,37.63164,14.870351,,2023-02-25
c0387,37.63164,14.870351,26.35148096491513,2023-02-26
c0387,37.63164,14.870351,29.558974336612177,2023-02-27
c0387,37.63164,14.870351,29.215696601952505,2023-02-28
c0387,37.63164,14.870351,31.377019741700277,2023-03-01
c0387,37.63164,14.870351,31.044944576636492,2023-03-02
c0387,37.63164,14.870351,19.961696338795942,2023-03-03
c0387,37.63164,14.870351,32.017275001035756,2023-03-04
c0387,37.63164,14.870351,31.676500988841845,2023-03-05
c0387,37.63164,14.870351,27.264548431817826,2023-03-06
c0387,37.63164,14.870351,29.91669696350229,2023-03-07
c0387,37.63164,14.870351,26.680667577736408,2023-03-08
c0387,37.63164,14.870351,26.331199238402355,2023-03-09
c0387,37.63164,14.870351,28.648289667793183,2023-03-10
c0387,37.63164,14.870351,27.20254972541495,2023-03-11
c0387,37.63164,14.870351,28.087271343594423,2023-03-12
c0387,37.63164,14.870351,31.04196664839706,2023-03-13
c0387,37.63164,14.870351,24.890539362970287,2023-03-14
c0387,37.63164,14.870351,30.068607256159265,2023-03-15
c0387,37.63164,14.870351,32.13294256523935,2023-03-16
c0387,37.63164,14.870351,31.62783338245589,2023-03-17
c0387,37.63164,14.870351,30.257093563749866,2023-03-18
c0387,37.63164,14.870351,30.629316297490824,2023-03-19
c0387,37.63164,14.870351,29.51512279098236,2023-03-20
c0387,37.63164,14.870351,27.332338831252063,2023-03-21
c0387,37.63164,14.870351,26.51389851271956,2023-03-22
c0387,37.63164,14.870351,28.857770280423413,2023-03-23
c0387,37.63164,14.870351,27.965832013387693,2023-03-24
c0387,37.63164,14.870351,28.277798184369058,2023-03-25
c0387,37.63164,14.870351,29.441768187157564,2023-03-26
c0387,37.63164,14.870351,32.96240217397445,2023-03-27
c0387,37.63164,14.870351,34.06440601712202,2023-03-28
c0387,37.63164,14.870351,34.10582576590895,2023-03-29
c0387,37.63164,14.870351,29.58103213137295,2023-03-30
c0387,37.63164,14.870351,30.980651957808092,2023-03-31
c0387,37.63164,14.870351,32.56719289889632,2023-04-01
c0387,37.63164,14.870351,29.808811225406263,2023-04-02
c0387,37.63164,14.870351,28.207564065861156,2023-04-03
c0387,37.63164,14.870351,30.31657606692684,2023-04-04
c0387,37.63164,14.870351,28.00691293812576,2023-04-05
c0387,37.63164,14.870351,28.2683670994939,2023-04-06
c0387,37.63164,14.870351,32.031995951245214,2023-04-07
c0387,37.63164,14.870351,34.24783199359645,2023-04-08
c0387,37.63164,14.870351,25.73438226533355,2023-04-09
c0387,37.63164,14.870351,28.676121596278776,2023-04-10
c0387,37.63164,14.870351,33.72405295162152,2023-04-11
c0387,37.63164,14.870351,33.29729051854693,2023-04-12
c0387,37.63164,14.870351,,2023-04-13
c0387,37.63164,14.870351,33.285065249280606,2023-04-15
c0387,37.63164,14.870351,27.3163208465478,2023-04-16
c0387,37.63164,14.870351,29.249886900897195,2023-04-17
c0387,37.63164,14.870351,31.856121556480556,2023-04-18
c0387,37.63164,14.870351,29.062799577176165,2023-04-19
c0387,37.63164,14.870351,24.77179122083697,2023-04-20
c0387,37.63164,14.870351,33.102484172994124,2023-04-21
c0387,37.63164,14.870351,33.0555965005543,2023-04-22
c0387,37.63164,14.870351,33.76664797762349,2023-04-23
c0387,37.63164,14.870351,31.944670063528424,2023-04-24
c0387,37.63164,14.870351,28.72081447303291,2023-04-25
c0387,37.63164,14.870351,30.117221115275868,2023-04-26
c0387,37.63164,14.870351,30.38941466585662,2023-04-27
c0387,37.63164,14.870351,33.13874944158765,2023-04-28
c0387,37.63164,14.870351,31.344274897890816,2023-04-29
c0387,37.63164,14.870351,28.785809906441035,2023-04-30
c0387,37.63164,14.870351,29.134826106008408,2023-05-01
c0387,37.63164,14.870351,,2023-05-02
c0387,37.63164,14.870351,25.18432606933015,2023-05-03
c0387,37.63164,14.870351,27.98536940241567,2023-05-04
c0387,37.63164,14.870351,30.50479223245893,2023-05-05
c0387,37.63164,14.870351,33.58906657756437,2023-05-06
c0387,37.63164,14.870351,32.39004568648331,2023-05-07
c0387,37.63164,14.870351,,2023-05-08
c0387,37.63164,14.870351,27.501519296790494,2023-05-09
c0387,37.63164,14.870351,28.817223351958496,2023-05-10
c0387,37.63164,14.870351,28.228726009693595,2023-05-11
c0387,37.63164,14.870351,21.89693620863991,2023-05-12
c0387,37.63164,14.870351,28.514096784796003,2023-05-13
c0387,37.63164,14.870351,,2023-05-14
c0387,37.63164,14.870351,,2023-05-15
c0387,37.63164,14.870351,24.228883795129512,2023-05-16
c0387,37.63164,14.870351,30.141458909750536,2023-05-17
c0387,37.63164,14.870351,25.318170502073755,2023-05-18
c0387,37.63164,14.870351,31.747557176492,2023-05-19
c0387,37.63164,14.870351,,2023-05-20
c0387,37.63164,14.870351,23.411506090590773,2023-05-21
c0387,37.63164,14.870351,27.65746755467417,2023-05-22
c0387,37.63164,14.870351,30.771399749851835,2023-05-23
c0387,37.63164,14.870351,33.331626926850355,2023-05-24
c0387,37.63164,14.870351,29.7109685248931,2023-05-25
c0387,37.63164,14.870351,31.205638031325552,2023-05-26
c0387,37.63164,14.870351,28.526971453929693,2023-05-27
c0387,37.63164,14.870351,32.45834330884956,2023-05-28
c0387,37.63164,14.870351,31.58204534488967,2023-05-29
c0387,37.63164,14.870351,31.94672610033536,2023-05-30
c0387,37.63164,14.870351,27.296634101504804,2023-05-31
c0387,37.63164,14.870351,27.248744966546997,2023-06-01
c0387,37.63164,14.870351,28.663109102390912,2023-06-02
c0387,37.63164,14.870351,29.659956269176877,2023-06-03
c0387,37.63164,14.870351,30.35349426102382,2023-06-04
c0387,37.63164,14.870351,,2023-06-05
c0387,37.63164,14.870351,25.318113258493444,2023-06-06
c0387,37.63164,14.870351,25.38610797177295,2023-06-07
c0387,37.63164,14.870351,28.051883295770367,2023-06-08
c0387,37.63164,14.870351,27.233873879630583,2023-06-09
c0387,37.63164,14.870351,24.269789837884968,2023-06-10
c0387,37.63164,14.870351,27.57043830678968,2023-06-11
c0387,37.63164,14.870351,27.429340460730657,2023-06-12
c0387,37.63164,14.870351,31.757992400856327,2023-06-13
c0387,37.63164,14.870351,27.821837166163437,2023-06-14
c0387,37.63164,14.870351,27.64195581346557,2023-06-15
c0387,37.63164,14.870351,28.148603635161052,2023-06-16
c0387,37.63164,14.870351,34.391648396213036,2023-06-17
c0387,37.63164,14.870351,39.12748938192933,2023-06-18
c0387,37.63164,14.870351,28.589855679252313,2023-06-19
c0387,37.63164,14.870351,31.857707763214307,2023-06-20
c0387,37.63164,14.870351,26.89490722969247,2023-06-21
c0387,37.63164,14.870351,29.53901660121046,2023-06-22
c0387,37.63164,14.870351,27.76626329714258,2023-06-23
c0387,37.63164,14.870351,,2023-06-24
c0387,37.63164,14.870351,34.188579847113004,2023-06-25
c0387,37.63164,14.870351,26.1309545209332,2023-06-26
c0387,37.63164,14.870351,29.602058156588257,2023-06-27
c0387,37.63164,14.870351,32.210594497439395,2023-06-28
c0387,37.63164,14.870351,49.722379462623046,2023-06-29
c0387,37.63164,14.870351,39.70944576370051,2023-06-30
c0387,37.63164,14.870351,34.12304379484297,2023-07-01
c0387,37.63164,14.870351,28.719602709839645,2023-07-02
c0387,37.63164,14.870351,25.07738252520559,2023-07-03
c0387,37.63164,14.870351,27.04109022514469,2023-07-04
c0387,37.63164,14.870351,27.125048918008883,2023-07-05
c0387,37.63164,14.870351,29.63742812874051,2023-07-06
c0387,37.63164,14.870351,31.003123733403637,2023-07-07
c0387,37.63164,14.870351,29.8246417633543,2023-07-08
c0387,37.63164,14.870351,28.32628764073934,2023-07-09
c0387,37.63164,14.870351,29.797120535348014,2023-07-10
c0387,37.63164,14.870351,32.329338628158176,2023-07-11
c0387,37.63164,14.870351,34.117331468465686,2023-07-12
c0387,37.63164,14.870351,35.57177858762456,2023-07-13
c0387,37.63164,14.870351,28.551262230463553,2023-07-14
c0387,37.63164,14.870351,30.647422937834143,2023-07-15
c0387,37.63164,14.870351,28.728198105601624,2023-07-16
c0387,37.63164,14.870351,30.537978846721163,2023-07-17
c0387,37.63164,14.870351,25.37826180963238,2023-07-18
c0387,37.63164,14.870351,25.840754121173685,2023-07-20
c0387,37.63164,14.870351,28.150553369767227,2023-07-21
c0387,37.63164,14.870351,33.062774634640405,2023-07-22
c0387,37.63164,14.870351,31.29756209105935,2023-07-23
c0387,37.63164,14.870351,32.073626031618666,2023-07-24
c0387,37.63164,14.870351,33.86823517212584,2023-07-25
c0387,37.63164,14.870351,31.523102703930288,2023-07-26
c0387,37.63164,14.870351,32.58302964108618,2023-07-27
c0387,37.63164,14.870351,25.1081909026638,2023-07-28
c0387,37.63164,14.870351,31.463408573240184,2023-07-29
c0387,37.63164,14.870351,26.018710756660266,2023-07-30
c0387,37.63164,14.870351,34.21606803533376,2023-07-31
c0387,37.63164,14.870351,31.108034598503153,2023-08-01
c0387,37.63164,14.870351,30.474295832380637,2023-08-02
c0387,37.63164,14.870351,30.6511673387021,2023-08-03
c0387,37.63164,14.870351,32.33281617988088,2023-08-04
c0387,37.63164,14.870351,32.55834374798659,2023-08-05
c0387,37.63164,14.870351,33.2072695953966,2023-08-06
c0387,37.63164,14.870351,29.39410729923875,2023-08-07
c0387,37.63164,14.870351,36.23781218347889,2023-08-10
c0387,37.63164,14.870351,34.34822542174772,2023-08-11
c0387,37.63164,14.870351,25.815819178516847,2023-08-12
c0387,37.63164,14.870351,,2023-08-13
c0387,37.63164,14.870351,32.308407916952106,2023-08-14
c0387,37.63164,14.870351,,2023-08-15
c0387,37.63164,14.870351,28.64178194275335,2023-08-16
c0387,37.63164,14.870351,28.600880504415677,2023-08-17
c0387,37.63164,14.870351,34.34181052423107,2023-08-18
c0387,37.63164,14.870351,29.101949874214263,2023-08-19
c0387,37.63164,14.870351,31.2063974188115,2023-08-20
c0387,37.63164,14.870351,30.427096303321527,2023-08-21
c0387,37.63164,14.870351,27.994375001374667,2023-08-22
c0387,37.63164,14.870351,41.49227903482828,2023-08-23
c0387,37.63164,14.870351,46.26161346085181,2023-08-24
c0387,37.63164,14.870351,30.889064309030847,2023-08-25
c0387,37.63164,14.870351,31.752262983733715,2023-08-26
c0387,37.63164,14.870351,31.22266192177847,2023-08-27
c0387,37.63164,14.870351,32.28096165227677,2023-08-28
c0387,37.63164,14.870351,31.67923465435006,2023-08-29
c0387,37.63164,14.870351,27.15684832329257,2023-08-30
c0387,37.63164,14.870351,31.768657228129054,2023-08-31
c0387,37.63164,14.870351,40.4255982098278,2023-09-01
c0387,37.63164,14.870351,33.41287366011016,2023-09-02
c0387,37.63164,14.870351,34.39846106233258,2023-09-03
c0387,37.63164,14.870351,29.371369737948545,2023-09-04
c0387,37.63164,14.870351,34.964823428194215,2023-09-05
c0387,37.63164,14.870351,29.261433259229417,2023-09-06
c0387,37.63164,14.870351,33.5912675298747,2023-09-07
c0387,37.63164,14.870351,,2023-09-08
c0387,37.63164,14.870351,32.746306923548666,2023-09-09
c0387,37.63164,14.870351,31.991724110025896,2023-09-10
c0387,37.63164,14.870351,31.884734321767155,2023-09-11
c0387,37.63164,14.870351,29.781777547806342,2023-09-12
c0387,37.63164,14.870351,29.256085582667698,2023-09-13
c0387,37.63164,14.870351,29.924441076261015,2023-09-14
c0387,37.63164,14.870351,30.908003799948126,2023-09-15
c0387,37.63164,14.870351,23.6815460815481,2023-09-16
c0387,37.63164,14.870351,31.38872080679435,2023-09-17
c0387,37.63164,14.870351,24.91673153702457,2023-09-18
c0387,37.63164,14.870351,28.702828033604508,2023-09-19
c0387,37.63164,14.870351,32.967813427055354,2023-09-20
c0387,37.63164,14.870351,30.457604305059775,2023-09-21
c0387,37.63164,14.870351,26.10861490408652,2023-09-22
c0387,37.63164,14.870351,27.406292245867828,2023-09-23
c0387,37.63164,14.870351,31.10351339279594,2023-09-24
c0387,37.63164,14.870351,28.296810235623543,2023-09-25
c0387,37.63164,14.870351,25.167687793152083,2023-09-26
c0387,37.63164,14.870351,28.019896574356956,2023-09-27
c0387,37.63164,14.870351,28.270039457601236,2023-09-28
c0387,37.63164,14.870351,28.86137960772472,2023-09-29
c0387,37.63164,14.870351,28.791828849026466,2023-09-30
c0387,37.63164,14.870351,29.492903620993616,2023-10-01
c0387,37.63164,14.870351,29.33368924500678,2023-10-02
c0387,37.63164,14.870351,28.093064632291178,2023-10-03
c0387,37.63164,14.870351,25.28595117247278,2023-10-04
c0387,37.63164,14.870351,31.437915290208288,2023-10-05
c0387,37.63164,14.870351,29.126289272748284,2023-10-06
c0387,37.63164,14.870351,30.823193008814957,2023-10-07
c0387,37.63164,14.870351,32.19565884121206,2023-10-08
c0387,37.63164,14.870351,27.7117685396778,2023-10-09
c0387,37.63164,14.870351,27.83793678234901,2023-10-10
c0387,37.63164,14.870351,30.196513669696635,2023-10-11
c0387,37.63164,14.870351,30.53931987478369,2023-10-12
c0387,37.63164,14.870351,30.951030661827332,2023-10-13
c0387,37.63164,14.870351,27.61469826250006,2023-10-14
c0387,37.63164,14.870351,28.68389941921023,2023-10-15
c0387,37.63164,14.870351,27.696732596355663,2023-10-16
c0387,37.63164,14.870351,24.982857600803232,2023-10-17
c0387,37.63164,14.870351,25.19891457901875,2023-10-18
c0387,37.63164,14.870351,29.09699956157368,2023-10-19
c0387,37.63164,14.870351,26.431000047850137,2023-10-20
c0387,37.63164,14.870351,24.169840597616748,2023-10-21
c0387,37.63164,14.870351,28.69433862450807,2023-10-22
c0387,37.63164,14.870351,25.92349641045435,2023-10-23
c0387,37.63164,14.870351,26.988537833441775,2023-10-24
c0387,37.63164,14.870351,24.587377418145103,2023-10-25
c0387,37.63164,14.870351,30.087471791727697,2023-10-26
c0387,37.63164,14.870351,31.37936838067841,2023-10-27
c0387,37.63164,14.870351,23.83842690682804,2023-10-28
c0387,37.63164,14.870351,29.557798061726135,2023-10-29
c0387,37.63164,14.870351,28.905342697405423,2023-10-30
c0387,37.63164,14.870351,29.65230177683828,2023-10-31
c0387,37.63164,14.870351,,2023-11-01
c0387,37.63164,14.870351,,2023-11-02
c0387,37.63164,14.870351,25.72258230974108,2023-11-03
c0387,37.63164,14.870351,29.99206444214909,2023-11-04
c0387,37.63164,14.870351,28.328000818518575,2023-11-05
c0387,37.63164,14.870351,30.670968137760426,2023-11-06
c0387,37.63164,14.870351,21.499214813761963,2023-11-07
c0387,37.63164,14.870351,27.991045935545536,2023-11-08
c0387,37.63164,14.870351,26.358197241800298,2023-11-09
c0387,37.63164,14.870351,28.319115501749984,2023-11-10
c0387,37.63164,14.870351,29.432929563672612,2023-11-11
c0387,37.63164,14.870351,29.59961609591499,2023-11-12
c0387,37.63164,14.870351,32.63763327916439,2023-11-13
c0387,37.63164,14.870351,27.30966056650931,2023-11-14
c0387,37.63164,14.870351,25.52792203349237,2023-11-15
c0387,37.63164,14.870351,28.49692600691342,2023-11-16
c0387,37.63164,14.870351,31.428930091099563,2023-11-17
c0387,37.63164,14.870351,30.768468262295222,2023-11-18
c0387,37.63164,14.870351,28.39395301665047,2023-11-19
c0387,37.63164,14.870351,28.111715855222045,2023-11-20
c0387,37.63164,14.870351,,2023-11-21
c0387,37.63164,14.870351,28.56147237454579,2023-11-23
c0387,37.63164,14.870351,27.495417379685883,2023-11-24
c0387,37.63164,14.870351,28.90319956371627,2023-11-25
c0387,37.63164,14.870351,27.59042629543829,2023-11-26
c0387,37.63164,14.870351,30.65951853039731,2023-11-27
c0387,37.63164,14.870351,31.11734011109039,2023-11-28
c0387,37.63164,14.870351,27.453190332414284,2023-11-29
c0387,37.63164,14.870351,23.917431029594088,2023-11-30
c0387,37.63164,14.870351,,2023-12-01
c0387,37.63164,14.870351,,2023-12-02
c0387,37.63164,14.870351,23.833193119249007,2023-12-03
c0387,37.63164,14.870351,32.23063719593035,2023-12-04
c0387,37.63164,14.870351,26.32816211183666,2023-12-05
c0387,37.63164,14.870351,26.917944380405903,2023-12-06
c0387,37.63164,14.870351,28.64655108630749,2023-12-07
c0387,37.63164,14.870351,,2023-12-08
c0387,37.63164,14.870351,34.00855930734556,2023-12-09
c0387,37.63164,14.870351,32.66577368201471,2023-12-10
c0387,37.63164,14.870351,28.455423487465985,2023-12-11
c0387,37.63164,14.870351,25.47309886157712,2023-12-12
c0387,37.63164,14.870351,,2023-12-13
c0387,37.63164,14.870351,,2023-12-14
c0387,37.63164,14.870351,32.18922745739096,2023-12-15
c0387,37.63164,14.870351,33.8546575150225,2023-12-16
c0387,37.63164,14.870351,34.4944969076482,2023-12-17
c0387,37.63164,14.870351,31.426210237405087,2023-12-18
c0387,37.63164,14.870351,28.753823590215905,2023-12-19
c0387,37.63164,14.870351,29.11330775649533,2023-12-20
c0387,37.63164,14.870351,25.88877116170656,2023-12-21
c0387,37.63164,14.870351,30.096334801386412,2023-12-22
c0387,37.63164,14.870351,30.29129538639498,2023-12-23
c0387,37.63164,14.870351,32.54166567211963,2023-12-24
c0387,37.63164,14.870351,29.58133364318937,2023-12-25
c0387,37.63164,14.870351,31.329875943845387,2023-12-26
c0387,37.63164,14.870351,28.48426780101233,2023-12-27
c0387,37.63164,14.870351,26.234487408370107,2023-12-28
c0387,37.63164,14.870351,27.08779107912799,2023-12-29
c0387,37.63164,14.870351,,2023-12-30
c0387,37.63164,14.870351,28.84223189436317,2023-12-31
c0387,37.63164,14.870351,27.303463555394902,2024-01-01
c0387,37.63164,14.870351,28.787060161642813,2024-01-02
c0387,37.63164,14.870351,,2024-01-03
c0387,37.63164,14.870351,28.982589222462273,2024-01-04
c0387,37.63164,14.870351,,2024-01-05
c0387,37.63164,14.870351,15.024039693422033,2024-01-06
c0387,37.63164,14.870351,26.465403965707097,2024-01-07
c0387,37.63164,14.870351,26.783587160075193,2024-01-08
c0387,37.63164,14.870351,34.2850597236992,2024-01-09
c0387,37.63164,14.870351,33.45822517885067,2024-01-10
c0387,37.63164,14.870351,24.087571280042603,2024-01-11
c0387,37.63164,14.870351,26.791449076485712,2024-01-12
c0387,37.63164,14.870351,28.15050822489451,2024-01-13
c0387,37.63164,14.870351,33.9269044491085,2024-01-14
c0387,37.63164,14.870351,30.36196084866504,2024-01-15
c0387,37.63164,14.870351,30.266619555433135,2024-01-16
c0387,37.63164,14.870351,,2024-01-17
c0387,37.63164,14.870351,30.513823883945655,2024-01-18
c0387,37.63164,14.870351,,2024-01-19
c0387,37.63164,14.870351,26.701571061812583,2024-01-20
c0387,37.63164,14.870351,31.01250870578834,2024-01-21
c0387,37.63164,14.870351,28.81028074942858,2024-01-22
c0387,37.63164,14.870351,29.840561274045847,2024-01-23
c0387,37.63164,14.870351,30.529943705444506,2024-01-24
c0387,37.63164,14.870351,30.22774833113841,2024-01-25
c0387,37.63164,14.870351,30.388016761461632,2024-01-26
c0387,37.63164,14.870351,34.06655672536749,2024-01-27
c0387,37.63164,14.870351,33.052281417167556,2024-01-28
c0387,37.63164,14.870351,32.174401043492686,2024-01-29
c0387,37.63164,14.870351,32.196864268310904,2024-01-30
c0387,37.63164,14.870351,35.38166998647588,2024-01-31
c0387,37.63164,14.870351,30.105485708521663,2024-02-01
c0387,37.63164,14.870351,30.39417007400213,2024-02-02
c0387,37.63164,14.870351,28.36594861918484,2024-02-03
c0387,37.63164,14.870351,27.31436550782339,2024-02-04
c0387,37.63164,14.870351,31.132157086523343,2024-02-05
c0387,37.63164,14.870351,29.09302244149783,2024-02-06
c0387,37.63164,14.870351,25.08630414676199,2024-02-07
c0387,37.63164,14.870351,27.823862008083186,2024-02-08
c0387,37.63164,14.870351,,2024-02-09
c0387,37.63164,14.870351,,2024-02-10
c0387,37.63164,14.870351,27.558666235153336,2024-02-11
c0387,37.63164,14.870351,32.0769861609025,2024-02-12
c0387,37.63164,14.870351,30.94586663498071,2024-02-13
c0387,37.63164,14.870351,31.326116945934356,2024-02-14
c0387,37.63164,14.870351,35.01089252685971,2024-02-15
c0387,37.63164,14.870351,33.78732409827814,2024-02-16
c0387,37.63164,14.870351,30.94502745993748,2024-02-17
c0387,37.63164,14.870351,32.13539960954121,2024-02-18
c0387,37.63164,14.870351,31.744769833657458,2024-02-19
c0387,37.63164,14.870351,26.898888862738417,2024-02-20
c0387,37.63164,14.870351,31.63809528458713,2024-02-21
c0387,37.63164,14.870351,34.11924303158858,2024-02-22
c0387,37.63164,14.870351,25.170453867203047,2024-02-23
c0387,37.63164,14.870351,31.429269334785385,2024-02-24
c0387,37.63164,14.870351,,2024-02-25
c0387,37.63164,14.870351,32.078026021137894,2024-02-26
c0387,37.63164,14.870351,,2024-02-27
c0387,37.63164,14.870351,31.563380476334615,2024-02-28
c0387,37.63164,14.870351,29.71409634174967,2024-02-29
c0387,37.63164,14.870351,35.44987785580008,2024-03-01
c0387,37.63164,14.870351,33.34116476051083,2024-03-02
c0387,37.63164,14.870351,34.58148113890445,2024-03-03
c0387,37.63164,14.870351,26.780473216150146,2024-03-04
c0387,37.63164,14.870351,34.86856080799613,2024-03-05
c0387,37.63164,14.870351,32.17798199615482,2024-03-06
c0387,37.63164,14.870351,31.833354114258384,2024-03-07
c0387,37.63164,14.870351,31.45103325670041,2024-03-08
c0387,37.63164,14.870351,31.604729741520213,2024-03-09
c0387,37.63164,14.870351,30.00474526017499,2024-03-10
c0387,37.63164,14.870351,31.76583308804447,2024-03-11
c0387,37.63164,14.870351,29.931662774578776,2024-03-12
c0387,37.63164,14.870351,34.35091250845875,2024-03-13
c0387,37.63164,14.870351,33.480018517321156,2024-03-14
c0387,37.63164,14.870351,34.49289198062829,2024-03-15
c0387,37.63164,14.870351,30.352411913900937,2024-03-16
c0387,37.63164,14.870351,34.44229734798239,2024-03-17
c0387,37.63164,14.870351,29.61499637460127,2024-03-18
c0387,37.63164,14.870351,33.87913831744023,2024-03-19
c0387,37.63164,14.870351,31.021245539151835,2024-03-20
c0387,37.63164,14.870351,36.77655232105512,2024-03-21
c0387,37.63164,14.870351,31.335729921978295,2024-03-22
c0387,37.63164,14.870351,31.53297191037016,2024-03-23
c0387,37.63164,14.870351,33.95033454376692,2024-03-24
c0387,37.63164,14.870351,,2024-03-25
c0387,37.63164,14.870351,23.944178835792084,2024-03-26
c0387,37.63164,14.870351,31.145962496871576,2024-03-27
c0387,37.63164,14.870351,32.51755304511448,2024-03-28
c0387,37.63164,14.870351,30.810248502692467,2024-03-29
c0387,37.63164,14.870351,32.672979629878625,2024-03-30
c0387,37.63164,14.870351,35.71512257513237,2024-03-31
c0387,37.63164,14.870351,30.43976438086954,2024-04-01
c0387,37.63164,14.870351,31.444383416552984,2024-04-02
c0387,37.63164,14.870351,32.09587578971202,2024-04-03
c0387,37.63164,14.870351,34.06374748844557,2024-04-04
c0387,37.63164,14.870351,36.31864301970361,2024-04-05
c0387,37.63164,14.870351,35.485497217891286,2024-04-06
c0387,37.63164,14.870351,36.69171306483498,2024-04-07
c0387,37.63164,14.870351,35.69024942224624,2024-04-08
c0387,37.63164,14.870351,32.4022578643473,2024-04-09
c0387,37.63164,14.870351,30.17280622628376,2024-04-10
c0387,37.63164,14.870351,28.853224292088026,2024-04-11
c0387,37.63164,14.870351,33.58598299390015,2024-04-12
c0387,37.63164,14.870351,29.76093483655737,2024-04-13
c0387,37.63164,14.870351,35.226889711213516,2024-04-14
c0387,37.63164,14.870351,30.200766659677953,2024-04-15
c0387,37.63164,14.870351,28.73314764016127,2024-04-16
c0387,37.63164,14.870351,31.75170016028433,2024-04-17
c0387,37.63164,14.870351,30.664348259109403,2024-04-18
c0387,37.63164,14.870351,27.627267704772756,2024-04-19
c0387,37.63164,14.870351,35.03445178281761,2024-04-20
c0387,37.63164,14.870351,31.4453723660673,2024-04-21
c0387,37.63164,14.870351,32.0288744195576,2024-04-22
c0387,37.63164,14.870351,33.05494629678425,2024-04-23
c0387,37.63164,14.870351,26.842948237262565,2024-04-24
c0387,37.63164,14.870351,30.58664794476241,2024-04-25
c0387,37.63164,14.870351,34.41246017121615,2024-04-26
c0387,37.63164,14.870351,30.45965024625907,2024-04-27
c0387,37.63164,14.870351,32.26553418789458,2024-04-28
c0387,37.63164,14.870351,31.764932542427644,2024-04-29
c0387,37.63164,14.870351,,2024-04-30
c0387,37.63164,14.870351,30.0665552737913,2024-05-01
c0387,37.63164,14.870351,33.345191919530706,2024-05-02
c0387,37.63164,14.870351,31.751941715756463,2024-05-03
c0387,37.63164,14.870351,30.841604174513932,2024-05-04
c0387,37.63164,14.870351,32.70997357764193,2024-05-05
c0387,37.63164,14.870351,34.024222317671665,2024-05-06
c0387,37.63164,14.870351,26.65049834348255,2024-05-07
c0387,37.63164,14.870351,31.310814787955294,2024-05-08
c0387,37.63164,14.870351,18.896427177474298,2024-05-09
c0387,37.63164,14.870351,31.291308336762263,2024-05-10
c0387,37.63164,14.870351,30.37201046756159,2024-05-13
c0387,37.63164,14.870351,34.32451703259951,2024-05-14
c0387,37.63164,14.870351,,2024-05-15
c0387,37.63164,14.870351,35.738839988159036,2024-05-16
c0387,37.63164,14.870351,33.466994463490124,2024-05-17
c0387,37.63164,14.870351,31.89468850938238,2024-05-18
c0387,37.63164,14.870351,,2024-05-19
c0387,37.63164,14.870351,31.448478462114124,2024-05-20
c0387,37.63164,14.870351,30.55425647391798,2024-05-21
c0387,37.63164,14.870351,32.433473443136094,2024-05-22
c0387,37.63164,14.870351,33.502001556637055,2024-05-23
c0387,37.63164,14.870351,32.4499216144736,2024-05-24
c0387,37.63164,14.870351,30.533375837715877,2024-05-25
c0387,37.63164,14.870351,30.414743014731155,2024-05-26
c0387,37.63164,14.870351,32.575913443294816,2024-05-27
c0387,37.63164,14.870351,32.014970988956435,2024-05-28
c0387,37.63164,14.870351,27.859773605248144,2024-05-29
c0387,37.63164,14.870351,31.046273736952987,2024-05-30
c0387,37.63164,14.870351,28.341510347754166,2024-05-31
c0387,37.63164,14.870351,32.97736296449536,2024-06-01
c0387,37.63164,14.870351,29.628876940878104,2024-06-02
c0387,37.63164,14.870351,32.44311318332668,2024-06-03
c0387,37.63164,14.870351,26.986568906319725,2024-06-04
c0387,37.63164,14.870351,29.036919901795873,2024-06-05
c0387,37.63164,14.870351,30.407842158660394,2024-06-06
c0387,37.63164,14.870351,32.76541709466096,2024-06-07
c0387,37.63164,14.870351,29.09689634061869,2024-06-08
c0387,37.63164,14.870351,30.405554775118397,2024-06-09
c0387,37.63164,14.870351,33.332493084712276,2024-06-10
c0387,37.63164,14.870351,27.51960599113844,2024-06-11
c0387,37.63164,14.870351,,2024-06-12
c0387,37.63164,14.870351,30.13118939177632,2024-06-13
c0387,37.63164,14.870351,28.70441318465578,2024-06-14
c0387,37.63164,14.870351,28.2557861542536,2024-06-15
c0387,37.63164,14.870351,24.794203930158044,2024-06-16
c0387,37.63164,14.870351,29.729323200893017,2024-06-17
c0387,37.63164,14.870351,28.87576594224505,2024-06-18
c0387,37.63164,14.870351,27.86111750610622,2024-06-19
c0387,37.63164,14.870351,30.38747575448509,2024-06-20
c0387,37.63164,14.870351,29.8181191524507,2024-06-21
c0387,37.63164,14.870351,28.971311070156805,2024-06-22
c0387,37.63164,14.870351,28.735389232010608,2024-06-23
c0387,37.63164,14.870351,30.042469275844972,2024-06-24
c0387,37.63164,14.870351,27.7387654979372,2024-06-25
c0387,37.63164,14.870351,31.398947589414153,2024-06-26
c0387,37.63164,14.870351,28.496392822671705,2024-06-27
c0387,37.63164,14.870351,31.011516152977805,2024-06-28
c0387,37.63164,14.870351,29.544284312746132,2024-06-29
c0387,37.63164,14.870351,26.842767246198807,2024-06-30
c0387,37.63164,14.870351,26.616566947346623,2024-07-01
c0387,37.63164,14.870351,28.7891444148575,2024-07-02
c0387,37.63164,14.870351,28.92394322416009,2024-07-03
c0387,37.63164,14.870351,26.61544605081885,2024-07-04
c0387,37.63164,14.870351,29.890537910637075,2024-07-05
c0387,37.63164,14.870351,26.581996145604126,2024-07-06
c0387,37.63164,14.870351,25.98245719420901,2024-07-07
c0387,37.63164,14.870351,29.8779987496606,2024-07-08
c0387,37.63164,14.870351,32.85699461756407,2024-07-09
c0387,37.63164,14.870351,28.12281150015884,2024-07-10
c0387,37.63164,14.870351,29.504392732601406,2024-07-11
c0387,37.63164,14.870351,31.96747451589672,2024-07-12
c0387,37.63164,14.870351,29.519222363769625,2024-07-13
c0387,37.63164,14.870351,29.356628979054257,2024-07-14
c0387,37.63164,14.870351,31.061185504648215,2024-07-15
c0387,37.63164,14.870351,27.38276455238795,2024-07-16
c0387,37.63164,14.870351,33.82965586937746,2024-07-17
c0387,37.63164,14.870351,32.770095918485325,2024-07-18
c0387,37.63164,14.870351,33.676728298676764,2024-07-19
c0387,37.63164,14.870351,32.00937012112872,2024-07-20
c0387,37.63164,14.870351,32.47510046750077,2024-07-21
c0387,37.63164,14.870351,30.47064892789557,2024-07-22
c0387,37.63164,14.870351,27.94898110545262,2024-07-23
c0387,37.63164,14.870351,31.38485565846523,2024-07-24
c0387,37.63164,14.870351,36.55645986496249,2024-07-25
c0387,37.63164,14.870351,34.0768847650331,2024-07-28
c0387,37.63164,14.870351,31.741886383693664,2024-07-29
c0387,37.63164,14.870351,36.21447356305154,2024-07-31
c0387,37.63164,14.870351,33.05821371973771,2024-08-01
c0387,37.63164,14.870351,29.948904080695826,2024-08-03
c0387,37.63164,14.870351,35.396591076706,2024-08-04
c0387,37.63164,14.870351,32.17027792348819,2024-08-05
c0387,37.63164,14.870351,33.86905604090746,2024-08-06
c0387,37.63164,14.870351,33.21067924332689,2024-08-07
c0387,37.63164,14.870351,32.41735715315099,2024-08-08
c0387,37.63164,14.870351,29.83596217165526,2024-08-09
c0387,37.63164,14.870351,40.01563197149258,2024-08-10
c0387,37.63164,14.870351,36.81775138102694,2024-08-11
c0387,37.63164,14.870351,36.18896115800695,2024-08-12
c0387,37.63164,14.870351,32.88092658577456,2024-08-13
c0387,37.63164,14.870351,34.442996707714734,2024-08-14
c0387,37.63164,14.870351,32.850454050435516,2024-08-15
c0387,37.63164,14.870351,34.12681335473188,2024-08-16
c0387,37.63164,14.870351,,2024-08-17
c0387,37.63164,14.870351,27.82629428255296,2024-08-18
c0387,37.63164,14.870351,31.57347987349073,2024-08-19
c0387,37.63164,14.870351,33.62498693240705,2024-08-20
c0387,37.63164,14.870351,28.269571998022013,2024-08-21
c0387,37.63164,14.870351,36.86001951273567,2024-08-22
c0387,37.63164,14.870351,37.21817223467925,2024-08-23
c0387,37.63164,14.870351,36.273661964237625,2024-08-24
c0387,37.63164,14.870351,36.341399759712274,2024-08-25
c0387,37.63164,14.870351,34.50740407775449,2024-08-26
c0387,37.63164,14.870351,,2024-08-27
c0387,37.63164,14.870351,,2024-08-28
c0387,37.63164,14.870351,33.343824533244664,2024-08-29
c0387,37.63164,14.870351,34.09629679517134,2024-08-30
c0387,37.63164,14.870351,33.117290812045105,2024-08-31
c0387,37.63164,14.870351,,2024-09-01
c0387,37.63164,14.870351,28.88099039847815,2024-09-02
c0387,37.63164,14.870351,26.9837772899088,2024-09-03
c0387,37.63164,14.870351,29.39427525013165,2024-09-04
c0387,37.63164,14.870351,26.529494734003908,2024-09-05
c0387,37.63164,14.870351,31.409572651245966,2024-09-06
c0387,37.63164,14.870351,29.468224908212605,2024-09-07
c0387,37.63164,14.870351,29.24581866246807,2024-09-08
c0387,37.63164,14.870351,28.06868923995234,2024-09-09
c0387,37.63164,14.870351,29.95206376058434,2024-09-10
c0387,37.63164,14.870351,33.466208680658596,2024-09-11
c0387,37.63164,14.870351,32.473404029211096,2024-09-12
c0387,37.63164,14.870351,31.358376509041182,2024-09-13
c0387,37.63164,14.870351,32.911906568522774,2024-09-14
c0387,37.63164,14.870351,35.45814252907782,2024-09-15
c0387,37.63164,14.870351,31.75825899668833,2024-09-16
c0387,37.63164,14.870351,31.986100291445215,2024-09-17
c0387,37.63164,14.870351,30.618034279226983,2024-09-18
c0387,37.63164,14.870351,30.324072738164425,2024-09-19
c0387,37.63164,14.870351,28.207236793101178,2024-09-20
c0387,37.63164,14.870351,32.78284330676849,2024-09-21
c0387,37.63164,14.870351,23.851571695115258,2024-09-22
c0387,37.63164,14.870351,,2024-09-23
c0387,37.63164,14.870351,,2024-09-24
c0387,37.63164,14.870351,29.188348253222145,2024-09-25
c0387,37.63164,14.870351,28.869488161549327,2024-09-26
c0387,37.63164,14.870351,29.67784529655493,2024-09-27
c0387,37.63164,14.870351,24.55799409806745,2024-09-28
c0387,37.63164,14.870351,29.332806702028872,2024-09-29
c0387,37.63164,14.870351,27.19041626402418,2024-09-30
c0387,37.63164,14.870351,29.231549959827667,2024-10-01
c0387,37.63164,14.870351,26.2203910967343,2024-10-02
c0387,37.63164,14.870351,29.86178191557172,2024-10-03
c0387,37.63164,14.870351,28.338191527125176,2024-10-04
c0387,37.63164,14.870351,31.36023863029001,2024-10-05
c0387,37.63164,14.870351,28.546518265740037,2024-10-06
c0387,37.63164,14.870351,27.2264250476387,2024-10-07
c0387,37.63164,14.870351,28.0750658875159,2024-10-08
c0387,37.63164,14.870351,29.935674766606837,2024-10-09
c0387,37.63164,14.870351,,2024-10-10
c0387,37.63164,14.870351,25.77237913620521,2024-10-11
c0387,37.63164,14.870351,28.916349896709153,2024-10-12
c0387,37.63164,14.870351,27.918953033935207,2024-10-13
c0387,37.63164,14.870351,26.422007265258923,2024-10-14
c0387,37.63164,14.870351,27.59461440298368,2024-10-15
c0387,37.63164,14.870351,28.47080417839572,2024-10-16
c0387,37.63164,14.870351,28.080454832457875,2024-10-17
c0387,37.63164,14.870351,25.525883987307143,2024-10-18
c0387,37.63164,14.870351,28.60338391284184,2024-10-19
c0387,37.63164,14.870351,28.204933032236724,2024-10-20
c0387,37.63164,14.870351,28.923307081496013,2024-10-21
c0387,37.63164,14.870351,28.142248484857983,2024-10-22
c0387,37.63164,14.870351,27.845021036959697,2024-10-23
c0387,37.63164,14.870351,27.014531148390223,2024-10-24
c0387,37.63164,14.870351,,2024-10-25
c0387,37.63164,14.870351,25.717492286877444,2024-10-26
c0387,37.63164,14.870351,26.07008014324185,2024-10-27
c0387,37.63164,14.870351,26.785867409648937,2024-10-28
c0387,37.63164,14.870351,28.081265159095707,2024-10-29
c0387,37.63164,14.870351,26.033804160050487,2024-10-30
c0387,37.63164,14.870351,28.899004239539455,2024-10-31
c0387,37.63164,14.870351,28.90009683429522,2024-11-02
c0387,37.63164,14.870351,29.014186982664913,2024-11-03
c0387,37.63164,14.870351,26.212487290016384,2024-11-04
c0387,37.63164,14.870351,24.854196879906805,2024-11-05
c0387,37.63164,14.870351,27.084434587307744,2024-11-06
c0387,37.63164,14.870351,27.7485145626398,2024-11-07
c0387,37.63164,14.870351,28.329756837464828,2024-11-08
c0387,37.63164,14.870351,30.84226004298968,2024-11-09
c0387,37.63164,14.870351,29.531069266763396,2024-11-10
c0387,37.63164,14.870351,25.731695367606683,2024-11-11
c0387,37.63164,14.870351,,2024-11-12
c0387,37.63164,14.870351,28.661185377490785,2024-11-13
c0387,37.63164,14.870351,27.93790111866152,2024-11-14
c0387,37.63164,14.870351,29.46179325974143,2024-11-15
c0387,37.63164,14.870351,27.41815772031821,2024-11-16
c0387,37.63164,14.870351,30.110067884994745,2024-11-17
c0387,37.63164,14.870351,29.3403440999045,2024-11-18
c0387,37.63164,14.870351,25.20000849997472,2024-11-19
c0387,37.63164,14.870351,28.948240934837177,2024-11-20
c0387,37.63164,14.870351,23.769640924244783,2024-11-21
c0387,37.63164,14.870351,,2024-11-22
c0387,37.63164,14.870351,32.36684211456471,2024-11-23
c0387,37.63164,14.870351,31.925895180936685,2024-11-24
c0387,37.63164,14.870351,30.145424224221056,2024-11-25
c0387,37.63164,14.870351,29.24561875240379,2024-11-26
c0387,37.63164,14.870351,29.224803383903467,2024-11-27
c0387,37.63164,14.870351,26.842141468853868,2024-11-28
c0387,37.63164,14.870351,30.25398846474441,2024-11-29
c0387,37.63164,14.870351,30.858586168806585,2024-11-30
c0387,37.63164,14.870351,27.90005095517457,2024-12-01
c0387,37.63164,14.870351,31.44777433236851,2024-12-02
c0387,37.63164,14.870351,,2024-12-03
c0387,37.63164,14.870351,29.466944871336494,2024-12-04
c0387,37.63164,14.870351,28.324876522208655,2024-12-05
c0387,37.63164,14.870351,33.497759799058414,2024-12-06
c0387,37.63164,14.870351,26.50099233422873,2024-12-07
c0387,37.63164,14.870351,27.489139300072324,2024-12-08
c0387,37.63164,14.870351,28.131244194759265,2024-12-09
c0387,37.63164,14.870351,28.92583482711083,2024-12-10
c0387,37.63164,14.870351,29.418028769365932,2024-12-11
c0387,37.63164,14.870351,29.95234151701819,2024-12-12
c0387,37.63164,14.870351,29.65235478978086,2024-12-13
c0387,37.63164,14.870351,27.5936713917094,2024-12-14
c0387,37.63164,14.870351,25.64262713880588,2024-12-15
c0387,37.63164,14.870351,28.98972466827364,2024-12-16
c0387,37.63164,14.870351,27.912713243978295,2024-12-17
c0387,37.63164,14.870351,30.521731295955163,2024-12-18
c0387,37.63164,14.870351,30.086917966469656,2024-12-19
c0387,37.63164,14.870351,30.514218272923316,2024-12-20
c0387,37.63164,14.870351,31.36591588880407,2024-12-21
c0387,37.63164,14.870351,29.213028205282377,2024-12-22
c0387,37.63164,14.870351,25.189779750371414,2024-12-23
c0387,37.63164,14.870351,30.288490516991917,2024-12-24
c0387,37.63164,14.870351,30.552224358500272,2024-12-25
c0387,37.63164,14.870351,34.449629666922554,2024-12-26
c0387,37.63164,14.870351,32.9989918146833,2024-12-27
c0387,37.63164,14.870351,29.097531890217272,2024-12-28
c0387,37.63164,14.870351,28.94480736215987,2024-12-29
c0387,37.63164,14.870351,29.918298085784272,2024-12-30
c0387,37.63164,14.870351,27.86415742004893,2025-01-01
c0387,37.63164,14.870351,29.133158560664427,2025-01-02
c0387,37.63164,14.870351,29.2979694572191,2025-01-03
c0387,37.63164,14.870351,28.151486995049027,2025-01-04
c0387,37.63164,14.870351,32.279280327424104,2025-01-05
c0387,37.63164,14.870351,29.87441049560163,2025-01-06
c0387,37.63164,14.870351,30.516391309500783,2025-01-07
c0387,37.63164,14.870351,30.000879913258142,2025-01-08
c0387,37.63164,14.870351,,2025-01-09
c0387,37.63164,14.870351,30.010787714271128,2025-01-10
c0387,37.63164,14.870351,31.24792336057141,2025-01-11
c0387,37.63164,14.870351,29.051058217722833,2025-01-12
c0387,37.63164,14.870351,31.89173306286106,2025-01-13
c0387,37.63164,14.870351,31.83478075103067,2025-01-14
c0387,37.63164,14.870351,28.453364683185,2025-01-15
c0387,37.63164,14.870351,28.37393069221079,2025-01-16
c0387,37.63164,14.870351,25.708343330982476,2025-01-17
c0387,37.63164,14.870351,27.75140232079316,2025-01-18
c0387,37.63164,14.870351,29.032511309850808,2025-01-19
c0387,37.63164,14.870351,29.239831465441092,2025-01-20
c0387,37.63164,14.870351,31.063132808972824,2025-01-21
c0387,37.63164,14.870351,29.2437525850965,2025-01-22
c0387,37.63164,14.870351,,2025-01-23
c0387,37.63164,14.870351,27.32961888766412,2025-01-24
c0387,37.63164,14.870351,,2025-01-25
c0387,37.63164,14.870351,26.526278580706304,2025-01-26
c0387,37.63164,14.870351,32.39742783325397,2025-01-27
c0387,37.63164,14.870351,27.935791188869477,2025-01-28
c0387,37.63164,14.870351,,2025-01-29
c0387,37.63164,14.870351,30.13154299053541,2025-01-30
c0387,37.63164,14.870351,28.84111753210595,2025-01-31
c0387,37.63164,14.870351,28.338479842974618,2025-02-01
c0387,37.63164,14.870351,29.33381533958928,2025-02-02
c0387,37.63164,14.870351,29.066277238793305,2025-02-03
c0387,37.63164,14.870351,28.90444871489251,2025-02-04
c0387,37.63164,14.870351,29.58250565838269,2025-02-05
c0387,37.63164,14.870351,28.619656682112687,2025-02-06
c0387,37.63164,14.870351,31.02919638467421,2025-02-07
c0387,37.63164,14.870351,31.60764318228159,2025-02-08
c0387,37.63164,14.870351,30.72536418193807,2025-02-09
c0387,37.63164,14.870351,28.434753016965693,2025-02-10
c0387,37.63164,14.870351,31.470039328287328,2025-02-11
c0387,37.63164,14.870351,32.39453599700694,2025-02-12
c0387,37.63164,14.870351,28.85582374837986,2025-02-13
c0387,37.63164,14.870351,27.391183974974066,2025-02-14
c0387,37.63164,14.870351,28.97322518475789,2025-02-15
c0387,37.63164,14.870351,30.645677221704183,2025-02-16
c0387,37.63164,14.870351,23.33063636280548,2025-02-17
c0387,37.63164,14.870351,30.41639014867469,2025-02-18
c0387,37.63164,14.870351,30.973082464441017,2025-02-19
c0387,37.63164,14.870351,27.59660188459876,2025-02-20
c0387,37.63164,14.870351,34.57252917285826,2025-02-21
c0387,37.63164,14.870351,33.86691310615629,2025-02-22
c0387,37.63164,14.870351,33.09033669099841,2025-02-23
c0387,37.63164,14.870351,31.912461591195484,2025-02-24
c0387,37.63164,14.870351,26.566307373162697,2025-02-25
c0387,37.63164,14.870351,30.70076125501819,2025-02-26
c0387,37.63164,14.870351,31.34665395445365,2025-02-27
c0387,37.63164,14.870351,32.48527573769779,2025-02-28
c0387,37.63164,14.870351,24.12297871749733,2025-03-01
c0387,37.63164,14.870351,,2025-03-02
c0387,37.63164,14.870351,30.705001411816795,2025-03-03
c0387,37.63164,14.870351,27.80224604788642,2025-03-04
c0387,37.63164,14.870351,31.995524073838418,2025-03-05
c0387,37.63164,14.870351,31.90334870215629,2025-03-06
c0387,37.63164,14.870351,25.43556554892369,2025-03-07
c0387,37.63164,14.870351,30.358157694517583,2025-03-08
c0387,37.63164,14.870351,31.202376381919763,2025-03-09
c0387,37.63164,14.870351,28.51976714538188,2025-03-10
c0387,37.63164,14.870351,28.68438712922358,2025-03-11
c0387,37.63164,14.870351,,2025-03-12
c0387,37.63164,14.870351,32.49584658914351,2025-03-13
c0387,37.63164,14.870351,29.71939145381498,2025-03-14
c0387,37.63164,14.870351,23.503423467905417,2025-03-15
c0387,37.63164,14.870351,34.22414605998276,2025-03-16
c0387,37.63164,14.870351,30.237981348289587,2025-03-17
c0387,37.63164,14.870351,28.172391185572256,2025-03-18
c0387,37.63164,14.870351,25.514180955001777,2025-03-19
c0387,37.63164,14.870351,30.490349355684952,2025-03-20
c0387,37.63164,14.870351,29.91237241090536,2025-03-21
c0387,37.63164,14.870351,30.80552677441268,2025-03-22
c0387,37.63164,14.870351,28.5334836002778,2025-03-24
c0387,37.63164,14.870351,29.753625847874744,2025-03-25
c0387,37.63164,14.870351,25.101342296168017,2025-03-26
c0387,37.63164,14.870351,28.394397266504708,2025-03-27
c0387,37.63164,14.870351,31.323086364361732,2025-03-28
c0387,37.63164,14.870351,32.53445075298232,2025-03-29
c0387,37.63164,14.870351,29.446817669478104,2025-03-30
c0387,37.63164,14.870351,24.610846756074153,2025-03-31
c0387,37.63164,14.870351,29.41572503375646,2025-04-01
c0387,37.63164,14.870351,33.353389798087505,2025-04-02
c0387,37.63164,14.870351,33.92524151805375,2025-04-03
c0387,37.63164,14.870351,31.89005376203671,2025-04-04
c0387,37.63164,14.870351,34.19581700790609,2025-04-05
c0387,37.63164,14.870351,29.47895857647772,2025-04-06
c0387,37.63164,14.870351,29.186135515090303,2025-04-07
c0387,37.63164,14.870351,31.270185356593277,2025-04-08
c0387,37.63164,14.870351,29.85683160899754,2025-04-09
c0387,37.63164,14.870351,34.83422664052979,2025-04-10
c0387,37.63164,14.870351,37.54762258202122,2025-04-11
c0387,37.63164,14.870351,,2025-04-12
c0387,37.63164,14.870351,,2025-04-13
c0387,37.63164,14.870351,,2025-04-14
c0387,37.63164,14.870351,31.859584141933297,2025-04-15
c0387,37.63164,14.870351,,2025-04-16
c0387,37.63164,14.870351,26.2418869796566,2025-04-17
c0387,37.63164,14.870351,31.59007848372943,2025-04-18
c0387,37.63164,14.870351,30.85987412802732,2025-04-19
c0387,37.63164,14.870351,29.89245836034266,2025-04-20
c0387,37.63164,14.870351,27.140100516732947,2025-04-21
c0387,37.63164,14.870351,28.3811848634064,2025-04-22
c0387,37.63164,14.870351,25.21400155759127,2025-04-23
c0387,37.63164,14.870351,30.734845188057207,2025-04-24
c0387,37.63164,14.870351,33.653708049401295,2025-04-25
c0387,37.63164,14.870351,35.95414282872986,2025-04-26
c0387,37.63164,14.870351,34.300405554653885,2025-04-27
c0387,37.63164,14.870351,27.63691296289469,2025-04-28
c0387,37.63164,14.870351,28.00121469043866,2025-04-29
c0387,37.63164,14.870351,28.10452947558239,2025-04-30
c0387,37.63164,14.870351,31.86531303916769,2025-05-01
c0387,37.63164,14.870351,29.649861669266773,2025-05-02
c0387,37.63164,14.870351,33.57008262150486,2025-05-03
c0387,37.63164,14.870351,31.75058853251185,2025-05-04
c0387,37.63164,14.870351,26.58399197329583,2025-05-06
c0387,37.63164,14.870351,27.033220186664987,2025-05-07
c0387,37.63164,14.870351,28.2447921539552,2025-05-08
c0387,37.63164,14.870351,28.621999072230565,2025-05-09
c0387,37.63164,14.870351,27.99266695221723,2025-05-10
c0387,37.63164,14.870351,30.23402904277097,2025-05-11
c0387,37.63164,14.870351,29.44684370339815,2025-05-12
c0387,37.63164,14.870351,32.66220800611107,2025-05-13
c0387,37.63164,14.870351,28.375704009599385,2025-05-14
c0387,37.63164,14.870351,26.494326539001637,2025-05-15
c0387,37.63164,14.870351,24.490659223058476,2025-05-16
c0387,37.63164,14.870351,28.146468590716317,2025-05-17
c0387,37.63164,14.870351,37.33910712117189,2025-05-18
c0387,37.63164,14.870351,32.45966127636663,2025-05-19
c0387,37.63164,14.870351,27.755716857545387,2025-05-20
c0387,37.63164,14.870351,30.19971340856323,2025-05-21
c0387,37.63164,14.870351,26.882718562234658,2025-05-23
c0387,37.63164,14.870351,,2025-05-24
c0387,37.63164,14.870351,28.981983867760203,2025-05-25
c0387,37.63164,14.870351,28.346127130034116,2025-05-26
c0387,37.63164,14.870351,29.837143625062208,2025-05-27
c0387,37.63164,14.870351,31.8167221613394,2025-05-28
c0387,37.63164,14.870351,30.610403944714857,2025-05-29
c0387,37.63164,14.870351,29.174194368277902,2025-05-30
c0387,37.63164,14.870351,30.215861015918637,2025-05-31
c0387,37.63164,14.870351,27.847232491033328,2025-06-01
c0387,37.63164,14.870351,28.73134010900392,2025-06-02
c0387,37.63164,14.870351,26.91959428884683,2025-06-03
c0387,37.63164,14.870351,27.194054589633012,2025-06-04
c0387,37.63164,14.870351,28.53389133756983,2025-06-05
c0387,37.63164,14.870351,32.14733553090577,2025-06-06
c0387,37.63164,14.870351,28.034140227198876,2025-06-07
c0387,37.63164,14.870351,24.556035005018195,2025-06-08
c0387,37.63164,14.870351,32.22253023683068,2025-06-09
c0387,37.63164,14.870351,32.147215951982055,2025-06-10
c0387,37.63164,14.870351,26.960936464828496,2025-06-11
c0387,37.63164,14.870351,32.171289381959355,2025-06-12
c0387,37.63164,14.870351,36.13104050177466,2025-06-13
c0387,37.63164,14.870351,36.519438772093686,2025-06-14
c0387,37.63164,14.870351,35.16315437647152,2025-06-15
c0387,37.63164,14.870351,33.79467770076092,2025-06-16
c0387,37.63164,14.870351,29.687408165552895,2025-06-17
c0387,37.63164,14.870351,34.210065865382894,2025-06-18
c0387,37.63164,14.870351,,2025-06-19
c0387,37.63164,14.870351,33.73448058152489,2025-06-20
c0387,37.63164,14.870351,28.174211379080596,2025-06-21
c0387,37.63164,14.870351,28.44581299512857,2025-06-22
c0387,37.63164,14.870351,31.30275540915741,2025-06-23
c0387,37.63164,14.870351,28.291657820721216,2025-06-24
c0387,37.63164,14.870351,31.862149168497677,2025-06-25
c0387,37.63164,14.870351,30.569953723490844,2025-06-26
c0387,37.63164,14.870351,28.14089781330654,2025-06-27
c0387,37.63164,14.870351,31.433162355848225,2025-06-28
c0387,37.63164,14.870351,30.637834646491417,2025-06-29
c0387,37.63164,14.870351,29.34495166398105,2025-06-30
c0387,37.63164,14.870351,28.067752791856854,2025-07-01
c0387,37.63164,14.870351,28.090470726474525,2025-07-02
c0387,37.63164,14.870351,25.42413083498399,2025-07-03
c0387,37.63164,14.870351,29.529492118310745,2025-07-04
c0387,37.63164,14.870351,27.809231254229065,2025-07-05
c0387,37.63164,14.870351,28.203258641644727,2025-07-06
c0387,37.63164,14.870351,27.362442736328113,2025-07-07
c0387,37.63164,14.870351,27.674767541370695,2025-07-08
c0387,37.63164,14.870351,28.308558091083608,2025-07-09
c0387,37.63164,14.870351,29.8994135734666,2025-07-10
c0387,37.63164,14.870351,28.060075046195205,2025-07-11
c0387,37.63164,14.870351,29.01136402762114,2025-07-12
c0387,37.63164,14.870351,27.819885222920103,2025-07-13
c0387,37.63164,14.870351,29.550237053636305,2025-07-14
c0387,37.63164,14.870351,31.03525699047285,2025-07-15
c0387,37.63164,14.870351,28.393625711765008,2025-07-16
c0387,37.63164,14.870351,28.23584020030889,2025-07-17
c0387,37.63164,14.870351,28.90096584229913,2025-07-18
c0387,37.63164,14.870351,27.282090086316277,2025-07-19
c0387,37.63164,14.870351,32.226900890008636,2025-07-20
c0387,37.63164,14.870351,34.32544844610167,2025-07-21
c0387,37.63164,14.870351,32.556876757386966,2025-07-22
c0387,37.63164,14.870351,29.437640652396706,2025-07-23
c0387,37.63164,14.870351,33.46918840077185,2025-07-24
c0387,37.63164,14.870351,29.89680293430633,2025-07-25
c0387,37.63164,14.870351,32.57796661056039,2025-07-26
c0387,37.63164,14.870351,27.122909942816673,2025-07-27
c0387,37.63164,14.870351,28.174462030630167,2025-07-28
c0387,37.63164,14.870351,26.810472719006167,2025-07-29
c0387,37.63164,14.870351,,2025-07-30
c0387,37.63164,14.870351,27.680095039252695,2025-07-31
c0387,37.63164,14.870351,33.23705506374458,2025-08-01
c0387,37.63164,14.870351,34.603690452931225,2025-08-02
c0387,37.63164,14.870351,32.33195581904492,2025-08-03
c0387,37.63164,14.870351,34.1559963161092,2025-08-04
c0387,37.63164,14.870351,29.3326846474131,2025-08-05
c0387,37.63164,14.870351,30.150345439567506,2025-08-06
c0387,37.63164,14.870351,44.44466784413008,2025-08-07
c0387,37.63164,14.870351,40.81281462940064,2025-08-08
c0387,37.63164,14.870351,40.82864871271411,2025-08-09
c0387,37.63164,14.870351,42.98577608038608,2025-08-10
c0387,37.63164,14.870351,41.70520774011885,2025-08-11
c0387,37.63164,14.870351,35.37159071896261,2025-08-12
c0387,37.63164,14.870351,34.224268887963596,2025-08-13
c0387,37.63164,14.870351,37.694609475925866,2025-08-14
c0387,37.63164,14.870351,38.81264890582486,2025-08-15
c0387,37.63164,14.870351,38.241981010237375,2025-08-16
c0387,37.63164,14.870351,33.605829495156996,2025-08-17
c0387,37.63164,14.870351,32.18741242414611,2025-08-18
c0387,37.63164,14.870351,33.18841567058585,2025-08-19
c0387,37.63164,14.870351,31.704947879363857,2025-08-20
c0387,37.63164,14.870351,33.43397004584589,2025-08-21
c0387,37.63164,14.870351,36.74679144966353,2025-08-22
c0387,37.63164,14.870351,31.135963184174766,2025-08-23
c0387,37.63164,14.870351,30.903588838783055,2025-08-24
c0387,37.63164,14.870351,35.01881080393453,2025-08-25
c0387,37.63164,14.870351,31.72193686189387,2025-08-26
c0387,37.63164,14.870351,30.149861253488183,2025-08-27
c0387,37.63164,14.870351,29.482664371062015,2025-08-28
c0387,37.63164,14.870351,33.21764335131369,2025-08-29
c0387,37.63164,14.870351,26.632697397737505,2025-08-30
c0387,37.63164,14.870351,26.903639309995064,2025-08-31
c0387,37.63164,14.870351,27.773410079610056,2025-09-01
c0387,37.63164,14.870351,27.50663353752339,2025-09-02
c0387,37.63164,14.870351,28.97796778506232,2025-09-03
c0387,37.63164,14.870351,27.724508627957572,2025-09-04
c0387,37.63164,14.870351,25.220366503569295,2025-09-05
c0387,37.63164,14.870351,30.595444441763057,2025-09-06
c0387,37.63164,14.870351,28.72050624665255,2025-09-07
c0387,37.63164,14.870351,26.01312797150741,2025-09-08
c0387,37.63164,14.870351,25.07972116095784,2025-09-09
c0387,37.63164,14.870351,31.61720129298888,2025-09-10
c0387,37.63164,14.870351,26.19544790931736,2025-09-11
c0387,37.63164,14.870351,27.087331366119923,2025-09-12
c0387,37.63164,14.870351,26.94468229439429,2025-09-13
c0387,37.63164,14.870351,27.57482287658384,2025-09-14
c0387,37.63164,14.870351,25.330377669820344,2025-09-15
c0387,37.63164,14.870351,26.290348308498498,2025-09-16
c0387,37.63164,14.870351,27.159951863551207,2025-09-17
c0387,37.63164,14.870351,23.869790453644555,2025-09-18
c0387,37.63164,14.870351,28.23242156430834,2025-09-19
c0387,37.63164,14.870351,27.778558545267245,2025-09-20
c0387,37.63164,14.870351,26.27365150749069,2025-09-21
c0387,37.63164,14.870351,27.14098687961196,2025-09-22
c0387,37.63164,14.870351,23.12471781522601,2025-09-23
c0387,37.63164,14.870351,,2025-09-24
c0387,37.63164,14.870351,28.12207173578555,2025-09-25
c0387,37.63164,14.870351,26.73327289084324,2025-09-26
c0387,37.63164,14.870351,,2025-09-27
c0387,37.63164,14.870351,23.268101854372876,2025-09-28
c0387,37.63164,14.870351,26.850939434536468,2025-09-29
c0387,37.63164,14.870351,28.646350030101157,2025-09-30
c0387,37.63164,14.870351,25.588693704676267,2025-10-01
c0387,37.63164,14.870351,26.61759776492872,2025-10-02
c0387,37.63164,14.870351,27.671207107157542,2025-10-03
c0387,37.63164,14.870351,28.67080097321469,2025-10-04
c0387,37.63164,14.870351,26.465682079716764,2025-10-05
c0387,37.63164,14.870351,26.007216502539812,2025-10-06
c0387,37.63164,14.870351,25.108416604361175,2025-10-07
c0387,37.63164,14.870351,27.137738986985863,2025-10-08
c0387,37.63164,14.870351,,2025-10-09
c0387,37.63164,14.870351,25.659283961799087,2025-10-10
c0387,37.63164,14.870351,25.2252550246446,2025-10-11
c0387,37.63164,14.870351,24.79052968454193,2025-10-12
c0387,37.63164,14.870351,24.807495777067835,2025-10-13
c0387,37.63164,14.870351,24.47279530674421,2025-10-14
c0387,37.63164,14.870351,26.339888233111385,2025-10-15
c0387,37.63164,14.870351,25.950352244669233,2025-10-16
c0387,37.63164,14.870351,23.96340207705019,2025-10-17
c0387,37.63164,14.870351,23.700144608183475,2025-10-18
c0387,37.63164,14.870351,26.737994603275705,2025-10-19
c0387,37.63164,14.870351,24.29172326042192,2025-10-20
c0387,37.63164,14.870351,26.557139000635186,2025-10-21
c0387,37.63164,14.870351,,2025-10-22
c0387,37.63164,14.870351,24.00822004920998,2025-10-23
c0387,37.63164,14.870351,23.44381699704087,2025-10-24
c0387,37.63164,14.870351,23.919533179178853,2025-10-25
c0387,37.63164,14.870351,26.35314889427406,2025-10-26
c0387,37.63164,14.870351,26.205394610490867,2025-10-27
c0387,37.63164,14.870351,27.569893702872616,2025-10-28
c0387,37.63164,14.870351,23.91191817163282,2025-10-29
c0387,37.63164,14.870351,,2025-10-30
c0387,37.63164,14.870351,23.35934496613964,2025-10-31
c0387,37.63164,14.870351,26.239878279611997,2025-11-01
c0387,37.63164,14.870351,22.91042545009536,2025-11-02
c0387,37.63164,14.870351,23.69519122697149,2025-11-03
c0387,37.63164,14.870351,23.191000473934256,2025-11-04
c0387,37.63164,14.870351,26.056509940019215,2025-11-05
c0387,37.63164,14.870351,24.14989723443991,2025-11-06
c0387,37.63164,14.870351,,2025-11-07
c0387,37.63164,14.870351,23.27163088121815,2025-11-08
c0387,37.63164,14.870351,26.064399974687735,2025-11-09
c0387,37.63164,14.870351,26.233373809909903,2025-11-10
c0387,37.63164,14.870351,25.90675491506165,2025-11-11
c0387,37.63164,14.870351,27.063880401485175,2025-11-12
c0387,37.63164,14.870351,27.10617325015783,2025-11-13
c0387,37.63164,14.870351,27.03161141070007,2025-11-14
c0387,37.63164,14.870351,24.108979869570383,2025-11-15
c0387,37.63164,14.870351,27.288666014454098,2025-11-16
c0387,37.63164,14.870351,,2025-11-17
c0387,37.63164,14.870351,,2025-11-18
c0387,37.63164,14.870351,23.767149830449757,2025-11-19
c0387,37.63164,14.870351,26.31409865439819,2025-11-20
c0387,37.63164,14.870351,26.173590209804605,2025-11-21
c0387,37.63164,14.870351,27.530050273088936,2025-11-22
c0387,37.63164,14.870351,27.721963372170855,2025-11-23
c0387,37.63164,14.870351,24.38814819797103,2025-11-24
c0387,37.63164,14.870351,23.626152921980133,2025-11-25
c0387,37.63164,14.870351,22.83575676000576,2025-11-26
c0387,37.63164,14.870351,24.833573311171115,2025-11-27
c0387,37.63164,14.870351,27.32726024837497,2025-11-28
c0387,37.63164,14.870351,25.86830886136133,2025-11-30
c0387,37.63164,14.870351,22.31152364899465,2025-12-01
c0387,37.63164,14.870351,23.35207618737215,2025-12-02
c0387,37.63164,14.870351,,2025-12-03
c0387,37.63164,14.870351,,2025-12-04
c0387,37.63164,14.870351,27.424695446854916,2025-12-05
c0387,37.63164,14.870351,25.50061818026236,2025-12-06
c0387,37.63164,14.870351,27.194706082199687,2025-12-07
c0387,37.63164,14.870351,28.310209273376636,2025-12-08
c0387,37.63164,14.870351,28.006795805158855,2025-12-09
c0387,37.63164,14.870351,27.54064378624902,2025-12-10
c0387,37.63164,14.870351,26.94455975536775,2025-12-11
c0387,37.63164,14.870351,23.45347764642384,2025-12-12
c0387,37.63164,14.870351,26.574933658426605,2025-12-13
c0387,37.63164,14.870351,25.438819327916445,2025-12-14
c0387,37.63164,14.870351,26.253644495569617,2025-12-15
c0387,37.63164,14.870351,,2025-12-16
c0387,37.63164,14.870351,27.196076571634684,2025-12-17
c0387,37.63164,14.870351,26.48751064024117,2025-12-18
c0387,37.63164,14.870351,24.28888566670209,2025-12-22
c0387,37.63164,14.870351,27.954493853784665,2025-12-23
c0387,37.63164,14.870351,28.56292791698938,2025-12-24
c0387,37.63164,14.870351,28.20065628047743,2025-12-25
c0387,37.63164,14.870351,27.40754843308977,2025-12-26
c0387,37.63164,14.870351,26.37836065346757,2025-12-27
c0387,37.63164,14.870351,25.313643312865256,2025-12-28
c0387,37.63164,14.870351,,2025-12-29
c0387,37.63164,14.870351,27.542930613952255,2025-12-30
