cell_id,lat_center,lon_center,mean,date
c0214,36.730739,10.973494,13.605253834271158,2019-01-01
c0214,36.730739,10.973494,13.988364401678476,2019-01-02
c0214,36.730739,10.973494,11.424945892046331,2019-01-03
c0214,36.730739,10.973494,9.138365405771689,2019-01-04
c0214,36.730739,10.973494,10.03784854902691,2019-01-05
c0214,36.730739,10.973494,12.77581904503512,2019-01-06
c0214,36.730739,10.973494,12.501202342235755,2019-01-07
c0214,36.730739,10.973494,11.751982304756336,2019-01-08
c0214,36.730739,10.973494,12.054055015695598,2019-01-09
c0214,36.730739,10.973494,10.057088847644287,2019-01-10
c0214,36.730739,10.973494,8.986300090417974,2019-01-11
c0214,36.730739,10.973494,9.79226618497862,2019-01-12
c0214,36.730739,10.973494,12.109671372292404,2019-01-13
c0214,36.730739,10.973494,13.858622759755184,2019-01-14
c0214,36.730739,10.973494,13.10093481887837,2019-01-15
c0214,36.730739,10.973494,12.376556386079278,2019-01-16
c0214,36.730739,10.973494,12.595906620966725,2019-01-17
c0214,36.730739,10.973494,12.308136053196296,2019-01-18
c0214,36.730739,10.973494,11.733136740851698,2019-01-19
c0214,36.730739,10.973494,11.816358961372362,2019-01-20
c0214,36.730739,10.973494,12.862947943236447,2019-01-21
c0214,36.730739,10.973494,10.9900905804992,2019-01-22
c0214,36.730739,10.973494,9.984641014616356,2019-01-23
c0214,36.730739,10.973494,8.817136728108512,2019-01-24
c0214,36.730739,10.973494,9.784081130748898,2019-01-25
c0214,36.730739,10.973494,10.78899574539915,2019-01-26
c0214,36.730739,10.973494,13.210131919025375,2019-01-27
c0214,36.730739,10.973494,11.482547157431467,2019-01-28
c0214,36.730739,10.973494,10.047583736017266,2019-01-29
c0214,36.730739,10.973494,10.79765190785543,2019-01-30
c0214,36.730739,10.973494,12.2260758999405,2019-01-31
c0214,36.730739,10.973494,14.804809364046497,2019-02-01
c0214,36.730739,10.973494,13.34710475953767,2019-02-02
c0214,36.730739,10.973494,9.846239967820576,2019-02-03
c0214,36.730739,10.973494,9.879070745162911,2019-02-04
c0214,36.730739,10.973494,12.023269185396392,2019-02-05
c0214,36.730739,10.973494,12.329115064967583,2019-02-06
c0214,36.730739,10.973494,12.270438360221158,2019-02-07
c0214,36.730739,10.973494,12.573156384660503,2019-02-08
c0214,36.730739,10.973494,12.53167863884848,2019-02-09
c0214,36.730739,10.973494,13.0247005063274,2019-02-10
c0214,36.730739,10.973494,13.57960998406626,2019-02-11
c0214,36.730739,10.973494,11.822241043231625,2019-02-12
c0214,36.730739,10.973494,12.18637800801964,2019-02-13
c0214,36.730739,10.973494,12.06545350862421,2019-02-14
c0214,36.730739,10.973494,12.317093214087848,2019-02-15
c0214,36.730739,10.973494,11.768183890968963,2019-02-16
c0214,36.730739,10.973494,11.409398189013745,2019-02-17
c0214,36.730739,10.973494,12.02413568554086,2019-02-18
c0214,36.730739,10.973494,12.487488953903704,2019-02-19
c0214,36.730739,10.973494,12.631167883018035,2019-02-20
c0214,36.730739,10.973494,11.436905180666784,2019-02-21
c0214,36.730739,10.973494,11.856069485556889,2019-02-22
c0214,36.730739,10.973494,10.82450291005859,2019-02-23
c0214,36.730739,10.973494,10.263399406766691,2019-02-24
c0214,36.730739,10.973494,10.730536910668,2019-02-25
c0214,36.730739,10.973494,10.390946426422248,2019-02-26
c0214,36.730739,10.973494,11.860919159308938,2019-02-27
c0214,36.730739,10.973494,13.117222662695063,2019-02-28
c0214,36.730739,10.973494,13.572774468126235,2019-03-01
c0214,36.730739,10.973494,13.455657849883744,2019-03-02
c0214,36.730739,10.973494,13.456384823612105,2019-03-03
c0214,36.730739,10.973494,13.254124896114176,2019-03-04
c0214,36.730739,10.973494,14.552211489411585,2019-03-05
c0214,36.730739,10.973494,15.022918158269924,2019-03-06
c0214,36.730739,10.973494,16.47088865837897,2019-03-07
c0214,36.730739,10.973494,13.830211826390288,2019-03-08
c0214,36.730739,10.973494,14.048828520853284,2019-03-09
c0214,36.730739,10.973494,14.114280395722076,2019-03-10
c0214,36.730739,10.973494,14.599217528011566,2019-03-11
c0214,36.730739,10.973494,12.714360900370904,2019-03-12
c0214,36.730739,10.973494,13.146377797132516,2019-03-13
c0214,36.730739,10.973494,13.173522427739082,2019-03-14
c0214,36.730739,10.973494,14.14852351002366,2019-03-15
c0214,36.730739,10.973494,14.951848094280722,2019-03-16
c0214,36.730739,10.973494,15.063871319706204,2019-03-17
c0214,36.730739,10.973494,14.390230723112134,2019-03-18
c0214,36.730739,10.973494,12.76374492913044,2019-03-19
c0214,36.730739,10.973494,12.732391313353176,2019-03-20
c0214,36.730739,10.973494,12.661738082696006,2019-03-21
c0214,36.730739,10.973494,12.649882873492352,2019-03-22
c0214,36.730739,10.973494,14.081197748134512,2019-03-23
c0214,36.730739,10.973494,13.774651411800962,2019-03-24
c0214,36.730739,10.973494,13.818959617844286,2019-03-25
c0214,36.730739,10.973494,14.6289717428282,2019-03-26
c0214,36.730739,10.973494,12.597053321566047,2019-03-27
c0214,36.730739,10.973494,12.89820164092518,2019-03-28
c0214,36.730739,10.973494,13.264077973777026,2019-03-29
c0214,36.730739,10.973494,13.059620446313437,2019-03-30
c0214,36.730739,10.973494,13.030306474033065,2019-03-31
c0214,36.730739,10.973494,12.416326011293563,2019-04-01
c0214,36.730739,10.973494,14.251986173774377,2019-04-02
c0214,36.730739,10.973494,15.319006567846763,2019-04-03
c0214,36.730739,10.973494,15.676005248625607,2019-04-04
c0214,36.730739,10.973494,12.989600547212133,2019-04-05
c0214,36.730739,10.973494,13.137876035810448,2019-04-06
c0214,36.730739,10.973494,12.48445598343698,2019-04-07
c0214,36.730739,10.973494,13.491358121159696,2019-04-08
c0214,36.730739,10.973494,15.072416243111352,2019-04-09
c0214,36.730739,10.973494,14.26008083360341,2019-04-10
c0214,36.730739,10.973494,13.632189586867408,2019-04-11
c0214,36.730739,10.973494,13.441823677341482,2019-04-12
c0214,36.730739,10.973494,13.386616468066176,2019-04-13
c0214,36.730739,10.973494,15.126183748455643,2019-04-14
c0214,36.730739,10.973494,14.331945542795737,2019-04-15
c0214,36.730739,10.973494,14.207770224340562,2019-04-16
c0214,36.730739,10.973494,15.133602099030387,2019-04-17
c0214,36.730739,10.973494,15.26175132289356,2019-04-18
c0214,36.730739,10.973494,15.671338118772391,2019-04-19
c0214,36.730739,10.973494,15.61475880359297,2019-04-20
c0214,36.730739,10.973494,16.457474176748885,2019-04-21
c0214,36.730739,10.973494,18.972016284726887,2019-04-22
c0214,36.730739,10.973494,16.967344883422616,2019-04-23
c0214,36.730739,10.973494,17.80138744517976,2019-04-24
c0214,36.730739,10.973494,17.66618864699825,2019-04-25
c0214,36.730739,10.973494,17.18135070066307,2019-04-26
c0214,36.730739,10.973494,16.221610093681026,2019-04-27
c0214,36.730739,10.973494,16.15072880824123,2019-04-28
c0214,36.730739,10.973494,16.18028913146755,2019-04-29
c0214,36.730739,10.973494,14.975918384158756,2019-04-30
c0214,36.730739,10.973494,15.249169457470442,2019-05-01
c0214,36.730739,10.973494,15.872097897061003,2019-05-02
c0214,36.730739,10.973494,16.854648889540872,2019-05-03
c0214,36.730739,10.973494,16.35601915848385,2019-05-04
c0214,36.730739,10.973494,15.91631365063392,2019-05-05
c0214,36.730739,10.973494,14.903186272790624,2019-05-06
c0214,36.730739,10.973494,14.748038885558046,2019-05-07
c0214,36.730739,10.973494,16.212938898899846,2019-05-08
c0214,36.730739,10.973494,19.77831124658811,2019-05-09
c0214,36.730739,10.973494,19.101622060384823,2019-05-10
c0214,36.730739,10.973494,19.811105314546296,2019-05-11
c0214,36.730739,10.973494,17.410899162981078,2019-05-12
c0214,36.730739,10.973494,15.28234791164654,2019-05-13
c0214,36.730739,10.973494,15.581861138219516,2019-05-14
c0214,36.730739,10.973494,16.76547899976871,2019-05-15
c0214,36.730739,10.973494,15.228804594362034,2019-05-16
c0214,36.730739,10.973494,16.22787557327267,2019-05-17
c0214,36.730739,10.973494,17.450841057047164,2019-05-18
c0214,36.730739,10.973494,17.173944337388132,2019-05-19
c0214,36.730739,10.973494,17.193406687957264,2019-05-20
c0214,36.730739,10.973494,17.50339482227484,2019-05-21
c0214,36.730739,10.973494,18.76408200346226,2019-05-22
c0214,36.730739,10.973494,18.289332798308696,2019-05-23
c0214,36.730739,10.973494,18.796796628398884,2019-05-24
c0214,36.730739,10.973494,18.13973385305519,2019-05-25
c0214,36.730739,10.973494,17.560516321769082,2019-05-26
c0214,36.730739,10.973494,17.389317310454143,2019-05-27
c0214,36.730739,10.973494,19.198371196644334,2019-05-28
c0214,36.730739,10.973494,18.200749590001937,2019-05-29
c0214,36.730739,10.973494,18.02209871217902,2019-05-30
c0214,36.730739,10.973494,17.94733408022447,2019-05-31
c0214,36.730739,10.973494,18.132267136311768,2019-06-01
c0214,36.730739,10.973494,19.343902357142028,2019-06-02
c0214,36.730739,10.973494,20.528442416017057,2019-06-03
c0214,36.730739,10.973494,21.52394584735334,2019-06-04
c0214,36.730739,10.973494,21.62493727125896,2019-06-05
c0214,36.730739,10.973494,21.273870805081646,2019-06-06
c0214,36.730739,10.973494,22.48877098138584,2019-06-07
c0214,36.730739,10.973494,24.71646585353542,2019-06-08
c0214,36.730739,10.973494,25.386489959514837,2019-06-09
c0214,36.730739,10.973494,24.572093170539404,2019-06-10
c0214,36.730739,10.973494,21.8781668264035,2019-06-11
c0214,36.730739,10.973494,21.056082945026844,2019-06-12
c0214,36.730739,10.973494,22.837473547912953,2019-06-13
c0214,36.730739,10.973494,23.224542579084723,2019-06-14
c0214,36.730739,10.973494,22.601485772559425,2019-06-15
c0214,36.730739,10.973494,22.380537669935055,2019-06-16
c0214,36.730739,10.973494,22.178897392037307,2019-06-17
c0214,36.730739,10.973494,22.20404812720614,2019-06-18
c0214,36.730739,10.973494,22.77160826268755,2019-06-19
c0214,36.730739,10.973494,23.618832507020652,2019-06-20
c0214,36.730739,10.973494,25.13574649445084,2019-06-21
c0214,36.730739,10.973494,25.786582390869036,2019-06-22
c0214,36.730739,10.973494,25.02668988013239,2019-06-23
c0214,36.730739,10.973494,26.30250823246256,2019-06-24
c0214,36.730739,10.973494,25.31523462411061,2019-06-25
c0214,36.730739,10.973494,25.178306194294723,2019-06-26
c0214,36.730739,10.973494,25.87833038327022,2019-06-27
c0214,36.730739,10.973494,26.555759447834557,2019-06-28
c0214,36.730739,10.973494,26.67093805603078,2019-06-29
c0214,36.730739,10.973494,25.543097228177633,2019-06-30
c0214,36.730739,10.973494,25.401361079393915,2019-07-01
c0214,36.730739,10.973494,25.638224782228395,2019-07-02
c0214,36.730739,10.973494,26.816975008968026,2019-07-03
c0214,36.730739,10.973494,27.644290344446404,2019-07-04
c0214,36.730739,10.973494,27.618222848622157,2019-07-05
c0214,36.730739,10.973494,27.38864209373651,2019-07-06
c0214,36.730739,10.973494,29.130544975700044,2019-07-07
c0214,36.730739,10.973494,30.306368478101,2019-07-08
c0214,36.730739,10.973494,30.83573759746901,2019-07-09
c0214,36.730739,10.973494,26.891943521419336,2019-07-10
c0214,36.730739,10.973494,26.348388130503217,2019-07-11
c0214,36.730739,10.973494,26.335133123263976,2019-07-12
c0214,36.730739,10.973494,28.349450166398547,2019-07-13
c0214,36.730739,10.973494,27.389910589984005,2019-07-14
c0214,36.730739,10.973494,26.4397794693673,2019-07-15
c0214,36.730739,10.973494,24.646340530768892,2019-07-16
c0214,36.730739,10.973494,25.05036840764005,2019-07-17
c0214,36.730739,10.973494,25.249859844992745,2019-07-18
c0214,36.730739,10.973494,25.72669279524664,2019-07-19
c0214,36.730739,10.973494,25.71420113065855,2019-07-20
c0214,36.730739,10.973494,25.897108855631963,2019-07-21
c0214,36.730739,10.973494,26.51668058503264,2019-07-22
c0214,36.730739,10.973494,26.69302692436285,2019-07-23
c0214,36.730739,10.973494,26.847098205082915,2019-07-24
c0214,36.730739,10.973494,26.721232362143574,2019-07-25
c0214,36.730739,10.973494,27.38130455032393,2019-07-26
c0214,36.730739,10.973494,27.575762585679392,2019-07-27
c0214,36.730739,10.973494,26.70405095877347,2019-07-28
c0214,36.730739,10.973494,26.035225337947026,2019-07-29
c0214,36.730739,10.973494,26.19786191313709,2019-07-30
c0214,36.730739,10.973494,26.769268906857697,2019-07-31
c0214,36.730739,10.973494,28.15357166738624,2019-08-01
c0214,36.730739,10.973494,30.129783752325157,2019-08-02
c0214,36.730739,10.973494,28.353357208258117,2019-08-03
c0214,36.730739,10.973494,27.815844053749707,2019-08-04
c0214,36.730739,10.973494,27.459476766574856,2019-08-05
c0214,36.730739,10.973494,27.578772394828356,2019-08-06
c0214,36.730739,10.973494,29.66700830807709,2019-08-07
c0214,36.730739,10.973494,29.64525183254204,2019-08-08
c0214,36.730739,10.973494,27.857865800945564,2019-08-09
c0214,36.730739,10.973494,27.94643742821088,2019-08-10
c0214,36.730739,10.973494,27.84086134796208,2019-08-11
c0214,36.730739,10.973494,28.44681767686709,2019-08-12
c0214,36.730739,10.973494,28.237313723420694,2019-08-13
c0214,36.730739,10.973494,26.410258962521848,2019-08-14
c0214,36.730739,10.973494,25.556622310015687,2019-08-15
c0214,36.730739,10.973494,25.88388580049901,2019-08-16
c0214,36.730739,10.973494,26.277143016590284,2019-08-17
c0214,36.730739,10.973494,26.079114478915017,2019-08-18
c0214,36.730739,10.973494,26.549186351851137,2019-08-19
c0214,36.730739,10.973494,26.480413099029608,2019-08-20
c0214,36.730739,10.973494,26.427112757915783,2019-08-21
c0214,36.730739,10.973494,26.23484165652231,2019-08-22
c0214,36.730739,10.973494,26.859495084466527,2019-08-23
c0214,36.730739,10.973494,26.834998064159763,2019-08-24
c0214,36.730739,10.973494,27.16036995215634,2019-08-25
c0214,36.730739,10.973494,27.05960933273693,2019-08-26
c0214,36.730739,10.973494,27.62321531951455,2019-08-27
c0214,36.730739,10.973494,27.30248101621186,2019-08-28
c0214,36.730739,10.973494,25.442522542733936,2019-08-29
c0214,36.730739,10.973494,25.679291508564088,2019-08-30
c0214,36.730739,10.973494,24.591042003639256,2019-08-31
c0214,36.730739,10.973494,23.12381566380864,2019-09-01
c0214,36.730739,10.973494,23.83217205440861,2019-09-02
c0214,36.730739,10.973494,25.139162177901852,2019-09-03
c0214,36.730739,10.973494,24.29228244296435,2019-09-04
c0214,36.730739,10.973494,24.706621964504784,2019-09-05
c0214,36.730739,10.973494,24.18784475223256,2019-09-06
c0214,36.730739,10.973494,23.518626562639593,2019-09-07
c0214,36.730739,10.973494,23.533173529651343,2019-09-08
c0214,36.730739,10.973494,23.108998996323024,2019-09-09
c0214,36.730739,10.973494,22.520093208922024,2019-09-10
c0214,36.730739,10.973494,24.094978973198945,2019-09-11
c0214,36.730739,10.973494,24.934895775493192,2019-09-12
c0214,36.730739,10.973494,25.00521073676095,2019-09-13
c0214,36.730739,10.973494,24.655260483443023,2019-09-14
c0214,36.730739,10.973494,24.718102795524036,2019-09-15
c0214,36.730739,10.973494,25.32704589696856,2019-09-16
c0214,36.730739,10.973494,25.559086061241295,2019-09-17
c0214,36.730739,10.973494,25.872190828472593,2019-09-18
c0214,36.730739,10.973494,26.68913935689245,2019-09-19
c0214,36.730739,10.973494,25.135491431519743,2019-09-20
c0214,36.730739,10.973494,25.87839938751725,2019-09-21
c0214,36.730739,10.973494,26.235707917196223,2019-09-22
c0214,36.730739,10.973494,25.252478593351206,2019-09-23
c0214,36.730739,10.973494,24.00273384372729,2019-09-24
c0214,36.730739,10.973494,24.054878457808105,2019-09-25
c0214,36.730739,10.973494,23.86748371927607,2019-09-26
c0214,36.730739,10.973494,23.477232464737973,2019-09-27
c0214,36.730739,10.973494,23.80717193934034,2019-09-28
c0214,36.730739,10.973494,23.89061055020833,2019-09-29
c0214,36.730739,10.973494,23.76890927026707,2019-09-30
c0214,36.730739,10.973494,23.996684179906644,2019-10-01
c0214,36.730739,10.973494,24.39225096796299,2019-10-02
c0214,36.730739,10.973494,21.956984366100595,2019-10-03
c0214,36.730739,10.973494,21.516907940530626,2019-10-04
c0214,36.730739,10.973494,22.307896489289917,2019-10-05
c0214,36.730739,10.973494,22.167591655316546,2019-10-06
c0214,36.730739,10.973494,19.335152656564382,2019-10-07
c0214,36.730739,10.973494,21.271886932979008,2019-10-08
c0214,36.730739,10.973494,21.634197090813025,2019-10-09
c0214,36.730739,10.973494,21.9362197784167,2019-10-10
c0214,36.730739,10.973494,20.922683889799902,2019-10-11
c0214,36.730739,10.973494,20.888796070250383,2019-10-12
c0214,36.730739,10.973494,22.847370336221243,2019-10-13
c0214,36.730739,10.973494,22.91615670866341,2019-10-14
c0214,36.730739,10.973494,22.88918173721508,2019-10-15
c0214,36.730739,10.973494,21.105485822338693,2019-10-16
c0214,36.730739,10.973494,21.35371914697949,2019-10-17
c0214,36.730739,10.973494,22.264423349245096,2019-10-18
c0214,36.730739,10.973494,23.009497930876385,2019-10-19
c0214,36.730739,10.973494,23.090701338014036,2019-10-20
c0214,36.730739,10.973494,23.15055820420717,2019-10-21
c0214,36.730739,10.973494,22.87177264400627,2019-10-22
c0214,36.730739,10.973494,22.94433999962469,2019-10-23
c0214,36.730739,10.973494,20.75308694958066,2019-10-24
c0214,36.730739,10.973494,18.08498257584619,2019-10-25
c0214,36.730739,10.973494,18.498523755308845,2019-10-26
c0214,36.730739,10.973494,19.082018548419985,2019-10-27
c0214,36.730739,10.973494,19.037514008645623,2019-10-28
c0214,36.730739,10.973494,19.65551521662392,2019-10-29
c0214,36.730739,10.973494,19.910892757717253,2019-10-30
c0214,36.730739,10.973494,19.91391897480795,2019-10-31
c0214,36.730739,10.973494,18.496162047617624,2019-11-01
c0214,36.730739,10.973494,20.001888550116867,2019-11-02
c0214,36.730739,10.973494,21.529897189761957,2019-11-03
c0214,36.730739,10.973494,19.939144075916268,2019-11-04
c0214,36.730739,10.973494,20.69718862825069,2019-11-05
c0214,36.730739,10.973494,16.97247375154707,2019-11-06
c0214,36.730739,10.973494,16.85736854452234,2019-11-07
c0214,36.730739,10.973494,17.248686032193888,2019-11-08
c0214,36.730739,10.973494,14.768767821965715,2019-11-09
c0214,36.730739,10.973494,16.453099669216634,2019-11-10
c0214,36.730739,10.973494,14.4348305224416,2019-11-11
c0214,36.730739,10.973494,13.54074928507099,2019-11-12
c0214,36.730739,10.973494,16.210563873431813,2019-11-13
c0214,36.730739,10.973494,16.29525916998139,2019-11-14
c0214,36.730739,10.973494,18.132693635685783,2019-11-15
c0214,36.730739,10.973494,17.818887296968143,2019-11-16
c0214,36.730739,10.973494,13.67967125379656,2019-11-17
c0214,36.730739,10.973494,15.187257154964342,2019-11-18
c0214,36.730739,10.973494,13.711368281077164,2019-11-19
c0214,36.730739,10.973494,14.303079292490173,2019-11-20
c0214,36.730739,10.973494,15.250552259216446,2019-11-21
c0214,36.730739,10.973494,16.26170491915941,2019-11-22
c0214,36.730739,10.973494,16.67580685223439,2019-11-23
c0214,36.730739,10.973494,14.222575421721626,2019-11-24
c0214,36.730739,10.973494,14.896395790323515,2019-11-25
c0214,36.730739,10.973494,16.065148472087845,2019-11-26
c0214,36.730739,10.973494,16.06489704558999,2019-11-27
c0214,36.730739,10.973494,16.81233786266586,2019-11-28
c0214,36.730739,10.973494,16.35891286878287,2019-11-29
c0214,36.730739,10.973494,15.961796255528668,2019-11-30
c0214,36.730739,10.973494,16.25916992199744,2019-12-01
c0214,36.730739,10.973494,17.9771918159482,2019-12-02
c0214,36.730739,10.973494,16.606825613487814,2019-12-03
c0214,36.730739,10.973494,16.637003360691697,2019-12-04
c0214,36.730739,10.973494,15.60313193990294,2019-12-05
c0214,36.730739,10.973494,15.58879041338945,2019-12-06
c0214,36.730739,10.973494,15.534470939865768,2019-12-07
c0214,36.730739,10.973494,15.754120050851869,2019-12-08
c0214,36.730739,10.973494,14.873937096043026,2019-12-09
c0214,36.730739,10.973494,11.59499434598517,2019-12-10
c0214,36.730739,10.973494,13.604658074346489,2019-12-11
c0214,36.730739,10.973494,13.509790917376304,2019-12-12
c0214,36.730739,10.973494,14.760206228195798,2019-12-13
c0214,36.730739,10.973494,16.91649190624989,2019-12-14
c0214,36.730739,10.973494,15.80039581898653,2019-12-15
c0214,36.730739,10.973494,16.682678796773562,2019-12-16
c0214,36.730739,10.973494,17.02585172243883,2019-12-17
c0214,36.730739,10.973494,16.05602686453958,2019-12-18
c0214,36.730739,10.973494,13.942917997388555,2019-12-19
c0214,36.730739,10.973494,15.228669328685758,2019-12-20
c0214,36.730739,10.973494,15.829957319673593,2019-12-21
c0214,36.730739,10.973494,17.002935005123767,2019-12-22
c0214,36.730739,10.973494,15.62962111891204,2019-12-23
c0214,36.730739,10.973494,15.21463181120396,2019-12-24
c0214,36.730739,10.973494,15.98833990911859,2019-12-25
c0214,36.730739,10.973494,15.465430193831068,2019-12-26
c0214,36.730739,10.973494,14.901361515490468,2019-12-27
c0214,36.730739,10.973494,13.51371305353232,2019-12-28
c0214,36.730739,10.973494,11.329547020904169,2019-12-29
c0214,36.730739,10.973494,10.378589863017831,2019-12-30
c0214,36.730739,10.973494,11.412066986720546,2019-12-31
c0214,36.730739,10.973494,12.252598679041816,2020-01-01
c0214,36.730739,10.973494,12.857890125952542,2020-01-02
c0214,36.730739,10.973494,12.268222158059432,2020-01-03
c0214,36.730739,10.973494,12.923369757984736,2020-01-04
c0214,36.730739,10.973494,13.531619322830734,2020-01-05
c0214,36.730739,10.973494,12.541968380759368,2020-01-06
c0214,36.730739,10.973494,12.685635558219053,2020-01-07
c0214,36.730739,10.973494,11.69003290496964,2020-01-08
c0214,36.730739,10.973494,12.554476477006736,2020-01-09
c0214,36.730739,10.973494,12.41026053859012,2020-01-10
c0214,36.730739,10.973494,11.562004939667258,2020-01-11
c0214,36.730739,10.973494,11.720523930934846,2020-01-12
c0214,36.730739,10.973494,11.885769015395214,2020-01-13
c0214,36.730739,10.973494,11.957596485001767,2020-01-14
c0214,36.730739,10.973494,11.962832857048578,2020-01-15
c0214,36.730739,10.973494,11.869034334038156,2020-01-16
c0214,36.730739,10.973494,11.33371014860899,2020-01-17
c0214,36.730739,10.973494,12.593884859723934,2020-01-18
c0214,36.730739,10.973494,12.27652036633973,2020-01-19
c0214,36.730739,10.973494,14.496960056884893,2020-01-20
c0214,36.730739,10.973494,15.30901651837674,2020-01-21
c0214,36.730739,10.973494,14.841177345823688,2020-01-22
c0214,36.730739,10.973494,14.782955755271256,2020-01-23
c0214,36.730739,10.973494,14.84651883473801,2020-01-24
c0214,36.730739,10.973494,13.210454684034527,2020-01-25
c0214,36.730739,10.973494,13.316052910337689,2020-01-26
c0214,36.730739,10.973494,13.398710212906469,2020-01-27
c0214,36.730739,10.973494,13.447113943272138,2020-01-28
c0214,36.730739,10.973494,14.379868392546532,2020-01-29
c0214,36.730739,10.973494,14.371173499360232,2020-01-30
c0214,36.730739,10.973494,14.219020791786376,2020-01-31
c0214,36.730739,10.973494,13.849391191607266,2020-02-01
c0214,36.730739,10.973494,14.976499775084378,2020-02-02
c0214,36.730739,10.973494,16.423057476124825,2020-02-03
c0214,36.730739,10.973494,16.612126938674145,2020-02-04
c0214,36.730739,10.973494,12.56666351743747,2020-02-05
c0214,36.730739,10.973494,11.451382970523046,2020-02-06
c0214,36.730739,10.973494,11.330983614013071,2020-02-07
c0214,36.730739,10.973494,12.881101392064322,2020-02-08
c0214,36.730739,10.973494,13.728201097931402,2020-02-09
c0214,36.730739,10.973494,14.510233825457137,2020-02-10
c0214,36.730739,10.973494,15.75004535052276,2020-02-11
c0214,36.730739,10.973494,14.85880304666299,2020-02-12
c0214,36.730739,10.973494,14.296359684129731,2020-02-13
c0214,36.730739,10.973494,14.683167958632572,2020-02-14
c0214,36.730739,10.973494,13.856767132939304,2020-02-15
c0214,36.730739,10.973494,12.392128842564611,2020-02-16
c0214,36.730739,10.973494,12.204884373725683,2020-02-17
c0214,36.730739,10.973494,13.442161041639256,2020-02-18
c0214,36.730739,10.973494,13.487675446389062,2020-02-19
c0214,36.730739,10.973494,13.634554879731375,2020-02-20
c0214,36.730739,10.973494,13.174933200871402,2020-02-21
c0214,36.730739,10.973494,13.48043436217968,2020-02-22
c0214,36.730739,10.973494,13.23162613833141,2020-02-23
c0214,36.730739,10.973494,14.071084975737264,2020-02-24
c0214,36.730739,10.973494,14.552214135829136,2020-02-25
c0214,36.730739,10.973494,14.921646867485071,2020-02-26
c0214,36.730739,10.973494,13.71860886033262,2020-02-27
c0214,36.730739,10.973494,15.002711254690643,2020-02-28
c0214,36.730739,10.973494,14.444123762293724,2020-02-29
c0214,36.730739,10.973494,16.782640934870358,2020-03-01
c0214,36.730739,10.973494,16.35794906937548,2020-03-02
c0214,36.730739,10.973494,13.263836575204778,2020-03-03
c0214,36.730739,10.973494,12.43297141756442,2020-03-04
c0214,36.730739,10.973494,14.745179626887175,2020-03-05
c0214,36.730739,10.973494,15.520800725093016,2020-03-06
c0214,36.730739,10.973494,11.722878615941305,2020-03-07
c0214,36.730739,10.973494,12.149530960401306,2020-03-08
c0214,36.730739,10.973494,12.58468102578701,2020-03-09
c0214,36.730739,10.973494,12.089570176988763,2020-03-10
c0214,36.730739,10.973494,13.690684569412792,2020-03-11
c0214,36.730739,10.973494,14.560410973846896,2020-03-12
c0214,36.730739,10.973494,16.51479466098218,2020-03-13
c0214,36.730739,10.973494,15.132888682549424,2020-03-14
c0214,36.730739,10.973494,14.416494225977551,2020-03-15
c0214,36.730739,10.973494,14.16290755365638,2020-03-16
c0214,36.730739,10.973494,14.766102820594234,2020-03-17
c0214,36.730739,10.973494,13.655791832671037,2020-03-18
c0214,36.730739,10.973494,13.627201823522636,2020-03-19
c0214,36.730739,10.973494,14.795891304184437,2020-03-20
c0214,36.730739,10.973494,14.291371796841728,2020-03-21
c0214,36.730739,10.973494,14.134308739182874,2020-03-22
c0214,36.730739,10.973494,14.093255439265628,2020-03-23
c0214,36.730739,10.973494,12.870699218339928,2020-03-24
c0214,36.730739,10.973494,9.57647119591718,2020-03-25
c0214,36.730739,10.973494,9.876090261594785,2020-03-26
c0214,36.730739,10.973494,11.788612017151454,2020-03-27
c0214,36.730739,10.973494,12.780510228291346,2020-03-28
c0214,36.730739,10.973494,12.175427546923904,2020-03-29
c0214,36.730739,10.973494,12.48772410099354,2020-03-30
c0214,36.730739,10.973494,14.59091453261516,2020-03-31
c0214,36.730739,10.973494,13.7413778044161,2020-04-01
c0214,36.730739,10.973494,13.552690078606863,2020-04-02
c0214,36.730739,10.973494,12.35230895683944,2020-04-03
c0214,36.730739,10.973494,13.659730695807912,2020-04-04
c0214,36.730739,10.973494,13.731258691021894,2020-04-05
c0214,36.730739,10.973494,13.80729491321428,2020-04-06
c0214,36.730739,10.973494,14.365334220760785,2020-04-07
c0214,36.730739,10.973494,13.913258131679878,2020-04-08
c0214,36.730739,10.973494,14.345765191027333,2020-04-09
c0214,36.730739,10.973494,15.300775433390042,2020-04-10
c0214,36.730739,10.973494,15.538647957628562,2020-04-11
c0214,36.730739,10.973494,15.851801690852584,2020-04-12
c0214,36.730739,10.973494,16.047866148323255,2020-04-13
c0214,36.730739,10.973494,18.06665118355568,2020-04-14
c0214,36.730739,10.973494,16.572381168706734,2020-04-15
c0214,36.730739,10.973494,16.515663428828756,2020-04-16
c0214,36.730739,10.973494,17.2072184283046,2020-04-17
c0214,36.730739,10.973494,17.81140164215789,2020-04-18
c0214,36.730739,10.973494,17.829348423296427,2020-04-19
c0214,36.730739,10.973494,18.059527270075705,2020-04-20
c0214,36.730739,10.973494,17.900831295522977,2020-04-21
c0214,36.730739,10.973494,14.723881527089356,2020-04-22
c0214,36.730739,10.973494,15.73827517402732,2020-04-23
c0214,36.730739,10.973494,16.16471400561222,2020-04-24
c0214,36.730739,10.973494,17.164278990113996,2020-04-25
c0214,36.730739,10.973494,17.74224050286974,2020-04-26
c0214,36.730739,10.973494,17.78080827351131,2020-04-27
c0214,36.730739,10.973494,18.33376407921674,2020-04-28
c0214,36.730739,10.973494,16.900033535672375,2020-04-29
c0214,36.730739,10.973494,17.834327252017346,2020-04-30
c0214,36.730739,10.973494,19.155793236595933,2020-05-01
c0214,36.730739,10.973494,19.81495452617675,2020-05-02
c0214,36.730739,10.973494,20.088797425363055,2020-05-03
c0214,36.730739,10.973494,19.461218325832625,2020-05-04
c0214,36.730739,10.973494,19.58380904000688,2020-05-05
c0214,36.730739,10.973494,21.23505276015522,2020-05-06
c0214,36.730739,10.973494,19.16797071656599,2020-05-07
c0214,36.730739,10.973494,18.438599701172592,2020-05-08
c0214,36.730739,10.973494,18.564923486047817,2020-05-09
c0214,36.730739,10.973494,19.435853461132822,2020-05-10
c0214,36.730739,10.973494,19.550837489165236,2020-05-11
c0214,36.730739,10.973494,19.820086619120463,2020-05-12
c0214,36.730739,10.973494,21.943738203205555,2020-05-13
c0214,36.730739,10.973494,23.731459241118085,2020-05-14
c0214,36.730739,10.973494,20.518374685508626,2020-05-15
c0214,36.730739,10.973494,22.31933389503798,2020-05-16
c0214,36.730739,10.973494,19.579178533083574,2020-05-17
c0214,36.730739,10.973494,18.952973455986847,2020-05-18
c0214,36.730739,10.973494,19.111704511829913,2020-05-19
c0214,36.730739,10.973494,20.590796097205732,2020-05-20
c0214,36.730739,10.973494,19.487299779041976,2020-05-21
c0214,36.730739,10.973494,19.97703050153591,2020-05-22
c0214,36.730739,10.973494,19.763726925228323,2020-05-23
c0214,36.730739,10.973494,21.15811803827698,2020-05-24
c0214,36.730739,10.973494,20.513742685145857,2020-05-25
c0214,36.730739,10.973494,20.209307444052616,2020-05-26
c0214,36.730739,10.973494,20.193783706438587,2020-05-27
c0214,36.730739,10.973494,19.562726892164545,2020-05-28
c0214,36.730739,10.973494,19.96483565497678,2020-05-29
c0214,36.730739,10.973494,20.569779089182884,2020-05-30
c0214,36.730739,10.973494,20.02655833810868,2020-05-31
c0214,36.730739,10.973494,19.881690539388,2020-06-01
c0214,36.730739,10.973494,20.527086975887254,2020-06-02
c0214,36.730739,10.973494,21.01282348694023,2020-06-03
c0214,36.730739,10.973494,22.26227490424729,2020-06-04
c0214,36.730739,10.973494,21.025312476802732,2020-06-05
c0214,36.730739,10.973494,21.7406808257151,2020-06-06
c0214,36.730739,10.973494,22.01855430985571,2020-06-07
c0214,36.730739,10.973494,22.275244826750264,2020-06-08
c0214,36.730739,10.973494,21.21064114897693,2020-06-09
c0214,36.730739,10.973494,20.55166624706529,2020-06-10
c0214,36.730739,10.973494,20.981311308749483,2020-06-11
c0214,36.730739,10.973494,22.2960020497579,2020-06-12
c0214,36.730739,10.973494,22.43910587385773,2020-06-13
c0214,36.730739,10.973494,22.182706253259862,2020-06-14
c0214,36.730739,10.973494,22.387925014809564,2020-06-15
c0214,36.730739,10.973494,22.57956084133966,2020-06-16
c0214,36.730739,10.973494,22.786829217695782,2020-06-17
c0214,36.730739,10.973494,22.457358473446124,2020-06-18
c0214,36.730739,10.973494,23.207814747503978,2020-06-19
c0214,36.730739,10.973494,23.136587512784835,2020-06-20
c0214,36.730739,10.973494,23.17997773863257,2020-06-21
c0214,36.730739,10.973494,23.055805786536816,2020-06-22
c0214,36.730739,10.973494,23.21824231581954,2020-06-23
c0214,36.730739,10.973494,23.846398573843704,2020-06-24
c0214,36.730739,10.973494,23.79936645054886,2020-06-25
c0214,36.730739,10.973494,24.350644353322608,2020-06-26
c0214,36.730739,10.973494,24.68108805577251,2020-06-27
c0214,36.730739,10.973494,24.122528360323223,2020-06-28
c0214,36.730739,10.973494,24.396857265406616,2020-06-29
c0214,36.730739,10.973494,26.060022733147452,2020-06-30
c0214,36.730739,10.973494,26.79406201301024,2020-07-01
c0214,36.730739,10.973494,27.068988449947454,2020-07-02
c0214,36.730739,10.973494,25.93495459267764,2020-07-03
c0214,36.730739,10.973494,24.214781830715392,2020-07-04
c0214,36.730739,10.973494,23.978243778778097,2020-07-05
c0214,36.730739,10.973494,24.42915930397964,2020-07-06
c0214,36.730739,10.973494,24.776274747576945,2020-07-07
c0214,36.730739,10.973494,24.03951412725775,2020-07-08
c0214,36.730739,10.973494,23.997324755255896,2020-07-09
c0214,36.730739,10.973494,24.78518629659388,2020-07-10
c0214,36.730739,10.973494,24.78581815154212,2020-07-11
c0214,36.730739,10.973494,25.881369793429432,2020-07-12
c0214,36.730739,10.973494,26.367337700376755,2020-07-13
c0214,36.730739,10.973494,25.71596409384146,2020-07-14
c0214,36.730739,10.973494,24.582829720152503,2020-07-15
c0214,36.730739,10.973494,24.99908776893417,2020-07-16
c0214,36.730739,10.973494,23.974635652801492,2020-07-17
c0214,36.730739,10.973494,24.379903323880857,2020-07-18
c0214,36.730739,10.973494,24.33399074920155,2020-07-19
c0214,36.730739,10.973494,24.8627507832172,2020-07-20
c0214,36.730739,10.973494,25.087034596834553,2020-07-21
c0214,36.730739,10.973494,25.490458742394978,2020-07-22
c0214,36.730739,10.973494,26.23478237952379,2020-07-23
c0214,36.730739,10.973494,26.934001081323643,2020-07-24
c0214,36.730739,10.973494,26.74714274920954,2020-07-25
c0214,36.730739,10.973494,26.944031781113615,2020-07-26
c0214,36.730739,10.973494,27.291452288025138,2020-07-27
c0214,36.730739,10.973494,27.387147612252317,2020-07-28
c0214,36.730739,10.973494,28.05819101054364,2020-07-29
c0214,36.730739,10.973494,28.42218927673393,2020-07-30
c0214,36.730739,10.973494,29.336326535925352,2020-07-31
c0214,36.730739,10.973494,30.31822373626991,2020-08-01
c0214,36.730739,10.973494,29.050964397854315,2020-08-02
c0214,36.730739,10.973494,28.442172045044018,2020-08-03
c0214,36.730739,10.973494,26.534581074904025,2020-08-04
c0214,36.730739,10.973494,25.24354676890463,2020-08-05
c0214,36.730739,10.973494,25.20034695964621,2020-08-06
c0214,36.730739,10.973494,25.539115118033635,2020-08-07
c0214,36.730739,10.973494,26.04675928935248,2020-08-08
c0214,36.730739,10.973494,26.344734714751375,2020-08-09
c0214,36.730739,10.973494,26.749891411497853,2020-08-10
c0214,36.730739,10.973494,26.741493209337005,2020-08-11
c0214,36.730739,10.973494,26.6550778576805,2020-08-12
c0214,36.730739,10.973494,27.368034930024535,2020-08-13
c0214,36.730739,10.973494,30.265676618836952,2020-08-14
c0214,36.730739,10.973494,30.38794929544181,2020-08-15
c0214,36.730739,10.973494,29.97171886993423,2020-08-16
c0214,36.730739,10.973494,27.84908782218388,2020-08-17
c0214,36.730739,10.973494,27.54062003293671,2020-08-18
c0214,36.730739,10.973494,27.369678730970428,2020-08-19
c0214,36.730739,10.973494,27.035378913558095,2020-08-20
c0214,36.730739,10.973494,27.368027572234013,2020-08-21
c0214,36.730739,10.973494,28.10954174985861,2020-08-22
c0214,36.730739,10.973494,27.45860887704204,2020-08-23
c0214,36.730739,10.973494,26.35717495972978,2020-08-24
c0214,36.730739,10.973494,25.72837213270645,2020-08-25
c0214,36.730739,10.973494,26.32346271954053,2020-08-26
c0214,36.730739,10.973494,26.452597731258617,2020-08-27
c0214,36.730739,10.973494,27.145306271164017,2020-08-28
c0214,36.730739,10.973494,27.86389874314096,2020-08-29
c0214,36.730739,10.973494,28.256149052062575,2020-08-30
c0214,36.730739,10.973494,26.006481819749624,2020-08-31
c0214,36.730739,10.973494,23.933814831369176,2020-09-01
c0214,36.730739,10.973494,24.702122876427076,2020-09-02
c0214,36.730739,10.973494,24.503160419609493,2020-09-03
c0214,36.730739,10.973494,25.224546853596102,2020-09-04
c0214,36.730739,10.973494,25.173013447969296,2020-09-05
c0214,36.730739,10.973494,24.44125292334653,2020-09-06
c0214,36.730739,10.973494,24.58919658301304,2020-09-07
c0214,36.730739,10.973494,25.46864401736608,2020-09-08
c0214,36.730739,10.973494,25.948939645448203,2020-09-09
c0214,36.730739,10.973494,25.11897621537328,2020-09-10
c0214,36.730739,10.973494,23.09818551927698,2020-09-11
c0214,36.730739,10.973494,22.396864272789777,2020-09-12
c0214,36.730739,10.973494,22.49570519821835,2020-09-13
c0214,36.730739,10.973494,23.14329281717816,2020-09-14
c0214,36.730739,10.973494,24.8713130334272,2020-09-15
c0214,36.730739,10.973494,24.518882875714144,2020-09-16
c0214,36.730739,10.973494,24.410441191972048,2020-09-17
c0214,36.730739,10.973494,24.82931490659811,2020-09-18
c0214,36.730739,10.973494,25.226985585120524,2020-09-19
c0214,36.730739,10.973494,25.292886546104743,2020-09-20
c0214,36.730739,10.973494,24.743645827090276,2020-09-21
c0214,36.730739,10.973494,25.260455003685635,2020-09-22
c0214,36.730739,10.973494,25.028540760381546,2020-09-23
c0214,36.730739,10.973494,26.274440724372507,2020-09-24
c0214,36.730739,10.973494,25.76025461502168,2020-09-25
c0214,36.730739,10.973494,20.62288885992598,2020-09-26
c0214,36.730739,10.973494,21.268675003786257,2020-09-27
c0214,36.730739,10.973494,20.92602191286975,2020-09-28
c0214,36.730739,10.973494,22.468723282888625,2020-09-29
c0214,36.730739,10.973494,23.94025310848404,2020-09-30
c0214,36.730739,10.973494,22.324754839215093,2020-10-01
c0214,36.730739,10.973494,22.97919616775729,2020-10-02
c0214,36.730739,10.973494,22.9735457411551,2020-10-03
c0214,36.730739,10.973494,22.26425583384578,2020-10-04
c0214,36.730739,10.973494,22.41549280979909,2020-10-05
c0214,36.730739,10.973494,21.00559499444517,2020-10-06
c0214,36.730739,10.973494,21.45559389594089,2020-10-07
c0214,36.730739,10.973494,20.88681171844154,2020-10-08
c0214,36.730739,10.973494,20.714793994749055,2020-10-09
c0214,36.730739,10.973494,20.94741547343919,2020-10-10
c0214,36.730739,10.973494,19.984783016836793,2020-10-11
c0214,36.730739,10.973494,17.071681040929523,2020-10-12
c0214,36.730739,10.973494,18.38067785967704,2020-10-13
c0214,36.730739,10.973494,20.727157544114256,2020-10-14
c0214,36.730739,10.973494,19.63972525659741,2020-10-15
c0214,36.730739,10.973494,18.07677370003322,2020-10-16
c0214,36.730739,10.973494,17.679146250155974,2020-10-17
c0214,36.730739,10.973494,18.019262864242577,2020-10-18
c0214,36.730739,10.973494,18.3201624907407,2020-10-19
c0214,36.730739,10.973494,19.356083569180495,2020-10-20
c0214,36.730739,10.973494,21.057637384432287,2020-10-21
c0214,36.730739,10.973494,21.691054119931852,2020-10-22
c0214,36.730739,10.973494,21.828303050880137,2020-10-23
c0214,36.730739,10.973494,20.6171399061048,2020-10-24
c0214,36.730739,10.973494,19.24605303418912,2020-10-25
c0214,36.730739,10.973494,20.400841809275448,2020-10-26
c0214,36.730739,10.973494,16.763625119634327,2020-10-27
c0214,36.730739,10.973494,17.059901634488686,2020-10-28
c0214,36.730739,10.973494,19.132875810050145,2020-10-29
c0214,36.730739,10.973494,18.98598911837792,2020-10-30
c0214,36.730739,10.973494,18.843559155271013,2020-10-31
c0214,36.730739,10.973494,18.073078601101148,2020-11-01
c0214,36.730739,10.973494,18.69877227847473,2020-11-02
c0214,36.730739,10.973494,19.47268886726831,2020-11-03
c0214,36.730739,10.973494,19.90134913646886,2020-11-04
c0214,36.730739,10.973494,20.20466732540812,2020-11-05
c0214,36.730739,10.973494,19.29304593633663,2020-11-06
c0214,36.730739,10.973494,18.68349243053891,2020-11-07
c0214,36.730739,10.973494,19.682094317213235,2020-11-08
c0214,36.730739,10.973494,18.537874323863676,2020-11-09
c0214,36.730739,10.973494,18.256151607435427,2020-11-10
c0214,36.730739,10.973494,18.512525391224848,2020-11-11
c0214,36.730739,10.973494,18.624995067059384,2020-11-12
c0214,36.730739,10.973494,19.805036948303897,2020-11-13
c0214,36.730739,10.973494,19.722937276284014,2020-11-14
c0214,36.730739,10.973494,19.019093081906227,2020-11-15
c0214,36.730739,10.973494,19.387922686665995,2020-11-16
c0214,36.730739,10.973494,17.14158913711445,2020-11-17
c0214,36.730739,10.973494,18.078634633455614,2020-11-18
c0214,36.730739,10.973494,17.82890669803186,2020-11-19
c0214,36.730739,10.973494,16.75279458891759,2020-11-20
c0214,36.730739,10.973494,14.464426914678754,2020-11-21
c0214,36.730739,10.973494,14.686981143331703,2020-11-22
c0214,36.730739,10.973494,16.326510505048944,2020-11-23
c0214,36.730739,10.973494,16.102841202743193,2020-11-24
c0214,36.730739,10.973494,16.203149889943344,2020-11-25
c0214,36.730739,10.973494,16.467335034526133,2020-11-26
c0214,36.730739,10.973494,16.25828082516548,2020-11-27
c0214,36.730739,10.973494,17.544468096944655,2020-11-28
c0214,36.730739,10.973494,14.882853010616016,2020-11-29
c0214,36.730739,10.973494,15.98606996532432,2020-11-30
c0214,36.730739,10.973494,15.728375754603135,2020-12-01
c0214,36.730739,10.973494,15.764884553489305,2020-12-02
c0214,36.730739,10.973494,12.673283982382149,2020-12-03
c0214,36.730739,10.973494,14.05414198712086,2020-12-04
c0214,36.730739,10.973494,15.57656709355042,2020-12-05
c0214,36.730739,10.973494,11.5518116600199,2020-12-06
c0214,36.730739,10.973494,12.85273836581908,2020-12-07
c0214,36.730739,10.973494,14.21440494918365,2020-12-08
c0214,36.730739,10.973494,12.066480430330694,2020-12-09
c0214,36.730739,10.973494,12.471599001526805,2020-12-10
c0214,36.730739,10.973494,13.728982866044737,2020-12-11
c0214,36.730739,10.973494,13.61883918847899,2020-12-12
c0214,36.730739,10.973494,13.421422991578586,2020-12-13
c0214,36.730739,10.973494,13.838229219855185,2020-12-14
c0214,36.730739,10.973494,14.015527632185805,2020-12-15
c0214,36.730739,10.973494,14.76253643288369,2020-12-16
c0214,36.730739,10.973494,15.937068038248835,2020-12-17
c0214,36.730739,10.973494,16.3031499401327,2020-12-18
c0214,36.730739,10.973494,15.58870832930598,2020-12-19
c0214,36.730739,10.973494,14.120306626620955,2020-12-20
c0214,36.730739,10.973494,14.650589714096238,2020-12-21
c0214,36.730739,10.973494,14.64915960505458,2020-12-22
c0214,36.730739,10.973494,14.379963092061836,2020-12-23
c0214,36.730739,10.973494,14.417303351116548,2020-12-24
c0214,36.730739,10.973494,13.738394237568814,2020-12-25
c0214,36.730739,10.973494,10.347796192926657,2020-12-26
c0214,36.730739,10.973494,10.640002115940533,2020-12-27
c0214,36.730739,10.973494,11.972725826834186,2020-12-28
c0214,36.730739,10.973494,13.213177065767066,2020-12-29
c0214,36.730739,10.973494,11.691396667657996,2020-12-30
c0214,36.730739,10.973494,11.183414329470674,2020-12-31
c0214,36.730739,10.973494,11.77930017586842,2021-01-01
c0214,36.730739,10.973494,11.261411345076793,2021-01-02
c0214,36.730739,10.973494,10.25135938060656,2021-01-03
c0214,36.730739,10.973494,10.173782966359802,2021-01-04
c0214,36.730739,10.973494,11.262725822733383,2021-01-05
c0214,36.730739,10.973494,12.370116911611586,2021-01-06
c0214,36.730739,10.973494,14.662901776524569,2021-01-07
c0214,36.730739,10.973494,14.908558766640136,2021-01-08
c0214,36.730739,10.973494,18.54473193230233,2021-01-09
c0214,36.730739,10.973494,15.013864043167311,2021-01-10
c0214,36.730739,10.973494,12.8118320970042,2021-01-11
c0214,36.730739,10.973494,10.938422048440984,2021-01-12
c0214,36.730739,10.973494,13.252341427977118,2021-01-13
c0214,36.730739,10.973494,13.666624218710853,2021-01-14
c0214,36.730739,10.973494,13.097934952730933,2021-01-15
c0214,36.730739,10.973494,10.823895179665916,2021-01-16
c0214,36.730739,10.973494,12.056803119474283,2021-01-17
c0214,36.730739,10.973494,11.95889791648552,2021-01-18
c0214,36.730739,10.973494,11.471527663015546,2021-01-19
c0214,36.730739,10.973494,13.078454473551338,2021-01-20
c0214,36.730739,10.973494,12.88773281022435,2021-01-21
c0214,36.730739,10.973494,13.342480448245825,2021-01-22
c0214,36.730739,10.973494,13.124424593849357,2021-01-23
c0214,36.730739,10.973494,13.705142134334825,2021-01-24
c0214,36.730739,10.973494,13.65595329474411,2021-01-25
c0214,36.730739,10.973494,12.13258954020234,2021-01-26
c0214,36.730739,10.973494,12.424113597938746,2021-01-27
c0214,36.730739,10.973494,14.93728140805365,2021-01-28
c0214,36.730739,10.973494,17.028936557792772,2021-01-29
c0214,36.730739,10.973494,16.29845775997502,2021-01-30
c0214,36.730739,10.973494,13.557230339555256,2021-01-31
c0214,36.730739,10.973494,13.701491310679703,2021-02-01
c0214,36.730739,10.973494,14.542514182380351,2021-02-02
c0214,36.730739,10.973494,14.752136842840136,2021-02-03
c0214,36.730739,10.973494,15.588752576274867,2021-02-04
c0214,36.730739,10.973494,16.857864660208776,2021-02-05
c0214,36.730739,10.973494,17.29051782414469,2021-02-06
c0214,36.730739,10.973494,15.54758928821502,2021-02-07
c0214,36.730739,10.973494,14.057044632043729,2021-02-08
c0214,36.730739,10.973494,15.106682072688072,2021-02-09
c0214,36.730739,10.973494,15.945928877651898,2021-02-10
c0214,36.730739,10.973494,14.027374212033225,2021-02-11
c0214,36.730739,10.973494,14.163744334968026,2021-02-12
c0214,36.730739,10.973494,13.587857527872506,2021-02-13
c0214,36.730739,10.973494,9.336645241411084,2021-02-14
c0214,36.730739,10.973494,9.163496242696148,2021-02-15
c0214,36.730739,10.973494,10.144347887004765,2021-02-16
c0214,36.730739,10.973494,12.043082804857766,2021-02-17
c0214,36.730739,10.973494,12.701664840386115,2021-02-18
c0214,36.730739,10.973494,13.940281371366462,2021-02-19
c0214,36.730739,10.973494,14.309086476680625,2021-02-20
c0214,36.730739,10.973494,14.593272154005096,2021-02-21
c0214,36.730739,10.973494,14.64386465223356,2021-02-22
c0214,36.730739,10.973494,14.348020074188698,2021-02-23
c0214,36.730739,10.973494,13.290620166060926,2021-02-24
c0214,36.730739,10.973494,12.93308336737644,2021-02-25
c0214,36.730739,10.973494,13.576531507306193,2021-02-26
c0214,36.730739,10.973494,13.058735698970828,2021-02-27
c0214,36.730739,10.973494,12.96709316848897,2021-02-28
c0214,36.730739,10.973494,13.64884989310403,2021-03-01
c0214,36.730739,10.973494,14.121413201746403,2021-03-02
c0214,36.730739,10.973494,13.911491704207128,2021-03-03
c0214,36.730739,10.973494,14.070674035064297,2021-03-04
c0214,36.730739,10.973494,13.657503018186068,2021-03-05
c0214,36.730739,10.973494,14.16999889760914,2021-03-06
c0214,36.730739,10.973494,14.44968843165529,2021-03-07
c0214,36.730739,10.973494,14.529099318974511,2021-03-08
c0214,36.730739,10.973494,13.864092208580765,2021-03-09
c0214,36.730739,10.973494,13.176676174765191,2021-03-10
c0214,36.730739,10.973494,12.93164401385283,2021-03-11
c0214,36.730739,10.973494,13.6589990504908,2021-03-12
c0214,36.730739,10.973494,13.633280637720462,2021-03-13
c0214,36.730739,10.973494,13.4984230116482,2021-03-14
c0214,36.730739,10.973494,13.13131404269236,2021-03-15
c0214,36.730739,10.973494,12.47289658694494,2021-03-16
c0214,36.730739,10.973494,12.596756367352548,2021-03-17
c0214,36.730739,10.973494,12.40520310231687,2021-03-18
c0214,36.730739,10.973494,10.77822886488787,2021-03-19
c0214,36.730739,10.973494,12.61079375859585,2021-03-20
c0214,36.730739,10.973494,10.082703807599785,2021-03-21
c0214,36.730739,10.973494,9.835221343302514,2021-03-22
c0214,36.730739,10.973494,11.235977531980948,2021-03-23
c0214,36.730739,10.973494,11.794822185927975,2021-03-24
c0214,36.730739,10.973494,12.565687274741624,2021-03-25
c0214,36.730739,10.973494,13.508702670547631,2021-03-26
c0214,36.730739,10.973494,15.708721216280626,2021-03-27
c0214,36.730739,10.973494,15.527936634288691,2021-03-28
c0214,36.730739,10.973494,14.443088221942132,2021-03-29
c0214,36.730739,10.973494,14.139817211764758,2021-03-30
c0214,36.730739,10.973494,14.9945536844902,2021-03-31
c0214,36.730739,10.973494,15.083795674029904,2021-04-01
c0214,36.730739,10.973494,16.48644742449272,2021-04-02
c0214,36.730739,10.973494,16.029430203795496,2021-04-03
c0214,36.730739,10.973494,15.490637594774684,2021-04-04
c0214,36.730739,10.973494,14.820420636950988,2021-04-05
c0214,36.730739,10.973494,15.471730498410691,2021-04-06
c0214,36.730739,10.973494,14.339016596017196,2021-04-07
c0214,36.730739,10.973494,12.386369257168385,2021-04-08
c0214,36.730739,10.973494,13.497249576034596,2021-04-09
c0214,36.730739,10.973494,14.652722177302756,2021-04-10
c0214,36.730739,10.973494,15.65735594959467,2021-04-11
c0214,36.730739,10.973494,16.45266939339943,2021-04-12
c0214,36.730739,10.973494,14.242606136935628,2021-04-13
c0214,36.730739,10.973494,14.362486338854536,2021-04-14
c0214,36.730739,10.973494,13.578080352434345,2021-04-15
c0214,36.730739,10.973494,14.307344388751416,2021-04-16
c0214,36.730739,10.973494,12.541013058457024,2021-04-17
c0214,36.730739,10.973494,12.57859589507482,2021-04-18
c0214,36.730739,10.973494,13.045272142706397,2021-04-19
c0214,36.730739,10.973494,14.780552359044322,2021-04-20
c0214,36.730739,10.973494,16.171834743238136,2021-04-21
c0214,36.730739,10.973494,17.62476290761351,2021-04-22
c0214,36.730739,10.973494,14.923463933419123,2021-04-23
c0214,36.730739,10.973494,15.596036268648175,2021-04-24
c0214,36.730739,10.973494,15.715623680693186,2021-04-25
c0214,36.730739,10.973494,17.089726040194062,2021-04-26
c0214,36.730739,10.973494,17.532472094349547,2021-04-27
c0214,36.730739,10.973494,17.839043019643245,2021-04-28
c0214,36.730739,10.973494,18.26374438592245,2021-04-29
c0214,36.730739,10.973494,19.94346241497681,2021-04-30
c0214,36.730739,10.973494,20.745949380922863,2021-05-01
c0214,36.730739,10.973494,17.642236022857436,2021-05-02
c0214,36.730739,10.973494,15.723879516454671,2021-05-03
c0214,36.730739,10.973494,17.338508500681808,2021-05-04
c0214,36.730739,10.973494,17.24664677888861,2021-05-05
c0214,36.730739,10.973494,16.80793966284921,2021-05-06
c0214,36.730739,10.973494,17.673957088239426,2021-05-07
c0214,36.730739,10.973494,18.378925536485077,2021-05-08
c0214,36.730739,10.973494,18.113257538894576,2021-05-09
c0214,36.730739,10.973494,18.916119400220303,2021-05-10
c0214,36.730739,10.973494,19.073167870831824,2021-05-11
c0214,36.730739,10.973494,17.474530294168165,2021-05-12
c0214,36.730739,10.973494,18.477278883773774,2021-05-13
c0214,36.730739,10.973494,19.362607458170505,2021-05-14
c0214,36.730739,10.973494,17.898630947383896,2021-05-15
c0214,36.730739,10.973494,20.553199500593863,2021-05-16
c0214,36.730739,10.973494,21.21503618365065,2021-05-17
c0214,36.730739,10.973494,19.364538612319855,2021-05-18
c0214,36.730739,10.973494,19.49430176145429,2021-05-19
c0214,36.730739,10.973494,18.34574768366321,2021-05-20
c0214,36.730739,10.973494,18.340505897898417,2021-05-21
c0214,36.730739,10.973494,19.89662886863247,2021-05-22
c0214,36.730739,10.973494,20.69614754794263,2021-05-23
c0214,36.730739,10.973494,20.949279350130812,2021-05-24
c0214,36.730739,10.973494,18.93220636954617,2021-05-25
c0214,36.730739,10.973494,20.215178430697264,2021-05-26
c0214,36.730739,10.973494,21.21332111840645,2021-05-27
c0214,36.730739,10.973494,20.88329147051201,2021-05-28
c0214,36.730739,10.973494,20.780030203037786,2021-05-29
c0214,36.730739,10.973494,20.817613683089306,2021-05-30
c0214,36.730739,10.973494,21.570302409643773,2021-05-31
c0214,36.730739,10.973494,19.41695822889051,2021-06-01
c0214,36.730739,10.973494,20.79854038497124,2021-06-02
c0214,36.730739,10.973494,21.12905611068047,2021-06-03
c0214,36.730739,10.973494,21.486344527127144,2021-06-04
c0214,36.730739,10.973494,22.094837765133267,2021-06-05
c0214,36.730739,10.973494,22.63828923270928,2021-06-06
c0214,36.730739,10.973494,21.60746165419792,2021-06-07
c0214,36.730739,10.973494,21.703269992465746,2021-06-08
c0214,36.730739,10.973494,21.343125373849546,2021-06-09
c0214,36.730739,10.973494,21.637404857196373,2021-06-10
c0214,36.730739,10.973494,22.481470394478816,2021-06-11
c0214,36.730739,10.973494,22.82574421147772,2021-06-12
c0214,36.730739,10.973494,23.55491643722787,2021-06-13
c0214,36.730739,10.973494,24.296205886645,2021-06-14
c0214,36.730739,10.973494,24.501169471266397,2021-06-15
c0214,36.730739,10.973494,23.525954843208225,2021-06-16
c0214,36.730739,10.973494,23.411776017741037,2021-06-17
c0214,36.730739,10.973494,23.342754423996094,2021-06-18
c0214,36.730739,10.973494,24.77337113329556,2021-06-19
c0214,36.730739,10.973494,26.4344779705074,2021-06-20
c0214,36.730739,10.973494,25.96564905845254,2021-06-21
c0214,36.730739,10.973494,24.405426403647045,2021-06-22
c0214,36.730739,10.973494,24.198669094968604,2021-06-23
c0214,36.730739,10.973494,25.47734735628902,2021-06-24
c0214,36.730739,10.973494,25.78652357674491,2021-06-25
c0214,36.730739,10.973494,25.398753943445225,2021-06-26
c0214,36.730739,10.973494,27.73027413112306,2021-06-27
c0214,36.730739,10.973494,25.880335924781303,2021-06-28
c0214,36.730739,10.973494,26.33588202423329,2021-06-29
c0214,36.730739,10.973494,25.848267519201503,2021-06-30
c0214,36.730739,10.973494,25.373658815943205,2021-07-01
c0214,36.730739,10.973494,26.617100125682754,2021-07-02
c0214,36.730739,10.973494,27.0615605243755,2021-07-03
c0214,36.730739,10.973494,27.706710847104095,2021-07-04
c0214,36.730739,10.973494,26.075556038872975,2021-07-05
c0214,36.730739,10.973494,26.02848084530485,2021-07-06
c0214,36.730739,10.973494,26.576204651405323,2021-07-07
c0214,36.730739,10.973494,27.082140470306623,2021-07-08
c0214,36.730739,10.973494,26.818582612369344,2021-07-09
c0214,36.730739,10.973494,26.316223594705335,2021-07-10
c0214,36.730739,10.973494,26.111653154956965,2021-07-11
c0214,36.730739,10.973494,27.67119747992745,2021-07-12
c0214,36.730739,10.973494,27.82766047254705,2021-07-13
c0214,36.730739,10.973494,24.59742997127799,2021-07-14
c0214,36.730739,10.973494,24.895273093396906,2021-07-15
c0214,36.730739,10.973494,24.699017505515695,2021-07-16
c0214,36.730739,10.973494,24.536520613583523,2021-07-17
c0214,36.730739,10.973494,25.02742351236665,2021-07-18
c0214,36.730739,10.973494,25.389557129132715,2021-07-19
c0214,36.730739,10.973494,25.638118786282053,2021-07-20
c0214,36.730739,10.973494,26.202206022443917,2021-07-21
c0214,36.730739,10.973494,27.049282955654775,2021-07-22
c0214,36.730739,10.973494,27.35395484798846,2021-07-23
c0214,36.730739,10.973494,27.402261285211893,2021-07-24
c0214,36.730739,10.973494,28.041333350722116,2021-07-25
c0214,36.730739,10.973494,27.489609915637335,2021-07-26
c0214,36.730739,10.973494,26.71149303070571,2021-07-27
c0214,36.730739,10.973494,27.07362725800702,2021-07-28
c0214,36.730739,10.973494,29.12696621508856,2021-07-29
c0214,36.730739,10.973494,30.03264766758913,2021-07-30
c0214,36.730739,10.973494,29.59278966671869,2021-07-31
c0214,36.730739,10.973494,28.99797083230752,2021-08-01
c0214,36.730739,10.973494,27.098415107283326,2021-08-02
c0214,36.730739,10.973494,27.88950657253521,2021-08-03
c0214,36.730739,10.973494,29.41169269728559,2021-08-04
c0214,36.730739,10.973494,27.145419358652497,2021-08-05
c0214,36.730739,10.973494,27.684732735821697,2021-08-06
c0214,36.730739,10.973494,28.129668832466052,2021-08-07
c0214,36.730739,10.973494,28.291547307344633,2021-08-08
c0214,36.730739,10.973494,29.16796540842929,2021-08-09
c0214,36.730739,10.973494,31.644457224062855,2021-08-10
c0214,36.730739,10.973494,31.820453519396587,2021-08-11
c0214,36.730739,10.973494,29.90029818813727,2021-08-12
c0214,36.730739,10.973494,28.290712754715894,2021-08-13
c0214,36.730739,10.973494,28.507372735945847,2021-08-14
c0214,36.730739,10.973494,28.139140311867376,2021-08-15
c0214,36.730739,10.973494,29.16002861555448,2021-08-16
c0214,36.730739,10.973494,28.57489657595222,2021-08-17
c0214,36.730739,10.973494,26.386653070338923,2021-08-18
c0214,36.730739,10.973494,25.99604731290828,2021-08-19
c0214,36.730739,10.973494,26.60264402818738,2021-08-20
c0214,36.730739,10.973494,26.759302506062415,2021-08-21
c0214,36.730739,10.973494,26.383611644189457,2021-08-22
c0214,36.730739,10.973494,27.088620553014763,2021-08-23
c0214,36.730739,10.973494,28.51508733532876,2021-08-24
c0214,36.730739,10.973494,28.001256549038025,2021-08-25
c0214,36.730739,10.973494,27.496749428367696,2021-08-26
c0214,36.730739,10.973494,26.577246414931324,2021-08-27
c0214,36.730739,10.973494,27.54004024715251,2021-08-28
c0214,36.730739,10.973494,25.991611206354627,2021-08-29
c0214,36.730739,10.973494,25.900811294757688,2021-08-30
c0214,36.730739,10.973494,27.08528019568072,2021-08-31
c0214,36.730739,10.973494,26.82389072995088,2021-09-01
c0214,36.730739,10.973494,26.942837779339285,2021-09-02
c0214,36.730739,10.973494,27.48339750364133,2021-09-03
c0214,36.730739,10.973494,27.15520956725711,2021-09-04
c0214,36.730739,10.973494,25.944412597460392,2021-09-05
c0214,36.730739,10.973494,25.721136472926233,2021-09-06
c0214,36.730739,10.973494,25.271382087710617,2021-09-07
c0214,36.730739,10.973494,25.342781845288663,2021-09-08
c0214,36.730739,10.973494,26.002434870463254,2021-09-09
c0214,36.730739,10.973494,25.69784057347881,2021-09-10
c0214,36.730739,10.973494,24.8737576346583,2021-09-11
c0214,36.730739,10.973494,24.452444037059884,2021-09-12
c0214,36.730739,10.973494,24.77356113827092,2021-09-13
c0214,36.730739,10.973494,24.985956992598098,2021-09-14
c0214,36.730739,10.973494,26.501018675197088,2021-09-15
c0214,36.730739,10.973494,27.094243218628144,2021-09-16
c0214,36.730739,10.973494,28.060587038268945,2021-09-17
c0214,36.730739,10.973494,27.89350567361321,2021-09-18
c0214,36.730739,10.973494,26.091478107848737,2021-09-19
c0214,36.730739,10.973494,24.709386473930003,2021-09-20
c0214,36.730739,10.973494,25.114767826201245,2021-09-21
c0214,36.730739,10.973494,25.536017104912812,2021-09-22
c0214,36.730739,10.973494,25.78870211010997,2021-09-23
c0214,36.730739,10.973494,26.554301813449243,2021-09-24
c0214,36.730739,10.973494,26.69134011435025,2021-09-25
c0214,36.730739,10.973494,26.34576274888661,2021-09-26
c0214,36.730739,10.973494,25.80997330275018,2021-09-27
c0214,36.730739,10.973494,24.24247952356813,2021-09-28
c0214,36.730739,10.973494,23.95933644141342,2021-09-29
c0214,36.730739,10.973494,23.72024235562824,2021-09-30
c0214,36.730739,10.973494,22.87009040382655,2021-10-01
c0214,36.730739,10.973494,22.717786425067587,2021-10-02
c0214,36.730739,10.973494,23.845724711320617,2021-10-03
c0214,36.730739,10.973494,25.68331592696,2021-10-04
c0214,36.730739,10.973494,23.083703040235093,2021-10-05
c0214,36.730739,10.973494,22.159776491302143,2021-10-06
c0214,36.730739,10.973494,20.813901542727866,2021-10-07
c0214,36.730739,10.973494,19.907839266994724,2021-10-08
c0214,36.730739,10.973494,18.856961437673707,2021-10-09
c0214,36.730739,10.973494,18.653259335796015,2021-10-10
c0214,36.730739,10.973494,19.269228515900448,2021-10-11
c0214,36.730739,10.973494,19.60758466020533,2021-10-12
c0214,36.730739,10.973494,18.965945607172745,2021-10-13
c0214,36.730739,10.973494,16.041402102492246,2021-10-14
c0214,36.730739,10.973494,17.930046027528203,2021-10-15
c0214,36.730739,10.973494,19.069478799213268,2021-10-16
c0214,36.730739,10.973494,18.622599539697504,2021-10-17
c0214,36.730739,10.973494,18.763569647386973,2021-10-18
c0214,36.730739,10.973494,19.057289676230205,2021-10-19
c0214,36.730739,10.973494,19.744977886323937,2021-10-20
c0214,36.730739,10.973494,21.49307061572945,2021-10-21
c0214,36.730739,10.973494,21.911871967399847,2021-10-22
c0214,36.730739,10.973494,21.90054849226028,2021-10-23
c0214,36.730739,10.973494,18.650644145832477,2021-10-24
c0214,36.730739,10.973494,19.335603148134854,2021-10-25
c0214,36.730739,10.973494,18.56022640018642,2021-10-26
c0214,36.730739,10.973494,17.400026879461716,2021-10-27
c0214,36.730739,10.973494,17.385979268257287,2021-10-28
c0214,36.730739,10.973494,17.783489858793384,2021-10-29
c0214,36.730739,10.973494,18.335670008623055,2021-10-30
c0214,36.730739,10.973494,19.419625491843487,2021-10-31
c0214,36.730739,10.973494,21.64672536838501,2021-11-01
c0214,36.730739,10.973494,20.488676379800957,2021-11-02
c0214,36.730739,10.973494,22.61174664870354,2021-11-03
c0214,36.730739,10.973494,18.77120890152585,2021-11-04
c0214,36.730739,10.973494,18.259471569987067,2021-11-05
c0214,36.730739,10.973494,18.855393178597847,2021-11-06
c0214,36.730739,10.973494,17.571511559270267,2021-11-07
c0214,36.730739,10.973494,16.396355635011446,2021-11-08
c0214,36.730739,10.973494,17.08166799181876,2021-11-09
c0214,36.730739,10.973494,16.785767061682655,2021-11-10
c0214,36.730739,10.973494,16.65456037785319,2021-11-11
c0214,36.730739,10.973494,17.628531507942732,2021-11-12
c0214,36.730739,10.973494,17.726406169635837,2021-11-13
c0214,36.730739,10.973494,17.198490076566202,2021-11-14
c0214,36.730739,10.973494,16.993224778923253,2021-11-15
c0214,36.730739,10.973494,16.60718737471026,2021-11-16
c0214,36.730739,10.973494,15.485396195376133,2021-11-17
c0214,36.730739,10.973494,16.123315347823798,2021-11-18
c0214,36.730739,10.973494,16.852036058324153,2021-11-19
c0214,36.730739,10.973494,16.31386633290379,2021-11-20
c0214,36.730739,10.973494,16.182492822248523,2021-11-21
c0214,36.730739,10.973494,15.924412339383078,2021-11-22
c0214,36.730739,10.973494,15.790676910639103,2021-11-23
c0214,36.730739,10.973494,16.60493831458556,2021-11-24
c0214,36.730739,10.973494,15.756845329183715,2021-11-25
c0214,36.730739,10.973494,15.078750905979131,2021-11-26
c0214,36.730739,10.973494,14.617781851715351,2021-11-27
c0214,36.730739,10.973494,12.821215585126415,2021-11-28
c0214,36.730739,10.973494,11.005730054314457,2021-11-29
c0214,36.730739,10.973494,13.19646005473652,2021-11-30
c0214,36.730739,10.973494,13.66197600244188,2021-12-01
c0214,36.730739,10.973494,14.309277580313262,2021-12-02
c0214,36.730739,10.973494,10.977919733022278,2021-12-03
c0214,36.730739,10.973494,13.903576073491635,2021-12-04
c0214,36.730739,10.973494,13.547404306000908,2021-12-05
c0214,36.730739,10.973494,10.280086596443471,2021-12-06
c0214,36.730739,10.973494,14.460321012788468,2021-12-07
c0214,36.730739,10.973494,15.069813555347595,2021-12-08
c0214,36.730739,10.973494,11.07430918372591,2021-12-09
c0214,36.730739,10.973494,12.619503403322035,2021-12-10
c0214,36.730739,10.973494,11.954730511208988,2021-12-11
c0214,36.730739,10.973494,12.769030009337436,2021-12-12
c0214,36.730739,10.973494,12.731666042696668,2021-12-13
c0214,36.730739,10.973494,12.78302626749432,2021-12-14
c0214,36.730739,10.973494,13.0915915419192,2021-12-15
c0214,36.730739,10.973494,12.370312217072795,2021-12-16
c0214,36.730739,10.973494,12.368995365367796,2021-12-17
c0214,36.730739,10.973494,12.67326043775846,2021-12-18
c0214,36.730739,10.973494,12.321232818591293,2021-12-19
c0214,36.730739,10.973494,11.74797355752849,2021-12-20
c0214,36.730739,10.973494,12.676585058892458,2021-12-21
c0214,36.730739,10.973494,13.00801529974236,2021-12-22
c0214,36.730739,10.973494,13.237403282352217,2021-12-23
c0214,36.730739,10.973494,14.369041580891851,2021-12-24
c0214,36.730739,10.973494,14.377062363668571,2021-12-25
c0214,36.730739,10.973494,14.590686260549337,2021-12-26
c0214,36.730739,10.973494,14.905943076313172,2021-12-27
c0214,36.730739,10.973494,15.803862161556037,2021-12-28
c0214,36.730739,10.973494,16.023131583925736,2021-12-29
c0214,36.730739,10.973494,15.779263597313204,2021-12-30
c0214,36.730739,10.973494,14.770596595179647,2021-12-31
c0214,36.730739,10.973494,13.740795399757294,2022-01-01
c0214,36.730739,10.973494,13.108672737185858,2022-01-02
c0214,36.730739,10.973494,12.905906083083684,2022-01-03
c0214,36.730739,10.973494,13.193832957041716,2022-01-04
c0214,36.730739,10.973494,14.2277230496489,2022-01-05
c0214,36.730739,10.973494,11.350193697259591,2022-01-06
c0214,36.730739,10.973494,10.753193001378026,2022-01-07
c0214,36.730739,10.973494,10.88261561265587,2022-01-08
c0214,36.730739,10.973494,12.080028655889608,2022-01-09
c0214,36.730739,10.973494,11.286809742541603,2022-01-10
c0214,36.730739,10.973494,10.721247448789256,2022-01-11
c0214,36.730739,10.973494,10.627573758036188,2022-01-12
c0214,36.730739,10.973494,10.257272248587563,2022-01-13
c0214,36.730739,10.973494,11.106718023111211,2022-01-14
c0214,36.730739,10.973494,11.331771155432731,2022-01-15
c0214,36.730739,10.973494,12.015529312305194,2022-01-16
c0214,36.730739,10.973494,12.357667333401713,2022-01-17
c0214,36.730739,10.973494,11.950634809387688,2022-01-18
c0214,36.730739,10.973494,11.021488982627954,2022-01-19
c0214,36.730739,10.973494,10.778164282047866,2022-01-20
c0214,36.730739,10.973494,10.586632217425624,2022-01-21
c0214,36.730739,10.973494,10.971735304653825,2022-01-22
c0214,36.730739,10.973494,10.77381597703308,2022-01-23
c0214,36.730739,10.973494,10.213638610472623,2022-01-24
c0214,36.730739,10.973494,10.300352072381068,2022-01-25
c0214,36.730739,10.973494,9.994734783914751,2022-01-26
c0214,36.730739,10.973494,10.34356315970854,2022-01-27
c0214,36.730739,10.973494,10.29512688582842,2022-01-28
c0214,36.730739,10.973494,12.215502536894606,2022-01-29
c0214,36.730739,10.973494,11.992375978943464,2022-01-30
c0214,36.730739,10.973494,12.821023976539855,2022-01-31
c0214,36.730739,10.973494,12.428014151905623,2022-02-01
c0214,36.730739,10.973494,12.98334693709774,2022-02-02
c0214,36.730739,10.973494,13.395260117611556,2022-02-03
c0214,36.730739,10.973494,14.352871509158769,2022-02-04
c0214,36.730739,10.973494,13.808283923593244,2022-02-05
c0214,36.730739,10.973494,13.024946914654508,2022-02-06
c0214,36.730739,10.973494,13.017541167270323,2022-02-07
c0214,36.730739,10.973494,12.534446071650793,2022-02-08
c0214,36.730739,10.973494,11.871968733676232,2022-02-09
c0214,36.730739,10.973494,11.620214282792126,2022-02-10
c0214,36.730739,10.973494,12.206403171035925,2022-02-11
c0214,36.730739,10.973494,12.009862961292871,2022-02-12
c0214,36.730739,10.973494,11.920330258310944,2022-02-13
c0214,36.730739,10.973494,12.81198085489591,2022-02-14
c0214,36.730739,10.973494,12.794225103177094,2022-02-15
c0214,36.730739,10.973494,11.85859173569296,2022-02-16
c0214,36.730739,10.973494,13.655854994754366,2022-02-17
c0214,36.730739,10.973494,14.714909580229223,2022-02-18
c0214,36.730739,10.973494,15.049140894522994,2022-02-19
c0214,36.730739,10.973494,13.75265581916721,2022-02-20
c0214,36.730739,10.973494,13.336044024158769,2022-02-21
c0214,36.730739,10.973494,12.92844753931004,2022-02-22
c0214,36.730739,10.973494,13.003061913812784,2022-02-23
c0214,36.730739,10.973494,12.596087822147142,2022-02-24
c0214,36.730739,10.973494,13.136211073470362,2022-02-25
c0214,36.730739,10.973494,12.185804912874737,2022-02-26
c0214,36.730739,10.973494,11.204936427588107,2022-02-27
c0214,36.730739,10.973494,10.75381912050888,2022-02-28
c0214,36.730739,10.973494,10.69626250605578,2022-03-01
c0214,36.730739,10.973494,10.656352466165531,2022-03-02
c0214,36.730739,10.973494,12.192465319214635,2022-03-03
c0214,36.730739,10.973494,12.389889603028395,2022-03-04
c0214,36.730739,10.973494,11.764848701761666,2022-03-05
c0214,36.730739,10.973494,11.05619048261283,2022-03-06
c0214,36.730739,10.973494,10.534349583374476,2022-03-07
c0214,36.730739,10.973494,10.54325675076863,2022-03-08
c0214,36.730739,10.973494,10.45577453019579,2022-03-09
c0214,36.730739,10.973494,11.02709810247016,2022-03-10
c0214,36.730739,10.973494,12.683617743267604,2022-03-11
c0214,36.730739,10.973494,13.245224446902297,2022-03-12
c0214,36.730739,10.973494,13.699705067591392,2022-03-13
c0214,36.730739,10.973494,14.162080000759971,2022-03-14
c0214,36.730739,10.973494,14.254025222037724,2022-03-15
c0214,36.730739,10.973494,14.250737330945135,2022-03-16
c0214,36.730739,10.973494,14.304902281686593,2022-03-17
c0214,36.730739,10.973494,14.15213398021053,2022-03-18
c0214,36.730739,10.973494,12.844140809384722,2022-03-19
c0214,36.730739,10.973494,11.883172536269312,2022-03-20
c0214,36.730739,10.973494,10.62742722194168,2022-03-21
c0214,36.730739,10.973494,10.763100711227311,2022-03-22
c0214,36.730739,10.973494,11.678409137565188,2022-03-23
c0214,36.730739,10.973494,12.088960011341122,2022-03-24
c0214,36.730739,10.973494,13.594133036919908,2022-03-25
c0214,36.730739,10.973494,14.964512794332467,2022-03-26
c0214,36.730739,10.973494,15.532445897187674,2022-03-27
c0214,36.730739,10.973494,14.165808579666392,2022-03-28
c0214,36.730739,10.973494,14.08870755274804,2022-03-29
c0214,36.730739,10.973494,16.752017885645017,2022-03-30
c0214,36.730739,10.973494,15.027064959896766,2022-03-31
c0214,36.730739,10.973494,14.101334721717896,2022-04-01
c0214,36.730739,10.973494,11.780366759409286,2022-04-02
c0214,36.730739,10.973494,11.33161962794534,2022-04-03
c0214,36.730739,10.973494,13.47524863930532,2022-04-04
c0214,36.730739,10.973494,14.135617359374097,2022-04-05
c0214,36.730739,10.973494,15.276401917923913,2022-04-06
c0214,36.730739,10.973494,14.720127805303589,2022-04-07
c0214,36.730739,10.973494,16.140199045670165,2022-04-08
c0214,36.730739,10.973494,16.30282960961347,2022-04-09
c0214,36.730739,10.973494,14.103684934056828,2022-04-10
c0214,36.730739,10.973494,13.411486751833388,2022-04-11
c0214,36.730739,10.973494,14.832916016775696,2022-04-12
c0214,36.730739,10.973494,14.642816693076073,2022-04-13
c0214,36.730739,10.973494,15.792682153003298,2022-04-14
c0214,36.730739,10.973494,15.772947090598803,2022-04-15
c0214,36.730739,10.973494,15.155852290190616,2022-04-16
c0214,36.730739,10.973494,14.765145518260468,2022-04-17
c0214,36.730739,10.973494,13.75072508657791,2022-04-18
c0214,36.730739,10.973494,15.148871906034191,2022-04-19
c0214,36.730739,10.973494,17.508023932924075,2022-04-20
c0214,36.730739,10.973494,15.548262351992834,2022-04-21
c0214,36.730739,10.973494,15.940222390454537,2022-04-22
c0214,36.730739,10.973494,17.88750430021813,2022-04-23
c0214,36.730739,10.973494,17.081459626413192,2022-04-24
c0214,36.730739,10.973494,16.09438621775003,2022-04-25
c0214,36.730739,10.973494,16.90024348938748,2022-04-26
c0214,36.730739,10.973494,16.92715124381963,2022-04-27
c0214,36.730739,10.973494,16.44014079525824,2022-04-28
c0214,36.730739,10.973494,16.613066113927623,2022-04-29
c0214,36.730739,10.973494,16.18221476631764,2022-04-30
c0214,36.730739,10.973494,16.52770961695681,2022-05-01
c0214,36.730739,10.973494,16.99145794366195,2022-05-02
c0214,36.730739,10.973494,16.660185791639975,2022-05-03
c0214,36.730739,10.973494,17.629327915128943,2022-05-04
c0214,36.730739,10.973494,19.729058122539296,2022-05-05
c0214,36.730739,10.973494,17.13926288254331,2022-05-06
c0214,36.730739,10.973494,15.982742035977136,2022-05-07
c0214,36.730739,10.973494,16.426089819989635,2022-05-08
c0214,36.730739,10.973494,16.71987099645611,2022-05-09
c0214,36.730739,10.973494,16.65278877307267,2022-05-10
c0214,36.730739,10.973494,17.382699093778538,2022-05-11
c0214,36.730739,10.973494,18.421925546957542,2022-05-12
c0214,36.730739,10.973494,18.65302652373548,2022-05-13
c0214,36.730739,10.973494,19.257644033145137,2022-05-14
c0214,36.730739,10.973494,19.67710680251996,2022-05-15
c0214,36.730739,10.973494,20.588075136229858,2022-05-16
c0214,36.730739,10.973494,21.049329555249855,2022-05-17
c0214,36.730739,10.973494,20.8688577661924,2022-05-18
c0214,36.730739,10.973494,21.443522385904416,2022-05-19
c0214,36.730739,10.973494,20.09761215941381,2022-05-20
c0214,36.730739,10.973494,20.3229270055215,2022-05-21
c0214,36.730739,10.973494,21.91273727631216,2022-05-22
c0214,36.730739,10.973494,22.488886528611904,2022-05-23
c0214,36.730739,10.973494,23.18882102629676,2022-05-24
c0214,36.730739,10.973494,23.814441075269556,2022-05-25
c0214,36.730739,10.973494,22.43573616952054,2022-05-26
c0214,36.730739,10.973494,20.749934244595845,2022-05-27
c0214,36.730739,10.973494,20.114441941954087,2022-05-28
c0214,36.730739,10.973494,23.418540568529632,2022-05-29
c0214,36.730739,10.973494,23.719514935092196,2022-05-30
c0214,36.730739,10.973494,23.982213044730848,2022-05-31
c0214,36.730739,10.973494,24.740044855392497,2022-06-01
c0214,36.730739,10.973494,24.83265315536705,2022-06-02
c0214,36.730739,10.973494,25.424621000110147,2022-06-03
c0214,36.730739,10.973494,25.953847593941763,2022-06-04
c0214,36.730739,10.973494,26.137304480009863,2022-06-05
c0214,36.730739,10.973494,25.095381502563907,2022-06-06
c0214,36.730739,10.973494,24.846918588386615,2022-06-07
c0214,36.730739,10.973494,24.586326763919715,2022-06-08
c0214,36.730739,10.973494,23.732451397512932,2022-06-09
c0214,36.730739,10.973494,22.424321850877288,2022-06-10
c0214,36.730739,10.973494,22.61775879903921,2022-06-11
c0214,36.730739,10.973494,23.246193756427942,2022-06-12
c0214,36.730739,10.973494,24.09621266358553,2022-06-13
c0214,36.730739,10.973494,24.576228927447065,2022-06-14
c0214,36.730739,10.973494,24.31838766649649,2022-06-15
c0214,36.730739,10.973494,24.9401957449548,2022-06-16
c0214,36.730739,10.973494,25.568480139624132,2022-06-17
c0214,36.730739,10.973494,25.17560511702667,2022-06-18
c0214,36.730739,10.973494,23.456573627409213,2022-06-19
c0214,36.730739,10.973494,24.10310362346483,2022-06-20
c0214,36.730739,10.973494,25.02889539333793,2022-06-21
c0214,36.730739,10.973494,26.0043883152674,2022-06-22
c0214,36.730739,10.973494,26.608641541745364,2022-06-23
c0214,36.730739,10.973494,25.954371942672427,2022-06-24
c0214,36.730739,10.973494,26.432592647046032,2022-06-25
c0214,36.730739,10.973494,27.84989024367719,2022-06-26
c0214,36.730739,10.973494,28.37879853751638,2022-06-27
c0214,36.730739,10.973494,26.49881943030577,2022-06-28
c0214,36.730739,10.973494,26.105963542401184,2022-06-29
c0214,36.730739,10.973494,26.620217512966995,2022-06-30
c0214,36.730739,10.973494,28.257262690422127,2022-07-01
c0214,36.730739,10.973494,27.236746920307557,2022-07-02
c0214,36.730739,10.973494,27.284138693199377,2022-07-03
c0214,36.730739,10.973494,27.787888265182097,2022-07-04
c0214,36.730739,10.973494,28.202736538498005,2022-07-05
c0214,36.730739,10.973494,28.919436362886675,2022-07-06
c0214,36.730739,10.973494,28.69273631191142,2022-07-07
c0214,36.730739,10.973494,26.123809196573163,2022-07-08
c0214,36.730739,10.973494,25.66936347202469,2022-07-09
c0214,36.730739,10.973494,25.597844310443783,2022-07-10
c0214,36.730739,10.973494,25.831726359135185,2022-07-11
c0214,36.730739,10.973494,25.70130276701035,2022-07-12
c0214,36.730739,10.973494,25.961140393082346,2022-07-13
c0214,36.730739,10.973494,25.93258986291379,2022-07-14
c0214,36.730739,10.973494,25.875190333501436,2022-07-15
c0214,36.730739,10.973494,26.364687794831916,2022-07-16
c0214,36.730739,10.973494,27.17077098361375,2022-07-17
c0214,36.730739,10.973494,27.76970988157715,2022-07-18
c0214,36.730739,10.973494,27.663595386570965,2022-07-19
c0214,36.730739,10.973494,27.77658657421325,2022-07-20
c0214,36.730739,10.973494,28.06646481042307,2022-07-21
c0214,36.730739,10.973494,27.963363299654816,2022-07-22
c0214,36.730739,10.973494,28.332708004072796,2022-07-23
c0214,36.730739,10.973494,28.87528353269162,2022-07-24
c0214,36.730739,10.973494,29.14946163099457,2022-07-25
c0214,36.730739,10.973494,29.19027905316896,2022-07-26
c0214,36.730739,10.973494,28.503637184850017,2022-07-27
c0214,36.730739,10.973494,28.71761635429548,2022-07-28
c0214,36.730739,10.973494,28.277287281157296,2022-07-29
c0214,36.730739,10.973494,29.340532091234873,2022-07-30
c0214,36.730739,10.973494,28.09617534366616,2022-07-31
c0214,36.730739,10.973494,28.086778712205717,2022-08-01
c0214,36.730739,10.973494,27.920750242249355,2022-08-02
c0214,36.730739,10.973494,27.960435622789497,2022-08-03
c0214,36.730739,10.973494,28.269678079426857,2022-08-04
c0214,36.730739,10.973494,28.484312006540716,2022-08-05
c0214,36.730739,10.973494,28.784257361958723,2022-08-06
c0214,36.730739,10.973494,28.172964526351304,2022-08-07
c0214,36.730739,10.973494,28.398432211296395,2022-08-08
c0214,36.730739,10.973494,28.095084465721587,2022-08-09
c0214,36.730739,10.973494,27.627080893181844,2022-08-10
c0214,36.730739,10.973494,27.39460382671947,2022-08-11
c0214,36.730739,10.973494,27.606577013966746,2022-08-12
c0214,36.730739,10.973494,29.08610331875421,2022-08-13
c0214,36.730739,10.973494,29.292010356200738,2022-08-14
c0214,36.730739,10.973494,29.481504919554823,2022-08-15
c0214,36.730739,10.973494,30.914671710366683,2022-08-16
c0214,36.730739,10.973494,30.069111699250826,2022-08-17
c0214,36.730739,10.973494,30.166199126322027,2022-08-18
c0214,36.730739,10.973494,26.94154386937358,2022-08-19
c0214,36.730739,10.973494,26.80114589435628,2022-08-20
c0214,36.730739,10.973494,26.606746093193056,2022-08-21
c0214,36.730739,10.973494,26.66246949848862,2022-08-22
c0214,36.730739,10.973494,26.28217980024859,2022-08-23
c0214,36.730739,10.973494,26.165688058644296,2022-08-24
c0214,36.730739,10.973494,25.854454266532507,2022-08-25
c0214,36.730739,10.973494,26.659456689454373,2022-08-26
c0214,36.730739,10.973494,27.06038449207466,2022-08-27
c0214,36.730739,10.973494,27.58425190753841,2022-08-28
c0214,36.730739,10.973494,27.017941624028985,2022-08-29
c0214,36.730739,10.973494,26.822378015805125,2022-08-30
c0214,36.730739,10.973494,27.98635650295073,2022-08-31
c0214,36.730739,10.973494,26.974363068734817,2022-09-01
c0214,36.730739,10.973494,27.528556115570865,2022-09-02
c0214,36.730739,10.973494,28.77777970302934,2022-09-03
c0214,36.730739,10.973494,28.75305771121911,2022-09-04
c0214,36.730739,10.973494,28.273615990802107,2022-09-05
c0214,36.730739,10.973494,27.884108264829763,2022-09-06
c0214,36.730739,10.973494,28.731170686736345,2022-09-07
c0214,36.730739,10.973494,29.718830459356056,2022-09-08
c0214,36.730739,10.973494,28.2846642714163,2022-09-09
c0214,36.730739,10.973494,27.45013566550797,2022-09-10
c0214,36.730739,10.973494,26.68488188007967,2022-09-11
c0214,36.730739,10.973494,26.648140593527636,2022-09-12
c0214,36.730739,10.973494,26.5406943789841,2022-09-13
c0214,36.730739,10.973494,27.9635353236805,2022-09-14
c0214,36.730739,10.973494,28.22805626490871,2022-09-15
c0214,36.730739,10.973494,27.99454939314704,2022-09-16
c0214,36.730739,10.973494,26.152715684054517,2022-09-17
c0214,36.730739,10.973494,24.88138844765101,2022-09-18
c0214,36.730739,10.973494,25.879099035588226,2022-09-19
c0214,36.730739,10.973494,26.04033575383144,2022-09-20
c0214,36.730739,10.973494,24.63374330556592,2022-09-21
c0214,36.730739,10.973494,21.474963120002617,2022-09-22
c0214,36.730739,10.973494,22.09176287737134,2022-09-23
c0214,36.730739,10.973494,23.212028732483464,2022-09-24
c0214,36.730739,10.973494,25.385980075418455,2022-09-25
c0214,36.730739,10.973494,24.049501537196015,2022-09-26
c0214,36.730739,10.973494,22.417587469554658,2022-09-27
c0214,36.730739,10.973494,21.665293998733578,2022-09-28
c0214,36.730739,10.973494,24.18173615876043,2022-09-29
c0214,36.730739,10.973494,24.391079458059963,2022-09-30
c0214,36.730739,10.973494,22.365161147808134,2022-10-01
c0214,36.730739,10.973494,22.655128062340435,2022-10-02
c0214,36.730739,10.973494,22.686203800450873,2022-10-03
c0214,36.730739,10.973494,22.749575967555376,2022-10-04
c0214,36.730739,10.973494,22.50335717260528,2022-10-05
c0214,36.730739,10.973494,22.81432091460095,2022-10-06
c0214,36.730739,10.973494,22.153555729969717,2022-10-07
c0214,36.730739,10.973494,24.013431853115765,2022-10-08
c0214,36.730739,10.973494,23.787803677751356,2022-10-09
c0214,36.730739,10.973494,23.33093607489769,2022-10-10
c0214,36.730739,10.973494,23.449280930789577,2022-10-11
c0214,36.730739,10.973494,23.34992086301116,2022-10-12
c0214,36.730739,10.973494,22.67214487292326,2022-10-13
c0214,36.730739,10.973494,22.23284066571707,2022-10-14
c0214,36.730739,10.973494,22.091133848634858,2022-10-15
c0214,36.730739,10.973494,21.845550476208903,2022-10-16
c0214,36.730739,10.973494,23.185757300311504,2022-10-17
c0214,36.730739,10.973494,22.20071613986572,2022-10-18
c0214,36.730739,10.973494,20.520344853468146,2022-10-19
c0214,36.730739,10.973494,20.916198498189974,2022-10-20
c0214,36.730739,10.973494,22.30390643912823,2022-10-21
c0214,36.730739,10.973494,23.425731406764665,2022-10-22
c0214,36.730739,10.973494,23.61852155869813,2022-10-23
c0214,36.730739,10.973494,23.602298692503584,2022-10-24
c0214,36.730739,10.973494,22.820370410868712,2022-10-25
c0214,36.730739,10.973494,22.29857770718585,2022-10-26
c0214,36.730739,10.973494,21.01146325816412,2022-10-27
c0214,36.730739,10.973494,21.63714551669358,2022-10-28
c0214,36.730739,10.973494,21.20226265302492,2022-10-29
c0214,36.730739,10.973494,21.72412000075433,2022-10-30
c0214,36.730739,10.973494,21.72565315176198,2022-10-31
c0214,36.730739,10.973494,21.96950603260175,2022-11-01
c0214,36.730739,10.973494,21.669076533495463,2022-11-02
c0214,36.730739,10.973494,21.99633268761053,2022-11-03
c0214,36.730739,10.973494,21.07838071738199,2022-11-04
c0214,36.730739,10.973494,17.078381594165585,2022-11-05
c0214,36.730739,10.973494,18.934685782758905,2022-11-06
c0214,36.730739,10.973494,18.742249218680264,2022-11-07
c0214,36.730739,10.973494,19.72814293412673,2022-11-08
c0214,36.730739,10.973494,20.554761744597535,2022-11-09
c0214,36.730739,10.973494,20.62709309699975,2022-11-10
c0214,36.730739,10.973494,19.647983043317197,2022-11-11
c0214,36.730739,10.973494,18.671326308971526,2022-11-12
c0214,36.730739,10.973494,17.863668650945815,2022-11-13
c0214,36.730739,10.973494,18.577587895368545,2022-11-14
c0214,36.730739,10.973494,20.123598043975043,2022-11-15
c0214,36.730739,10.973494,19.30358457997582,2022-11-16
c0214,36.730739,10.973494,19.408511743189788,2022-11-17
c0214,36.730739,10.973494,20.753627676414876,2022-11-18
c0214,36.730739,10.973494,18.41536311544764,2022-11-19
c0214,36.730739,10.973494,14.335500972241334,2022-11-20
c0214,36.730739,10.973494,16.66401063235852,2022-11-21
c0214,36.730739,10.973494,15.600905144420278,2022-11-22
c0214,36.730739,10.973494,16.641029746112626,2022-11-23
c0214,36.730739,10.973494,18.192208244883773,2022-11-24
c0214,36.730739,10.973494,17.580314319027618,2022-11-25
c0214,36.730739,10.973494,15.108270852019707,2022-11-26
c0214,36.730739,10.973494,15.03068411835121,2022-11-27
c0214,36.730739,10.973494,15.647749362123896,2022-11-28
c0214,36.730739,10.973494,13.771791007802836,2022-11-29
c0214,36.730739,10.973494,13.595703413741868,2022-11-30
c0214,36.730739,10.973494,14.344668506877891,2022-12-01
c0214,36.730739,10.973494,15.999012462709334,2022-12-02
c0214,36.730739,10.973494,17.472881833109764,2022-12-03
c0214,36.730739,10.973494,15.266704412736525,2022-12-04
c0214,36.730739,10.973494,16.126025872320454,2022-12-05
c0214,36.730739,10.973494,16.725491731768397,2022-12-06
c0214,36.730739,10.973494,16.147641873503154,2022-12-07
c0214,36.730739,10.973494,16.407087026443847,2022-12-08
c0214,36.730739,10.973494,19.218807558931143,2022-12-09
c0214,36.730739,10.973494,18.04406889338978,2022-12-10
c0214,36.730739,10.973494,15.93839137249096,2022-12-11
c0214,36.730739,10.973494,16.223888184065046,2022-12-12
c0214,36.730739,10.973494,18.33183948028726,2022-12-13
c0214,36.730739,10.973494,19.629640350005197,2022-12-14
c0214,36.730739,10.973494,19.618724699360857,2022-12-15
c0214,36.730739,10.973494,16.90297337963168,2022-12-16
c0214,36.730739,10.973494,15.802998864043456,2022-12-17
c0214,36.730739,10.973494,15.387216048808773,2022-12-18
c0214,36.730739,10.973494,15.234458841782136,2022-12-19
c0214,36.730739,10.973494,14.939670093290063,2022-12-20
c0214,36.730739,10.973494,14.804505664872885,2022-12-21
c0214,36.730739,10.973494,15.72624297924327,2022-12-22
c0214,36.730739,10.973494,16.46020466222662,2022-12-23
c0214,36.730739,10.973494,17.557199003339747,2022-12-24
c0214,36.730739,10.973494,17.45664214429921,2022-12-25
c0214,36.730739,10.973494,16.516280423595518,2022-12-26
c0214,36.730739,10.973494,15.744765744475174,2022-12-27
c0214,36.730739,10.973494,15.145964532906529,2022-12-28
c0214,36.730739,10.973494,15.40361658533178,2022-12-29
c0214,36.730739,10.973494,14.931474492409349,2022-12-30
c0214,36.730739,10.973494,14.387925963510844,2022-12-31
c0214,36.730739,10.973494,15.0011398832625,2023-01-01
c0214,36.730739,10.973494,15.983255095162477,2023-01-02
c0214,36.730739,10.973494,15.246228314402412,2023-01-03
c0214,36.730739,10.973494,13.93613194703961,2023-01-04
c0214,36.730739,10.973494,14.416099195178155,2023-01-05
c0214,36.730739,10.973494,14.493236835845476,2023-01-06
c0214,36.730739,10.973494,14.017972833240965,2023-01-07
c0214,36.730739,10.973494,13.96284959168021,2023-01-08
c0214,36.730739,10.973494,15.9578864341274,2023-01-09
c0214,36.730739,10.973494,14.204269270240896,2023-01-10
c0214,36.730739,10.973494,14.311895637802968,2023-01-11
c0214,36.730739,10.973494,14.670762182879164,2023-01-12
c0214,36.730739,10.973494,14.671555328522189,2023-01-13
c0214,36.730739,10.973494,14.80830249748124,2023-01-14
c0214,36.730739,10.973494,14.216624319548604,2023-01-15
c0214,36.730739,10.973494,14.61431360332736,2023-01-16
c0214,36.730739,10.973494,15.536009210034951,2023-01-17
c0214,36.730739,10.973494,14.12405577321824,2023-01-18
c0214,36.730739,10.973494,9.377748364212554,2023-01-19
c0214,36.730739,10.973494,10.70936914636007,2023-01-20
c0214,36.730739,10.973494,8.992274706611399,2023-01-21
c0214,36.730739,10.973494,7.968917947211437,2023-01-22
c0214,36.730739,10.973494,9.272600973001513,2023-01-23
c0214,36.730739,10.973494,10.120912273696186,2023-01-24
c0214,36.730739,10.973494,10.499363027726432,2023-01-25
c0214,36.730739,10.973494,9.31512533831302,2023-01-26
c0214,36.730739,10.973494,10.135781892485037,2023-01-27
c0214,36.730739,10.973494,9.91854121655383,2023-01-28
c0214,36.730739,10.973494,9.934347017596556,2023-01-29
c0214,36.730739,10.973494,10.790908565131074,2023-01-30
c0214,36.730739,10.973494,11.624333100791365,2023-01-31
c0214,36.730739,10.973494,12.217994637456831,2023-02-01
c0214,36.730739,10.973494,12.354563032839652,2023-02-02
c0214,36.730739,10.973494,12.301498330763186,2023-02-03
c0214,36.730739,10.973494,12.52017636641508,2023-02-04
c0214,36.730739,10.973494,12.365360758383993,2023-02-05
c0214,36.730739,10.973494,10.547762176017908,2023-02-06
c0214,36.730739,10.973494,10.279212952731305,2023-02-07
c0214,36.730739,10.973494,9.26148847296113,2023-02-08
c0214,36.730739,10.973494,10.18809248568112,2023-02-09
c0214,36.730739,10.973494,10.091143734255263,2023-02-10
c0214,36.730739,10.973494,11.09995264373917,2023-02-11
c0214,36.730739,10.973494,10.96271150591286,2023-02-12
c0214,36.730739,10.973494,11.411020507231049,2023-02-13
c0214,36.730739,10.973494,11.087649766116384,2023-02-14
c0214,36.730739,10.973494,11.78207607582972,2023-02-15
c0214,36.730739,10.973494,11.983034692726816,2023-02-16
c0214,36.730739,10.973494,12.738926146071584,2023-02-17
c0214,36.730739,10.973494,11.817638294236836,2023-02-18
c0214,36.730739,10.973494,13.044680217371129,2023-02-19
c0214,36.730739,10.973494,11.924869104623356,2023-02-20
c0214,36.730739,10.973494,13.64150219782263,2023-02-21
c0214,36.730739,10.973494,13.989952690592764,2023-02-22
c0214,36.730739,10.973494,13.400111710188444,2023-02-23
c0214,36.730739,10.973494,16.31701406638787,2023-02-24
c0214,36.730739,10.973494,15.966486487023294,2023-02-25
c0214,36.730739,10.973494,12.792579908252405,2023-02-26
c0214,36.730739,10.973494,12.112727035846872,2023-02-27
c0214,36.730739,10.973494,11.109754031717282,2023-02-28
c0214,36.730739,10.973494,11.641627554926018,2023-03-01
c0214,36.730739,10.973494,11.6924209016325,2023-03-02
c0214,36.730739,10.973494,11.110193750172614,2023-03-03
c0214,36.730739,10.973494,11.042138426283804,2023-03-04
c0214,36.730739,10.973494,11.48278931190442,2023-03-05
c0214,36.730739,10.973494,12.204408632164458,2023-03-06
c0214,36.730739,10.973494,13.091220197283606,2023-03-07
c0214,36.730739,10.973494,15.489991167315628,2023-03-08
c0214,36.730739,10.973494,16.62760946898876,2023-03-09
c0214,36.730739,10.973494,17.27560108091479,2023-03-10
c0214,36.730739,10.973494,17.498072046493398,2023-03-11
c0214,36.730739,10.973494,16.716749104370923,2023-03-12
c0214,36.730739,10.973494,15.549442433871016,2023-03-13
c0214,36.730739,10.973494,16.68025588790338,2023-03-14
c0214,36.730739,10.973494,14.459269179257351,2023-03-15
c0214,36.730739,10.973494,13.562760558818876,2023-03-16
c0214,36.730739,10.973494,13.133138461061362,2023-03-17
c0214,36.730739,10.973494,14.843092268765163,2023-03-18
c0214,36.730739,10.973494,14.6359123205498,2023-03-19
c0214,36.730739,10.973494,14.174183163755773,2023-03-20
c0214,36.730739,10.973494,13.994600408793556,2023-03-21
c0214,36.730739,10.973494,14.06961223404905,2023-03-22
c0214,36.730739,10.973494,14.292807012038518,2023-03-23
c0214,36.730739,10.973494,14.651416025265055,2023-03-24
c0214,36.730739,10.973494,16.61244807635454,2023-03-25
c0214,36.730739,10.973494,17.384858948439433,2023-03-26
c0214,36.730739,10.973494,16.265226746982623,2023-03-27
c0214,36.730739,10.973494,14.49865874632078,2023-03-28
c0214,36.730739,10.973494,14.267598761089168,2023-03-29
c0214,36.730739,10.973494,15.796504817064482,2023-03-30
c0214,36.730739,10.973494,17.75174909255805,2023-03-31
c0214,36.730739,10.973494,17.206913716162834,2023-04-01
c0214,36.730739,10.973494,13.467998407014276,2023-04-02
c0214,36.730739,10.973494,12.67079927709943,2023-04-03
c0214,36.730739,10.973494,13.48799967499946,2023-04-04
c0214,36.730739,10.973494,12.82897478494595,2023-04-05
c0214,36.730739,10.973494,12.97323048006712,2023-04-06
c0214,36.730739,10.973494,12.750531737430483,2023-04-07
c0214,36.730739,10.973494,13.967123268332516,2023-04-08
c0214,36.730739,10.973494,13.996132569020428,2023-04-09
c0214,36.730739,10.973494,14.601650986593048,2023-04-10
c0214,36.730739,10.973494,14.74805331117314,2023-04-11
c0214,36.730739,10.973494,17.60021839639152,2023-04-12
c0214,36.730739,10.973494,17.061849725251225,2023-04-13
c0214,36.730739,10.973494,15.487889118401176,2023-04-14
c0214,36.730739,10.973494,16.30725503409672,2023-04-15
c0214,36.730739,10.973494,14.571794200335647,2023-04-16
c0214,36.730739,10.973494,14.920312661432272,2023-04-17
c0214,36.730739,10.973494,15.228840183666613,2023-04-18
c0214,36.730739,10.973494,15.705833665654248,2023-04-19
c0214,36.730739,10.973494,16.42101533769655,2023-04-20
c0214,36.730739,10.973494,16.867245091829634,2023-04-21
c0214,36.730739,10.973494,16.28264744571546,2023-04-22
c0214,36.730739,10.973494,17.072922461701395,2023-04-23
c0214,36.730739,10.973494,18.483265650229345,2023-04-24
c0214,36.730739,10.973494,18.44578624347393,2023-04-25
c0214,36.730739,10.973494,18.45355886512142,2023-04-26
c0214,36.730739,10.973494,18.858277257283532,2023-04-27
c0214,36.730739,10.973494,18.35219815158962,2023-04-28
c0214,36.730739,10.973494,19.54760173456383,2023-04-29
c0214,36.730739,10.973494,19.88597054403087,2023-04-30
c0214,36.730739,10.973494,18.26508467896512,2023-05-01
c0214,36.730739,10.973494,16.90823147617285,2023-05-02
c0214,36.730739,10.973494,17.52457072475663,2023-05-03
c0214,36.730739,10.973494,17.860657763031668,2023-05-04
c0214,36.730739,10.973494,18.03649833057953,2023-05-05
c0214,36.730739,10.973494,18.409129330129755,2023-05-06
c0214,36.730739,10.973494,18.95008766428324,2023-05-07
c0214,36.730739,10.973494,17.617229346448635,2023-05-08
c0214,36.730739,10.973494,17.791965865170784,2023-05-09
c0214,36.730739,10.973494,18.659863559892788,2023-05-10
c0214,36.730739,10.973494,18.57229158070211,2023-05-11
c0214,36.730739,10.973494,17.749514305032143,2023-05-12
c0214,36.730739,10.973494,19.72266310849826,2023-05-13
c0214,36.730739,10.973494,17.56532443551909,2023-05-14
c0214,36.730739,10.973494,14.731520053635553,2023-05-15
c0214,36.730739,10.973494,17.53161181508423,2023-05-16
c0214,36.730739,10.973494,17.994979829631394,2023-05-17
c0214,36.730739,10.973494,17.328697045758894,2023-05-18
c0214,36.730739,10.973494,18.410856488255018,2023-05-19
c0214,36.730739,10.973494,18.13210856777763,2023-05-20
c0214,36.730739,10.973494,18.055512998958143,2023-05-21
c0214,36.730739,10.973494,18.328162862668336,2023-05-22
c0214,36.730739,10.973494,17.89881594642981,2023-05-23
c0214,36.730739,10.973494,18.523249339942616,2023-05-24
c0214,36.730739,10.973494,18.380874750387516,2023-05-25
c0214,36.730739,10.973494,19.425738459287604,2023-05-26
c0214,36.730739,10.973494,20.61020480407277,2023-05-27
c0214,36.730739,10.973494,20.843532187671883,2023-05-28
c0214,36.730739,10.973494,20.013235927938325,2023-05-29
c0214,36.730739,10.973494,19.59649434982897,2023-05-30
c0214,36.730739,10.973494,19.17838919647625,2023-05-31
c0214,36.730739,10.973494,19.670329487108585,2023-06-01
c0214,36.730739,10.973494,20.09514696065366,2023-06-02
c0214,36.730739,10.973494,20.83366731627611,2023-06-03
c0214,36.730739,10.973494,20.5259396785242,2023-06-04
c0214,36.730739,10.973494,20.521649950458247,2023-06-05
c0214,36.730739,10.973494,19.02113402910232,2023-06-06
c0214,36.730739,10.973494,20.344006910909407,2023-06-07
c0214,36.730739,10.973494,21.17311194841041,2023-06-08
c0214,36.730739,10.973494,22.11123499038277,2023-06-09
c0214,36.730739,10.973494,21.824171816370285,2023-06-10
c0214,36.730739,10.973494,22.119391695275866,2023-06-11
c0214,36.730739,10.973494,22.733596943603988,2023-06-12
c0214,36.730739,10.973494,23.01898370429881,2023-06-13
c0214,36.730739,10.973494,21.30148081115773,2023-06-14
c0214,36.730739,10.973494,22.00088190996069,2023-06-15
c0214,36.730739,10.973494,22.520511289337215,2023-06-16
c0214,36.730739,10.973494,22.420674743223927,2023-06-17
c0214,36.730739,10.973494,22.378095671511865,2023-06-18
c0214,36.730739,10.973494,23.24847683514453,2023-06-19
c0214,36.730739,10.973494,23.72728515285306,2023-06-20
c0214,36.730739,10.973494,24.328025195400677,2023-06-21
c0214,36.730739,10.973494,26.03384357365176,2023-06-22
c0214,36.730739,10.973494,25.25673060671568,2023-06-23
c0214,36.730739,10.973494,24.427505979297,2023-06-24
c0214,36.730739,10.973494,23.915559423165902,2023-06-25
c0214,36.730739,10.973494,24.32691353783759,2023-06-26
c0214,36.730739,10.973494,24.6020284840155,2023-06-27
c0214,36.730739,10.973494,25.900572544133112,2023-06-28
c0214,36.730739,10.973494,26.2955175105224,2023-06-29
c0214,36.730739,10.973494,25.708228723255935,2023-06-30
c0214,36.730739,10.973494,24.848039374139223,2023-07-01
c0214,36.730739,10.973494,24.81549467460921,2023-07-02
c0214,36.730739,10.973494,25.034723894996848,2023-07-03
c0214,36.730739,10.973494,25.070739865752543,2023-07-04
c0214,36.730739,10.973494,25.694163261165706,2023-07-05
c0214,36.730739,10.973494,26.885053683914837,2023-07-06
c0214,36.730739,10.973494,27.779798616638097,2023-07-07
c0214,36.730739,10.973494,28.589007534389765,2023-07-08
c0214,36.730739,10.973494,29.09360191339098,2023-07-09
c0214,36.730739,10.973494,28.11421672332927,2023-07-10
c0214,36.730739,10.973494,27.430304314513517,2023-07-11
c0214,36.730739,10.973494,28.24034485769142,2023-07-12
c0214,36.730739,10.973494,27.735480899099283,2023-07-13
c0214,36.730739,10.973494,27.74930135984765,2023-07-14
c0214,36.730739,10.973494,28.199722534406156,2023-07-15
c0214,36.730739,10.973494,30.66366759191975,2023-07-16
c0214,36.730739,10.973494,29.995057203872054,2023-07-17
c0214,36.730739,10.973494,31.00656979649223,2023-07-18
c0214,36.730739,10.973494,31.2532009077321,2023-07-19
c0214,36.730739,10.973494,30.888406811992283,2023-07-20
c0214,36.730739,10.973494,30.294680293114208,2023-07-21
c0214,36.730739,10.973494,31.102518358165575,2023-07-22
c0214,36.730739,10.973494,32.868797364523765,2023-07-23
c0214,36.730739,10.973494,34.957477986855665,2023-07-24
c0214,36.730739,10.973494,32.500468736014334,2023-07-25
c0214,36.730739,10.973494,27.31488832289374,2023-07-26
c0214,36.730739,10.973494,25.911018619774534,2023-07-27
c0214,36.730739,10.973494,27.86753305327307,2023-07-28
c0214,36.730739,10.973494,28.06043755431471,2023-07-29
c0214,36.730739,10.973494,27.893831851651697,2023-07-30
c0214,36.730739,10.973494,28.02920558499469,2023-07-31
c0214,36.730739,10.973494,27.471101649468395,2023-08-01
c0214,36.730739,10.973494,27.882441948295096,2023-08-02
c0214,36.730739,10.973494,28.28870964692966,2023-08-03
c0214,36.730739,10.973494,27.608199635921515,2023-08-04
c0214,36.730739,10.973494,24.905530979601817,2023-08-05
c0214,36.730739,10.973494,25.91042491485929,2023-08-06
c0214,36.730739,10.973494,25.086112233485956,2023-08-07
c0214,36.730739,10.973494,24.205110844789253,2023-08-08
c0214,36.730739,10.973494,24.493815678284,2023-08-09
c0214,36.730739,10.973494,25.287331017939103,2023-08-10
c0214,36.730739,10.973494,25.38246111053088,2023-08-11
c0214,36.730739,10.973494,25.66779862674328,2023-08-12
c0214,36.730739,10.973494,25.57319414603202,2023-08-13
c0214,36.730739,10.973494,25.232487433625195,2023-08-14
c0214,36.730739,10.973494,26.03386873030254,2023-08-15
c0214,36.730739,10.973494,26.10046945258983,2023-08-16
c0214,36.730739,10.973494,27.115768839946696,2023-08-17
c0214,36.730739,10.973494,28.21449069112265,2023-08-18
c0214,36.730739,10.973494,27.606353084504555,2023-08-19
c0214,36.730739,10.973494,27.003492289855703,2023-08-20
c0214,36.730739,10.973494,27.37887361345167,2023-08-21
c0214,36.730739,10.973494,27.530953228182003,2023-08-22
c0214,36.730739,10.973494,27.85381877438594,2023-08-23
c0214,36.730739,10.973494,27.815874064078667,2023-08-24
c0214,36.730739,10.973494,28.4139457909209,2023-08-25
c0214,36.730739,10.973494,29.498138587942517,2023-08-26
c0214,36.730739,10.973494,31.165390354650764,2023-08-27
c0214,36.730739,10.973494,25.495059520539364,2023-08-28
c0214,36.730739,10.973494,24.33689139343581,2023-08-29
c0214,36.730739,10.973494,24.82646532927086,2023-08-30
c0214,36.730739,10.973494,25.044096832642644,2023-08-31
c0214,36.730739,10.973494,24.66703812943088,2023-09-01
c0214,36.730739,10.973494,25.257969612889735,2023-09-02
c0214,36.730739,10.973494,25.945186304673104,2023-09-03
c0214,36.730739,10.973494,25.50373807311108,2023-09-04
c0214,36.730739,10.973494,24.9611518394694,2023-09-05
c0214,36.730739,10.973494,25.350750040941065,2023-09-06
c0214,36.730739,10.973494,24.978923561503247,2023-09-07
c0214,36.730739,10.973494,25.184840171651796,2023-09-08
c0214,36.730739,10.973494,25.101672756227217,2023-09-09
c0214,36.730739,10.973494,25.292760628961545,2023-09-10
c0214,36.730739,10.973494,24.83344321773088,2023-09-11
c0214,36.730739,10.973494,25.549736072220508,2023-09-12
c0214,36.730739,10.973494,26.254969055873577,2023-09-13
c0214,36.730739,10.973494,26.03597859146604,2023-09-14
c0214,36.730739,10.973494,26.16660238404474,2023-09-15
c0214,36.730739,10.973494,26.42566801898223,2023-09-16
c0214,36.730739,10.973494,26.538594994084058,2023-09-17
c0214,36.730739,10.973494,27.03746656822576,2023-09-18
c0214,36.730739,10.973494,27.25591206801166,2023-09-19
c0214,36.730739,10.973494,27.70064301718396,2023-09-20
c0214,36.730739,10.973494,28.654677639627316,2023-09-21
c0214,36.730739,10.973494,27.24651129133866,2023-09-22
c0214,36.730739,10.973494,24.579481003535996,2023-09-23
c0214,36.730739,10.973494,22.889284178591915,2023-09-24
c0214,36.730739,10.973494,21.684081844876136,2023-09-25
c0214,36.730739,10.973494,22.609818183051225,2023-09-26
c0214,36.730739,10.973494,23.48475196829201,2023-09-27
c0214,36.730739,10.973494,23.242374308770128,2023-09-28
c0214,36.730739,10.973494,23.18631747093156,2023-09-29
c0214,36.730739,10.973494,23.33327224416233,2023-09-30
c0214,36.730739,10.973494,23.12571479087368,2023-10-01
c0214,36.730739,10.973494,23.073049444603352,2023-10-02
c0214,36.730739,10.973494,23.332977354904283,2023-10-03
c0214,36.730739,10.973494,23.405632626058814,2023-10-04
c0214,36.730739,10.973494,23.236998909905513,2023-10-05
c0214,36.730739,10.973494,22.875977021855068,2023-10-06
c0214,36.730739,10.973494,22.71653445764476,2023-10-07
c0214,36.730739,10.973494,22.211776907378017,2023-10-08
c0214,36.730739,10.973494,22.971864341800117,2023-10-09
c0214,36.730739,10.973494,23.19560710189339,2023-10-10
c0214,36.730739,10.973494,23.82579165419279,2023-10-11
c0214,36.730739,10.973494,23.13089240082193,2023-10-12
c0214,36.730739,10.973494,23.41528543517433,2023-10-13
c0214,36.730739,10.973494,23.777530673532407,2023-10-14
c0214,36.730739,10.973494,23.80392699304761,2023-10-15
c0214,36.730739,10.973494,23.33912508306953,2023-10-16
c0214,36.730739,10.973494,24.75783524541938,2023-10-17
c0214,36.730739,10.973494,26.335459106971733,2023-10-18
c0214,36.730739,10.973494,25.20294726877103,2023-10-19
c0214,36.730739,10.973494,25.97188711904688,2023-10-20
c0214,36.730739,10.973494,22.216396997714217,2023-10-21
c0214,36.730739,10.973494,22.43022853546818,2023-10-22
c0214,36.730739,10.973494,24.03508919472207,2023-10-23
c0214,36.730739,10.973494,24.264824261227343,2023-10-24
c0214,36.730739,10.973494,22.1434348247542,2023-10-25
c0214,36.730739,10.973494,22.485803735261012,2023-10-26
c0214,36.730739,10.973494,23.272048870167794,2023-10-27
c0214,36.730739,10.973494,22.82157843735533,2023-10-28
c0214,36.730739,10.973494,23.486572263635804,2023-10-29
c0214,36.730739,10.973494,24.401234781240028,2023-10-30
c0214,36.730739,10.973494,22.272504164921077,2023-10-31
c0214,36.730739,10.973494,22.43529736304255,2023-11-01
c0214,36.730739,10.973494,22.90271117160276,2023-11-02
c0214,36.730739,10.973494,21.53609477600515,2023-11-03
c0214,36.730739,10.973494,19.464633341367332,2023-11-04
c0214,36.730739,10.973494,21.973672806685876,2023-11-05
c0214,36.730739,10.973494,20.87591108635066,2023-11-06
c0214,36.730739,10.973494,20.57670012748345,2023-11-07
c0214,36.730739,10.973494,18.437293858992952,2023-11-08
c0214,36.730739,10.973494,18.616258357568704,2023-11-09
c0214,36.730739,10.973494,18.8394257685864,2023-11-10
c0214,36.730739,10.973494,19.24087091408438,2023-11-11
c0214,36.730739,10.973494,20.905669757768056,2023-11-12
c0214,36.730739,10.973494,20.295060928901716,2023-11-13
c0214,36.730739,10.973494,20.2314818531072,2023-11-14
c0214,36.730739,10.973494,20.098026249928058,2023-11-15
c0214,36.730739,10.973494,19.48201007927179,2023-11-16
c0214,36.730739,10.973494,19.46762777390464,2023-11-17
c0214,36.730739,10.973494,17.928049881985263,2023-11-18
c0214,36.730739,10.973494,18.091366390621545,2023-11-19
c0214,36.730739,10.973494,19.244980437871305,2023-11-20
c0214,36.730739,10.973494,18.14685165276741,2023-11-21
c0214,36.730739,10.973494,15.442547102620994,2023-11-22
c0214,36.730739,10.973494,15.082980106138027,2023-11-23
c0214,36.730739,10.973494,15.421117632177744,2023-11-24
c0214,36.730739,10.973494,15.941674663912504,2023-11-25
c0214,36.730739,10.973494,14.64041544672864,2023-11-26
c0214,36.730739,10.973494,15.762520171072524,2023-11-27
c0214,36.730739,10.973494,17.233278209045164,2023-11-28
c0214,36.730739,10.973494,17.15601634818585,2023-11-29
c0214,36.730739,10.973494,19.198671811773693,2023-11-30
c0214,36.730739,10.973494,19.744780492189697,2023-12-01
c0214,36.730739,10.973494,17.958923078491875,2023-12-02
c0214,36.730739,10.973494,14.900084828278484,2023-12-03
c0214,36.730739,10.973494,14.926953049409944,2023-12-04
c0214,36.730739,10.973494,15.055899827316797,2023-12-05
c0214,36.730739,10.973494,14.002690877505128,2023-12-06
c0214,36.730739,10.973494,13.937215943839552,2023-12-07
c0214,36.730739,10.973494,13.537315545692255,2023-12-08
c0214,36.730739,10.973494,14.940041218347163,2023-12-09
c0214,36.730739,10.973494,16.456229172334407,2023-12-10
c0214,36.730739,10.973494,16.810930036628207,2023-12-11
c0214,36.730739,10.973494,17.493866259364136,2023-12-12
c0214,36.730739,10.973494,18.28927821661641,2023-12-13
c0214,36.730739,10.973494,14.374238391329976,2023-12-14
c0214,36.730739,10.973494,12.722635642065868,2023-12-15
c0214,36.730739,10.973494,12.578935250880216,2023-12-16
c0214,36.730739,10.973494,13.441608572331424,2023-12-17
c0214,36.730739,10.973494,13.411556137091114,2023-12-18
c0214,36.730739,10.973494,14.232413090638168,2023-12-19
c0214,36.730739,10.973494,14.1085097395939,2023-12-20
c0214,36.730739,10.973494,14.10010825140717,2023-12-21
c0214,36.730739,10.973494,15.89060030117412,2023-12-22
c0214,36.730739,10.973494,15.89198576081388,2023-12-23
c0214,36.730739,10.973494,15.389418083187897,2023-12-24
c0214,36.730739,10.973494,14.500496617886045,2023-12-25
c0214,36.730739,10.973494,13.04929353979473,2023-12-26
c0214,36.730739,10.973494,12.521158947047606,2023-12-27
c0214,36.730739,10.973494,14.278367589498414,2023-12-28
c0214,36.730739,10.973494,15.049368875857786,2023-12-29
c0214,36.730739,10.973494,14.92798030851743,2023-12-30
c0214,36.730739,10.973494,14.600916397241662,2023-12-31
c0214,36.730739,10.973494,14.40330306097922,2024-01-01
c0214,36.730739,10.973494,14.215085579619304,2024-01-02
c0214,36.730739,10.973494,14.871133513131223,2024-01-03
c0214,36.730739,10.973494,15.497564753728687,2024-01-04
c0214,36.730739,10.973494,15.544108630967273,2024-01-05
c0214,36.730739,10.973494,12.124448089507837,2024-01-06
c0214,36.730739,10.973494,11.015026675062533,2024-01-07
c0214,36.730739,10.973494,10.570396494798494,2024-01-08
c0214,36.730739,10.973494,11.750820853382162,2024-01-09
c0214,36.730739,10.973494,11.353438522669425,2024-01-10
c0214,36.730739,10.973494,12.69497962703775,2024-01-11
c0214,36.730739,10.973494,12.488906414615006,2024-01-12
c0214,36.730739,10.973494,12.76943939459935,2024-01-13
c0214,36.730739,10.973494,13.061156971331288,2024-01-14
c0214,36.730739,10.973494,15.948143478497649,2024-01-15
c0214,36.730739,10.973494,16.254001892402034,2024-01-16
c0214,36.730739,10.973494,16.612951204014575,2024-01-17
c0214,36.730739,10.973494,17.036789931516527,2024-01-18
c0214,36.730739,10.973494,15.567806746096124,2024-01-19
c0214,36.730739,10.973494,14.594884124492689,2024-01-20
c0214,36.730739,10.973494,11.58150739811344,2024-01-21
c0214,36.730739,10.973494,11.963028782991088,2024-01-22
c0214,36.730739,10.973494,13.486179597703911,2024-01-23
c0214,36.730739,10.973494,14.29404175211712,2024-01-24
c0214,36.730739,10.973494,15.636215912611975,2024-01-25
c0214,36.730739,10.973494,16.34466060893967,2024-01-26
c0214,36.730739,10.973494,15.114819453148025,2024-01-27
c0214,36.730739,10.973494,14.077899478708863,2024-01-28
c0214,36.730739,10.973494,12.909493574807332,2024-01-29
c0214,36.730739,10.973494,11.937950332739558,2024-01-30
c0214,36.730739,10.973494,12.67661699569712,2024-01-31
c0214,36.730739,10.973494,12.259077463406364,2024-02-01
c0214,36.730739,10.973494,12.600825319622988,2024-02-02
c0214,36.730739,10.973494,13.436766861549533,2024-02-03
c0214,36.730739,10.973494,13.880186243435991,2024-02-04
c0214,36.730739,10.973494,14.375596536788636,2024-02-05
c0214,36.730739,10.973494,14.95739100854466,2024-02-06
c0214,36.730739,10.973494,14.57834814326432,2024-02-07
c0214,36.730739,10.973494,14.956842131295284,2024-02-08
c0214,36.730739,10.973494,16.88224298574339,2024-02-09
c0214,36.730739,10.973494,16.165922245556608,2024-02-10
c0214,36.730739,10.973494,12.8390592569718,2024-02-11
c0214,36.730739,10.973494,13.555065397866247,2024-02-12
c0214,36.730739,10.973494,14.13567460661095,2024-02-13
c0214,36.730739,10.973494,13.672049735016106,2024-02-14
c0214,36.730739,10.973494,13.09424712896064,2024-02-15
c0214,36.730739,10.973494,14.873525440783768,2024-02-16
c0214,36.730739,10.973494,14.659757400984027,2024-02-17
c0214,36.730739,10.973494,14.23261346476559,2024-02-18
c0214,36.730739,10.973494,14.062027484329189,2024-02-19
c0214,36.730739,10.973494,13.07072572857322,2024-02-20
c0214,36.730739,10.973494,13.520636157553431,2024-02-21
c0214,36.730739,10.973494,13.58991562590466,2024-02-22
c0214,36.730739,10.973494,15.062443104241716,2024-02-23
c0214,36.730739,10.973494,12.872928400112388,2024-02-24
c0214,36.730739,10.973494,12.038909574249333,2024-02-25
c0214,36.730739,10.973494,14.184126277759889,2024-02-26
c0214,36.730739,10.973494,13.845377667974514,2024-02-27
c0214,36.730739,10.973494,12.112817444784149,2024-02-28
c0214,36.730739,10.973494,12.542425795554,2024-02-29
c0214,36.730739,10.973494,12.571058504676166,2024-03-01
c0214,36.730739,10.973494,13.941760942173744,2024-03-02
c0214,36.730739,10.973494,14.31888487701478,2024-03-03
c0214,36.730739,10.973494,12.290243079487343,2024-03-04
c0214,36.730739,10.973494,14.005701486164462,2024-03-05
c0214,36.730739,10.973494,13.437722637545304,2024-03-06
c0214,36.730739,10.973494,13.716727796081011,2024-03-07
c0214,36.730739,10.973494,15.970597123239015,2024-03-08
c0214,36.730739,10.973494,15.357098858585056,2024-03-09
c0214,36.730739,10.973494,15.377272332685337,2024-03-10
c0214,36.730739,10.973494,13.841828615484712,2024-03-11
c0214,36.730739,10.973494,13.74655717481728,2024-03-12
c0214,36.730739,10.973494,13.62628551350033,2024-03-13
c0214,36.730739,10.973494,14.002224888440084,2024-03-14
c0214,36.730739,10.973494,14.325003751654554,2024-03-15
c0214,36.730739,10.973494,14.851809439599863,2024-03-16
c0214,36.730739,10.973494,15.037350093720706,2024-03-17
c0214,36.730739,10.973494,15.543766727439866,2024-03-18
c0214,36.730739,10.973494,15.857247914093572,2024-03-19
c0214,36.730739,10.973494,15.542620234177706,2024-03-20
c0214,36.730739,10.973494,15.805931096205136,2024-03-21
c0214,36.730739,10.973494,15.453893778097491,2024-03-22
c0214,36.730739,10.973494,15.303971440467906,2024-03-23
c0214,36.730739,10.973494,17.011676928646065,2024-03-24
c0214,36.730739,10.973494,16.93610719588216,2024-03-25
c0214,36.730739,10.973494,17.469221194221788,2024-03-26
c0214,36.730739,10.973494,15.34015463512682,2024-03-27
c0214,36.730739,10.973494,17.088258908084747,2024-03-28
c0214,36.730739,10.973494,18.039950523728432,2024-03-29
c0214,36.730739,10.973494,18.920610480953137,2024-03-30
c0214,36.730739,10.973494,19.094929150314744,2024-03-31
c0214,36.730739,10.973494,18.433373077796585,2024-04-01
c0214,36.730739,10.973494,15.854125218672625,2024-04-02
c0214,36.730739,10.973494,15.980435418757516,2024-04-03
c0214,36.730739,10.973494,16.739249953121952,2024-04-04
c0214,36.730739,10.973494,16.708960769475844,2024-04-05
c0214,36.730739,10.973494,17.08688638597621,2024-04-06
c0214,36.730739,10.973494,17.77789604976577,2024-04-07
c0214,36.730739,10.973494,18.280365861203386,2024-04-08
c0214,36.730739,10.973494,18.946706771391543,2024-04-09
c0214,36.730739,10.973494,15.622789041249131,2024-04-10
c0214,36.730739,10.973494,14.675201711643226,2024-04-11
c0214,36.730739,10.973494,16.492681685691394,2024-04-12
c0214,36.730739,10.973494,18.368899646763644,2024-04-13
c0214,36.730739,10.973494,19.025614960261567,2024-04-14
c0214,36.730739,10.973494,18.852201435320175,2024-04-15
c0214,36.730739,10.973494,17.90969521820523,2024-04-16
c0214,36.730739,10.973494,16.494129598183793,2024-04-17
c0214,36.730739,10.973494,15.988362132446214,2024-04-18
c0214,36.730739,10.973494,14.75362489916837,2024-04-19
c0214,36.730739,10.973494,15.619237332395706,2024-04-20
c0214,36.730739,10.973494,15.32454639500615,2024-04-21
c0214,36.730739,10.973494,15.239015443345162,2024-04-22
c0214,36.730739,10.973494,14.56858051451537,2024-04-23
c0214,36.730739,10.973494,11.994427214958009,2024-04-24
c0214,36.730739,10.973494,15.0274657762438,2024-04-25
c0214,36.730739,10.973494,16.62386746060357,2024-04-26
c0214,36.730739,10.973494,16.79423509896929,2024-04-27
c0214,36.730739,10.973494,17.35946854531314,2024-04-28
c0214,36.730739,10.973494,17.88525261968865,2024-04-29
c0214,36.730739,10.973494,17.512108362031857,2024-04-30
c0214,36.730739,10.973494,17.33020960994867,2024-05-01
c0214,36.730739,10.973494,17.06667385522116,2024-05-02
c0214,36.730739,10.973494,16.53353791280872,2024-05-03
c0214,36.730739,10.973494,16.848429382942406,2024-05-04
c0214,36.730739,10.973494,17.75415034579124,2024-05-05
c0214,36.730739,10.973494,18.86036742065407,2024-05-06
c0214,36.730739,10.973494,19.05953973172615,2024-05-07
c0214,36.730739,10.973494,16.298392633161928,2024-05-08
c0214,36.730739,10.973494,16.230244170524422,2024-05-09
c0214,36.730739,10.973494,18.061607986217627,2024-05-10
c0214,36.730739,10.973494,19.072613953224337,2024-05-11
c0214,36.730739,10.973494,19.04095611954808,2024-05-12
c0214,36.730739,10.973494,20.351271031728224,2024-05-13
c0214,36.730739,10.973494,20.820055722826933,2024-05-14
c0214,36.730739,10.973494,21.027157533250097,2024-05-15
c0214,36.730739,10.973494,19.696172602837517,2024-05-16
c0214,36.730739,10.973494,20.078404026360516,2024-05-17
c0214,36.730739,10.973494,22.68506562362654,2024-05-18
c0214,36.730739,10.973494,20.83656531485796,2024-05-19
c0214,36.730739,10.973494,21.14288956634118,2024-05-20
c0214,36.730739,10.973494,20.030658392479697,2024-05-21
c0214,36.730739,10.973494,19.94115588497649,2024-05-22
c0214,36.730739,10.973494,20.418447575146462,2024-05-23
c0214,36.730739,10.973494,21.059805690950572,2024-05-24
c0214,36.730739,10.973494,21.564424708642225,2024-05-25
c0214,36.730739,10.973494,20.968335821807425,2024-05-26
c0214,36.730739,10.973494,21.142927429468532,2024-05-27
c0214,36.730739,10.973494,21.790664475766533,2024-05-28
c0214,36.730739,10.973494,21.07570445324304,2024-05-29
c0214,36.730739,10.973494,21.63729589043783,2024-05-30
c0214,36.730739,10.973494,23.00428696948747,2024-05-31
c0214,36.730739,10.973494,22.117168100894915,2024-06-01
c0214,36.730739,10.973494,21.33973921260537,2024-06-02
c0214,36.730739,10.973494,20.87008482638107,2024-06-03
c0214,36.730739,10.973494,21.65365396033701,2024-06-04
c0214,36.730739,10.973494,21.551643553977513,2024-06-05
c0214,36.730739,10.973494,22.60708293800033,2024-06-06
c0214,36.730739,10.973494,22.79829091937776,2024-06-07
c0214,36.730739,10.973494,23.33315389214682,2024-06-08
c0214,36.730739,10.973494,24.080338355598837,2024-06-09
c0214,36.730739,10.973494,23.63256105774148,2024-06-10
c0214,36.730739,10.973494,24.047925552325335,2024-06-11
c0214,36.730739,10.973494,23.298042628949705,2024-06-12
c0214,36.730739,10.973494,22.58609395032901,2024-06-13
c0214,36.730739,10.973494,22.54279919519898,2024-06-14
c0214,36.730739,10.973494,23.321695204121596,2024-06-15
c0214,36.730739,10.973494,24.77691991341629,2024-06-16
c0214,36.730739,10.973494,25.02548135863794,2024-06-17
c0214,36.730739,10.973494,25.619455161861676,2024-06-18
c0214,36.730739,10.973494,26.175317551130497,2024-06-19
c0214,36.730739,10.973494,26.21805629615466,2024-06-20
c0214,36.730739,10.973494,24.192055341779515,2024-06-21
c0214,36.730739,10.973494,23.549087481110465,2024-06-22
c0214,36.730739,10.973494,23.049910535326585,2024-06-23
c0214,36.730739,10.973494,23.047472170276254,2024-06-24
c0214,36.730739,10.973494,22.7679707055488,2024-06-25
c0214,36.730739,10.973494,23.943836316515373,2024-06-26
c0214,36.730739,10.973494,24.37793078187287,2024-06-27
c0214,36.730739,10.973494,25.81283809984733,2024-06-28
c0214,36.730739,10.973494,25.834947956665147,2024-06-29
c0214,36.730739,10.973494,25.30392075839697,2024-06-30
c0214,36.730739,10.973494,26.69265692015039,2024-07-01
c0214,36.730739,10.973494,24.338078330445867,2024-07-02
c0214,36.730739,10.973494,23.673728484128144,2024-07-03
c0214,36.730739,10.973494,23.585083356230715,2024-07-04
c0214,36.730739,10.973494,23.855165549965697,2024-07-05
c0214,36.730739,10.973494,24.53004479620575,2024-07-06
c0214,36.730739,10.973494,25.09421333759796,2024-07-07
c0214,36.730739,10.973494,25.264770882243496,2024-07-08
c0214,36.730739,10.973494,26.912944903413894,2024-07-09
c0214,36.730739,10.973494,27.3147320052299,2024-07-10
c0214,36.730739,10.973494,26.89790583662945,2024-07-11
c0214,36.730739,10.973494,26.75409566922885,2024-07-12
c0214,36.730739,10.973494,27.594900315916345,2024-07-13
c0214,36.730739,10.973494,27.78562120651081,2024-07-14
c0214,36.730739,10.973494,27.519507744701563,2024-07-15
c0214,36.730739,10.973494,27.383901711902713,2024-07-16
c0214,36.730739,10.973494,28.03218973024372,2024-07-17
c0214,36.730739,10.973494,28.277985590335337,2024-07-18
c0214,36.730739,10.973494,27.93961731642548,2024-07-19
c0214,36.730739,10.973494,28.70848235395412,2024-07-20
c0214,36.730739,10.973494,29.254458294993597,2024-07-21
c0214,36.730739,10.973494,26.752838289618175,2024-07-22
c0214,36.730739,10.973494,26.15947789139793,2024-07-23
c0214,36.730739,10.973494,26.296655484600084,2024-07-24
c0214,36.730739,10.973494,26.24265674708889,2024-07-25
c0214,36.730739,10.973494,26.15720782213027,2024-07-26
c0214,36.730739,10.973494,25.92114446588756,2024-07-27
c0214,36.730739,10.973494,27.23122103140628,2024-07-28
c0214,36.730739,10.973494,28.058438056948873,2024-07-29
c0214,36.730739,10.973494,28.365944645771137,2024-07-30
c0214,36.730739,10.973494,28.570953720619165,2024-07-31
c0214,36.730739,10.973494,29.00273006651905,2024-08-01
c0214,36.730739,10.973494,29.98712195340194,2024-08-02
c0214,36.730739,10.973494,29.294013252059397,2024-08-03
c0214,36.730739,10.973494,27.235245287604872,2024-08-04
c0214,36.730739,10.973494,26.62747469372987,2024-08-05
c0214,36.730739,10.973494,27.091461187302233,2024-08-06
c0214,36.730739,10.973494,26.797201905172138,2024-08-07
c0214,36.730739,10.973494,27.534154319992737,2024-08-08
c0214,36.730739,10.973494,28.83491340175101,2024-08-09
c0214,36.730739,10.973494,28.58154475169636,2024-08-10
c0214,36.730739,10.973494,28.06585893611856,2024-08-11
c0214,36.730739,10.973494,28.34443826625686,2024-08-12
c0214,36.730739,10.973494,28.748433197945715,2024-08-13
c0214,36.730739,10.973494,28.354179323718963,2024-08-14
c0214,36.730739,10.973494,28.704366304020407,2024-08-15
c0214,36.730739,10.973494,29.021511388810065,2024-08-16
c0214,36.730739,10.973494,28.46486332033038,2024-08-17
c0214,36.730739,10.973494,27.229918555586043,2024-08-18
c0214,36.730739,10.973494,26.94626699632019,2024-08-19
c0214,36.730739,10.973494,26.271964134311208,2024-08-20
c0214,36.730739,10.973494,26.147967463958924,2024-08-21
c0214,36.730739,10.973494,25.982623417713167,2024-08-22
c0214,36.730739,10.973494,26.61208158080664,2024-08-23
c0214,36.730739,10.973494,26.75927595619789,2024-08-24
c0214,36.730739,10.973494,27.327623294932877,2024-08-25
c0214,36.730739,10.973494,26.62097931015317,2024-08-26
c0214,36.730739,10.973494,26.772597772664874,2024-08-27
c0214,36.730739,10.973494,26.4375293809728,2024-08-28
c0214,36.730739,10.973494,26.67267513037972,2024-08-29
c0214,36.730739,10.973494,26.7351520646972,2024-08-30
c0214,36.730739,10.973494,27.4921908605448,2024-08-31
c0214,36.730739,10.973494,27.620589241673574,2024-09-01
c0214,36.730739,10.973494,27.94677404196352,2024-09-02
c0214,36.730739,10.973494,28.44266226501099,2024-09-03
c0214,36.730739,10.973494,29.466055469076853,2024-09-04
c0214,36.730739,10.973494,27.97482888030091,2024-09-05
c0214,36.730739,10.973494,27.381118400595163,2024-09-06
c0214,36.730739,10.973494,29.091406068522645,2024-09-07
c0214,36.730739,10.973494,29.085835074230815,2024-09-08
c0214,36.730739,10.973494,26.230571840472184,2024-09-09
c0214,36.730739,10.973494,24.69260187711387,2024-09-10
c0214,36.730739,10.973494,24.52691208280528,2024-09-11
c0214,36.730739,10.973494,24.685880976530473,2024-09-12
c0214,36.730739,10.973494,22.84332067395523,2024-09-13
c0214,36.730739,10.973494,21.41245464825316,2024-09-14
c0214,36.730739,10.973494,21.62066995396559,2024-09-15
c0214,36.730739,10.973494,22.184305994681846,2024-09-16
c0214,36.730739,10.973494,22.17380569081589,2024-09-17
c0214,36.730739,10.973494,22.107280088838618,2024-09-18
c0214,36.730739,10.973494,22.088540105441012,2024-09-19
c0214,36.730739,10.973494,22.294391139673525,2024-09-20
c0214,36.730739,10.973494,23.005676493241165,2024-09-21
c0214,36.730739,10.973494,24.795682882927924,2024-09-22
c0214,36.730739,10.973494,22.603480352745283,2024-09-23
c0214,36.730739,10.973494,23.601440797232772,2024-09-24
c0214,36.730739,10.973494,25.1426259750446,2024-09-25
c0214,36.730739,10.973494,25.494657290321364,2024-09-26
c0214,36.730739,10.973494,25.97216602039303,2024-09-27
c0214,36.730739,10.973494,24.07948769494038,2024-09-28
c0214,36.730739,10.973494,21.272019272217833,2024-09-29
c0214,36.730739,10.973494,21.305189430613247,2024-09-30
c0214,36.730739,10.973494,22.194446244987702,2024-10-01
c0214,36.730739,10.973494,24.087012414056236,2024-10-02
c0214,36.730739,10.973494,24.327008443925003,2024-10-03
c0214,36.730739,10.973494,21.639634849955385,2024-10-04
c0214,36.730739,10.973494,20.7217943758454,2024-10-05
c0214,36.730739,10.973494,22.20397774887238,2024-10-06
c0214,36.730739,10.973494,24.191063477645883,2024-10-07
c0214,36.730739,10.973494,24.22231171566276,2024-10-08
c0214,36.730739,10.973494,23.260722973544688,2024-10-09
c0214,36.730739,10.973494,24.912109464055533,2024-10-10
c0214,36.730739,10.973494,22.353316057574744,2024-10-11
c0214,36.730739,10.973494,22.115883263267783,2024-10-12
c0214,36.730739,10.973494,23.726352359910987,2024-10-13
c0214,36.730739,10.973494,24.22360432575471,2024-10-14
c0214,36.730739,10.973494,23.97470825675786,2024-10-15
c0214,36.730739,10.973494,23.879547332139374,2024-10-16
c0214,36.730739,10.973494,24.128568537131056,2024-10-17
c0214,36.730739,10.973494,20.417592212296004,2024-10-18
c0214,36.730739,10.973494,18.86185145571297,2024-10-19
c0214,36.730739,10.973494,19.25408900307214,2024-10-20
c0214,36.730739,10.973494,20.235216080611657,2024-10-21
c0214,36.730739,10.973494,19.904783009736835,2024-10-22
c0214,36.730739,10.973494,21.148442840576195,2024-10-23
c0214,36.730739,10.973494,22.38457421411055,2024-10-24
c0214,36.730739,10.973494,22.29449685100949,2024-10-25
c0214,36.730739,10.973494,22.490694836655926,2024-10-26
c0214,36.730739,10.973494,22.26916961149668,2024-10-27
c0214,36.730739,10.973494,22.024863324125203,2024-10-28
c0214,36.730739,10.973494,21.915575490646305,2024-10-29
c0214,36.730739,10.973494,21.84838702343003,2024-10-30
c0214,36.730739,10.973494,21.714962401468497,2024-10-31
c0214,36.730739,10.973494,21.752350144552707,2024-11-01
c0214,36.730739,10.973494,21.193905855554508,2024-11-02
c0214,36.730739,10.973494,19.968241403842157,2024-11-03
c0214,36.730739,10.973494,20.884953243991657,2024-11-04
c0214,36.730739,10.973494,20.890020711250823,2024-11-05
c0214,36.730739,10.973494,20.23562348584215,2024-11-06
c0214,36.730739,10.973494,19.16197782104104,2024-11-07
c0214,36.730739,10.973494,19.549449120684905,2024-11-08
c0214,36.730739,10.973494,19.15544932855455,2024-11-09
c0214,36.730739,10.973494,17.61060380488098,2024-11-10
c0214,36.730739,10.973494,17.072483623855057,2024-11-11
c0214,36.730739,10.973494,16.961547269641414,2024-11-12
c0214,36.730739,10.973494,17.60468514752688,2024-11-13
c0214,36.730739,10.973494,18.50941181481245,2024-11-14
c0214,36.730739,10.973494,17.04531562994919,2024-11-15
c0214,36.730739,10.973494,16.612737509815123,2024-11-16
c0214,36.730739,10.973494,17.82163809306932,2024-11-17
c0214,36.730739,10.973494,18.503765648950132,2024-11-18
c0214,36.730739,10.973494,18.45765486455953,2024-11-19
c0214,36.730739,10.973494,19.291803790267327,2024-11-20
c0214,36.730739,10.973494,18.251099183212293,2024-11-21
c0214,36.730739,10.973494,18.12869007877208,2024-11-22
c0214,36.730739,10.973494,15.706894905099524,2024-11-23
c0214,36.730739,10.973494,16.447632763522538,2024-11-24
c0214,36.730739,10.973494,17.88115031980295,2024-11-25
c0214,36.730739,10.973494,17.301586134597294,2024-11-26
c0214,36.730739,10.973494,17.748156557415957,2024-11-27
c0214,36.730739,10.973494,17.326904081428037,2024-11-28
c0214,36.730739,10.973494,17.166269266715368,2024-11-29
c0214,36.730739,10.973494,15.768242257520306,2024-11-30
c0214,36.730739,10.973494,15.045527814642492,2024-12-01
c0214,36.730739,10.973494,15.494388368700683,2024-12-02
c0214,36.730739,10.973494,15.953240579665568,2024-12-03
c0214,36.730739,10.973494,15.74241331875494,2024-12-04
c0214,36.730739,10.973494,13.502650938711191,2024-12-05
c0214,36.730739,10.973494,15.42116041401521,2024-12-06
c0214,36.730739,10.973494,16.86227309987866,2024-12-07
c0214,36.730739,10.973494,13.594713767580004,2024-12-08
c0214,36.730739,10.973494,12.372809020592154,2024-12-09
c0214,36.730739,10.973494,12.834977650250314,2024-12-10
c0214,36.730739,10.973494,14.255525092757296,2024-12-11
c0214,36.730739,10.973494,16.3956640218283,2024-12-12
c0214,36.730739,10.973494,16.502987189815087,2024-12-13
c0214,36.730739,10.973494,15.230934124245431,2024-12-14
c0214,36.730739,10.973494,13.113930754923617,2024-12-15
c0214,36.730739,10.973494,13.94051144902508,2024-12-16
c0214,36.730739,10.973494,14.120092070174447,2024-12-17
c0214,36.730739,10.973494,13.427078612320322,2024-12-18
c0214,36.730739,10.973494,14.597686028815286,2024-12-19
c0214,36.730739,10.973494,14.392016232487132,2024-12-20
c0214,36.730739,10.973494,13.293265781792789,2024-12-21
c0214,36.730739,10.973494,13.088554144689857,2024-12-22
c0214,36.730739,10.973494,12.263636508640236,2024-12-23
c0214,36.730739,10.973494,11.206674452168484,2024-12-24
c0214,36.730739,10.973494,11.583281492469691,2024-12-25
c0214,36.730739,10.973494,12.812694285913404,2024-12-26
c0214,36.730739,10.973494,12.780446330964534,2024-12-27
c0214,36.730739,10.973494,13.01538426429454,2024-12-28
c0214,36.730739,10.973494,13.177961370450587,2024-12-29
c0214,36.730739,10.973494,12.433982297803244,2024-12-30
c0214,36.730739,10.973494,13.051684430761613,2024-12-31
c0214,36.730739,10.973494,13.98952303831711,2025-01-01
c0214,36.730739,10.973494,14.021504860368106,2025-01-02
c0214,36.730739,10.973494,13.371866657243334,2025-01-03
c0214,36.730739,10.973494,14.048458304713169,2025-01-04
c0214,36.730739,10.973494,14.476356520425194,2025-01-05
c0214,36.730739,10.973494,14.926347408455364,2025-01-06
c0214,36.730739,10.973494,14.381703210670825,2025-01-07
c0214,36.730739,10.973494,13.40099573758919,2025-01-08
c0214,36.730739,10.973494,14.73762054565776,2025-01-09
c0214,36.730739,10.973494,15.147333674119112,2025-01-10
c0214,36.730739,10.973494,15.276946013412758,2025-01-11
c0214,36.730739,10.973494,12.392821557465426,2025-01-12
c0214,36.730739,10.973494,10.20605056248561,2025-01-13
c0214,36.730739,10.973494,11.062100453994592,2025-01-14
c0214,36.730739,10.973494,10.9069788790878,2025-01-15
c0214,36.730739,10.973494,10.81838975134406,2025-01-16
c0214,36.730739,10.973494,11.620556014941222,2025-01-17
c0214,36.730739,10.973494,11.38050850578646,2025-01-18
c0214,36.730739,10.973494,12.348855685690484,2025-01-19
c0214,36.730739,10.973494,12.121649040470096,2025-01-20
c0214,36.730739,10.973494,12.880474094707646,2025-01-21
c0214,36.730739,10.973494,14.271330479890832,2025-01-22
c0214,36.730739,10.973494,14.935890937893936,2025-01-23
c0214,36.730739,10.973494,14.186044336771175,2025-01-24
c0214,36.730739,10.973494,13.816606739195686,2025-01-25
c0214,36.730739,10.973494,15.486989397644978,2025-01-26
c0214,36.730739,10.973494,14.866275038644623,2025-01-27
c0214,36.730739,10.973494,15.648804416648863,2025-01-28
c0214,36.730739,10.973494,12.393088043066006,2025-01-29
c0214,36.730739,10.973494,13.155602500202496,2025-01-30
c0214,36.730739,10.973494,13.97147228028276,2025-01-31
c0214,36.730739,10.973494,13.510057508558162,2025-02-01
c0214,36.730739,10.973494,12.310867950249747,2025-02-02
c0214,36.730739,10.973494,11.500382086688452,2025-02-03
c0214,36.730739,10.973494,12.581922279722132,2025-02-04
c0214,36.730739,10.973494,12.525498054250418,2025-02-05
c0214,36.730739,10.973494,11.3435330736365,2025-02-06
c0214,36.730739,10.973494,11.049521384945022,2025-02-07
c0214,36.730739,10.973494,12.460416306772276,2025-02-08
c0214,36.730739,10.973494,12.011589899839674,2025-02-09
c0214,36.730739,10.973494,12.99764695946016,2025-02-10
c0214,36.730739,10.973494,13.757030584531964,2025-02-11
c0214,36.730739,10.973494,13.867847457469574,2025-02-12
c0214,36.730739,10.973494,13.590977057385464,2025-02-13
c0214,36.730739,10.973494,13.025041460388422,2025-02-14
c0214,36.730739,10.973494,12.936917643847364,2025-02-15
c0214,36.730739,10.973494,12.94460273402983,2025-02-16
c0214,36.730739,10.973494,12.898162399885711,2025-02-17
c0214,36.730739,10.973494,13.166205038873288,2025-02-18
c0214,36.730739,10.973494,12.88086969090238,2025-02-19
c0214,36.730739,10.973494,13.948919121366982,2025-02-20
c0214,36.730739,10.973494,13.979222599799224,2025-02-21
c0214,36.730739,10.973494,13.968618673270276,2025-02-22
c0214,36.730739,10.973494,14.105236029290255,2025-02-23
c0214,36.730739,10.973494,13.737777568726868,2025-02-24
c0214,36.730739,10.973494,13.694033320457958,2025-02-25
c0214,36.730739,10.973494,12.817326368904984,2025-02-26
c0214,36.730739,10.973494,12.866687900437638,2025-02-27
c0214,36.730739,10.973494,13.611718673491865,2025-02-28
c0214,36.730739,10.973494,15.3452850395353,2025-03-01
c0214,36.730739,10.973494,15.291650342424871,2025-03-02
c0214,36.730739,10.973494,15.02387972210866,2025-03-03
c0214,36.730739,10.973494,14.002539229134827,2025-03-04
c0214,36.730739,10.973494,14.347597285460855,2025-03-05
c0214,36.730739,10.973494,14.43181998416981,2025-03-06
c0214,36.730739,10.973494,14.724569884084868,2025-03-07
c0214,36.730739,10.973494,14.47791154205777,2025-03-08
c0214,36.730739,10.973494,15.914187587335611,2025-03-09
c0214,36.730739,10.973494,16.48558211328513,2025-03-10
c0214,36.730739,10.973494,15.859135411917071,2025-03-11
c0214,36.730739,10.973494,15.243580306260116,2025-03-12
c0214,36.730739,10.973494,16.201612712310798,2025-03-13
c0214,36.730739,10.973494,19.490035702720345,2025-03-14
c0214,36.730739,10.973494,15.8336787817902,2025-03-15
c0214,36.730739,10.973494,14.27183452564888,2025-03-16
c0214,36.730739,10.973494,14.891935372534345,2025-03-17
c0214,36.730739,10.973494,15.109539169238102,2025-03-18
c0214,36.730739,10.973494,14.82913268556378,2025-03-19
c0214,36.730739,10.973494,14.87684490679741,2025-03-20
c0214,36.730739,10.973494,15.743321314634604,2025-03-21
c0214,36.730739,10.973494,17.16124163496417,2025-03-22
c0214,36.730739,10.973494,16.05570327630259,2025-03-23
c0214,36.730739,10.973494,15.760610434619776,2025-03-24
c0214,36.730739,10.973494,15.0008150295804,2025-03-25
c0214,36.730739,10.973494,13.945951618174712,2025-03-26
c0214,36.730739,10.973494,13.526437830092986,2025-03-27
c0214,36.730739,10.973494,14.522917644900131,2025-03-28
c0214,36.730739,10.973494,14.118550484906356,2025-03-29
c0214,36.730739,10.973494,13.12306468870284,2025-03-30
c0214,36.730739,10.973494,14.52396837212313,2025-03-31
c0214,36.730739,10.973494,13.73034139327913,2025-04-01
c0214,36.730739,10.973494,14.27961369486544,2025-04-02
c0214,36.730739,10.973494,15.052140832588089,2025-04-03
c0214,36.730739,10.973494,15.51184618078083,2025-04-04
c0214,36.730739,10.973494,16.33586277324801,2025-04-05
c0214,36.730739,10.973494,15.879250553894694,2025-04-06
c0214,36.730739,10.973494,15.18423726050863,2025-04-07
c0214,36.730739,10.973494,14.80511628956956,2025-04-08
c0214,36.730739,10.973494,15.154581001395009,2025-04-09
c0214,36.730739,10.973494,16.346946597261894,2025-04-10
c0214,36.730739,10.973494,15.86175422071697,2025-04-11
c0214,36.730739,10.973494,17.160865666939976,2025-04-12
c0214,36.730739,10.973494,17.826215909582235,2025-04-13
c0214,36.730739,10.973494,19.374558988862685,2025-04-14
c0214,36.730739,10.973494,17.196134419140957,2025-04-15
c0214,36.730739,10.973494,16.052625909676042,2025-04-16
c0214,36.730739,10.973494,15.23455826185146,2025-04-17
c0214,36.730739,10.973494,16.66861439432147,2025-04-18
c0214,36.730739,10.973494,17.815976930075852,2025-04-19
c0214,36.730739,10.973494,17.39694140373445,2025-04-20
c0214,36.730739,10.973494,15.058399455517709,2025-04-21
c0214,36.730739,10.973494,16.22730620484063,2025-04-22
c0214,36.730739,10.973494,16.28756652844273,2025-04-23
c0214,36.730739,10.973494,16.913869926186415,2025-04-24
c0214,36.730739,10.973494,17.193997285110754,2025-04-25
c0214,36.730739,10.973494,16.809714117558975,2025-04-26
c0214,36.730739,10.973494,16.98126968142027,2025-04-27
c0214,36.730739,10.973494,15.599897760604708,2025-04-28
c0214,36.730739,10.973494,16.62687591555796,2025-04-29
c0214,36.730739,10.973494,17.67040853152258,2025-04-30
c0214,36.730739,10.973494,18.338316673281888,2025-05-01
c0214,36.730739,10.973494,19.158632844908887,2025-05-02
c0214,36.730739,10.973494,19.438862815823285,2025-05-03
c0214,36.730739,10.973494,19.55778840237529,2025-05-04
c0214,36.730739,10.973494,19.587063984387008,2025-05-05
c0214,36.730739,10.973494,19.04624826757965,2025-05-06
c0214,36.730739,10.973494,19.13731824382934,2025-05-07
c0214,36.730739,10.973494,18.47766381932035,2025-05-08
c0214,36.730739,10.973494,18.872682290167145,2025-05-09
c0214,36.730739,10.973494,19.272522064772104,2025-05-10
c0214,36.730739,10.973494,19.62362251817297,2025-05-11
c0214,36.730739,10.973494,19.284562312805978,2025-05-12
c0214,36.730739,10.973494,19.295840211264647,2025-05-13
c0214,36.730739,10.973494,18.079869626776286,2025-05-14
c0214,36.730739,10.973494,18.00255694001065,2025-05-15
c0214,36.730739,10.973494,18.680654817559027,2025-05-16
c0214,36.730739,10.973494,19.0710464194459,2025-05-17
c0214,36.730739,10.973494,20.51331468009109,2025-05-18
c0214,36.730739,10.973494,23.0185663338794,2025-05-19
c0214,36.730739,10.973494,22.306805895955737,2025-05-20
c0214,36.730739,10.973494,20.162172101292818,2025-05-21
c0214,36.730739,10.973494,20.31585577862648,2025-05-22
c0214,36.730739,10.973494,19.22601258407575,2025-05-23
c0214,36.730739,10.973494,18.806730511692543,2025-05-24
c0214,36.730739,10.973494,19.41468703648295,2025-05-25
c0214,36.730739,10.973494,20.200906218288903,2025-05-26
c0214,36.730739,10.973494,20.82227446812013,2025-05-27
c0214,36.730739,10.973494,20.18283464391217,2025-05-28
c0214,36.730739,10.973494,21.489320124883616,2025-05-29
c0214,36.730739,10.973494,21.182580565641185,2025-05-30
c0214,36.730739,10.973494,21.618809509430385,2025-05-31
c0214,36.730739,10.973494,21.595527944553385,2025-06-01
c0214,36.730739,10.973494,21.297197131062457,2025-06-02
c0214,36.730739,10.973494,21.44843742747027,2025-06-03
c0214,36.730739,10.973494,22.257849081156525,2025-06-04
c0214,36.730739,10.973494,22.977610409733213,2025-06-05
c0214,36.730739,10.973494,23.628780068444595,2025-06-06
c0214,36.730739,10.973494,25.436043380419044,2025-06-07
c0214,36.730739,10.973494,25.503911831576925,2025-06-08
c0214,36.730739,10.973494,24.700758526155973,2025-06-09
c0214,36.730739,10.973494,23.80084324181441,2025-06-10
c0214,36.730739,10.973494,22.868882713210773,2025-06-11
c0214,36.730739,10.973494,22.680250253841884,2025-06-12
c0214,36.730739,10.973494,25.029018917305624,2025-06-13
c0214,36.730739,10.973494,25.92815171894758,2025-06-14
c0214,36.730739,10.973494,26.227093644492207,2025-06-15
c0214,36.730739,10.973494,27.249494656204387,2025-06-16
c0214,36.730739,10.973494,26.154798149173168,2025-06-17
c0214,36.730739,10.973494,24.498407787287817,2025-06-18
c0214,36.730739,10.973494,23.448072538593912,2025-06-19
c0214,36.730739,10.973494,23.91473254583661,2025-06-20
c0214,36.730739,10.973494,25.48029099581859,2025-06-21
c0214,36.730739,10.973494,25.27188654431751,2025-06-22
c0214,36.730739,10.973494,26.06549041769472,2025-06-23
c0214,36.730739,10.973494,26.569052694621373,2025-06-24
c0214,36.730739,10.973494,27.495506552410507,2025-06-25
c0214,36.730739,10.973494,27.519737849137982,2025-06-26
c0214,36.730739,10.973494,26.59444987560633,2025-06-27
c0214,36.730739,10.973494,26.319685185352505,2025-06-28
c0214,36.730739,10.973494,26.54719101729472,2025-06-29
c0214,36.730739,10.973494,26.69218212576025,2025-06-30
c0214,36.730739,10.973494,26.630789530999326,2025-07-01
c0214,36.730739,10.973494,27.067920186287264,2025-07-02
c0214,36.730739,10.973494,27.738374620109436,2025-07-03
c0214,36.730739,10.973494,27.544130630125967,2025-07-04
c0214,36.730739,10.973494,27.510926094315337,2025-07-05
c0214,36.730739,10.973494,27.66344369076558,2025-07-06
c0214,36.730739,10.973494,29.125955486335897,2025-07-07
c0214,36.730739,10.973494,28.333411635924133,2025-07-08
c0214,36.730739,10.973494,26.335482655420783,2025-07-09
c0214,36.730739,10.973494,25.39090392843005,2025-07-10
c0214,36.730739,10.973494,25.396036424571832,2025-07-11
c0214,36.730739,10.973494,25.888330556301053,2025-07-12
c0214,36.730739,10.973494,27.717999657922817,2025-07-13
c0214,36.730739,10.973494,27.979743962416062,2025-07-14
c0214,36.730739,10.973494,27.535488786173328,2025-07-15
c0214,36.730739,10.973494,27.52319545370964,2025-07-16
c0214,36.730739,10.973494,27.40593940086077,2025-07-17
c0214,36.730739,10.973494,26.9312753523587,2025-07-18
c0214,36.730739,10.973494,26.37358542318765,2025-07-19
c0214,36.730739,10.973494,28.80972513320504,2025-07-20
c0214,36.730739,10.973494,30.677072819886934,2025-07-21
c0214,36.730739,10.973494,28.213273912101624,2025-07-22
c0214,36.730739,10.973494,28.598187607184904,2025-07-23
c0214,36.730739,10.973494,30.573104546551175,2025-07-24
c0214,36.730739,10.973494,30.58631484777252,2025-07-25
c0214,36.730739,10.973494,26.490198507511735,2025-07-26
c0214,36.730739,10.973494,26.1580889514016,2025-07-27
c0214,36.730739,10.973494,26.079192363465125,2025-07-28
c0214,36.730739,10.973494,24.96972045515897,2025-07-29
c0214,36.730739,10.973494,24.89559978174487,2025-07-30
c0214,36.730739,10.973494,24.853689502359565,2025-07-31
c0214,36.730739,10.973494,25.44516069891941,2025-08-01
c0214,36.730739,10.973494,26.146279532336575,2025-08-02
c0214,36.730739,10.973494,26.444113016721516,2025-08-03
c0214,36.730739,10.973494,24.91252083164405,2025-08-04
c0214,36.730739,10.973494,24.84520734778572,2025-08-05
c0214,36.730739,10.973494,25.525303751811265,2025-08-06
c0214,36.730739,10.973494,26.193137005845408,2025-08-07
c0214,36.730739,10.973494,26.258392371014367,2025-08-08
c0214,36.730739,10.973494,26.578645715663782,2025-08-09
c0214,36.730739,10.973494,27.18873053702592,2025-08-10
c0214,36.730739,10.973494,26.87990663974487,2025-08-11
c0214,36.730739,10.973494,26.46204476859548,2025-08-12
c0214,36.730739,10.973494,26.629176336381057,2025-08-13
c0214,36.730739,10.973494,26.584054726096863,2025-08-14
c0214,36.730739,10.973494,27.08759271168012,2025-08-15
c0214,36.730739,10.973494,26.74419805233708,2025-08-16
c0214,36.730739,10.973494,27.208973792696213,2025-08-17
c0214,36.730739,10.973494,27.057171302027296,2025-08-18
c0214,36.730739,10.973494,27.310561600833175,2025-08-19
c0214,36.730739,10.973494,28.66625719066613,2025-08-20
c0214,36.730739,10.973494,27.346250981171373,2025-08-21
c0214,36.730739,10.973494,26.730914529738477,2025-08-22
c0214,36.730739,10.973494,26.261956981440157,2025-08-23
c0214,36.730739,10.973494,26.574630191342433,2025-08-24
c0214,36.730739,10.973494,26.7243478742126,2025-08-25
c0214,36.730739,10.973494,26.971374162382467,2025-08-26
c0214,36.730739,10.973494,28.00527079337772,2025-08-27
c0214,36.730739,10.973494,28.258412164442547,2025-08-28
c0214,36.730739,10.973494,27.13357426459373,2025-08-29
c0214,36.730739,10.973494,26.236514529807,2025-08-30
c0214,36.730739,10.973494,26.269713253292085,2025-08-31
c0214,36.730739,10.973494,28.26351286225948,2025-09-01
c0214,36.730739,10.973494,26.31024882320033,2025-09-02
c0214,36.730739,10.973494,25.348486230041555,2025-09-03
c0214,36.730739,10.973494,24.650234561649363,2025-09-04
c0214,36.730739,10.973494,25.490959909150664,2025-09-05
c0214,36.730739,10.973494,25.91832325855415,2025-09-06
c0214,36.730739,10.973494,27.176670784764752,2025-09-07
c0214,36.730739,10.973494,27.840781270687824,2025-09-08
c0214,36.730739,10.973494,29.171952609426796,2025-09-09
c0214,36.730739,10.973494,26.07571689041086,2025-09-10
c0214,36.730739,10.973494,25.37252435741588,2025-09-11
c0214,36.730739,10.973494,25.391968200659136,2025-09-12
c0214,36.730739,10.973494,25.05609495910452,2025-09-13
c0214,36.730739,10.973494,25.291441846955433,2025-09-14
c0214,36.730739,10.973494,25.75337028227992,2025-09-15
c0214,36.730739,10.973494,26.1317541031392,2025-09-16
c0214,36.730739,10.973494,25.731282358058632,2025-09-17
c0214,36.730739,10.973494,25.475439809500088,2025-09-18
c0214,36.730739,10.973494,25.493147064221233,2025-09-19
c0214,36.730739,10.973494,25.363633624741357,2025-09-20
c0214,36.730739,10.973494,25.14393983451518,2025-09-21
c0214,36.730739,10.973494,25.63520903145509,2025-09-22
c0214,36.730739,10.973494,24.738100423250568,2025-09-23
c0214,36.730739,10.973494,23.913516578567233,2025-09-24
c0214,36.730739,10.973494,23.439865700193486,2025-09-25
c0214,36.730739,10.973494,22.607577472262935,2025-09-26
c0214,36.730739,10.973494,21.459705880995624,2025-09-27
c0214,36.730739,10.973494,22.446470609038336,2025-09-28
c0214,36.730739,10.973494,22.546627503267704,2025-09-29
c0214,36.730739,10.973494,23.993016288809365,2025-09-30
c0214,36.730739,10.973494,22.65771143714735,2025-10-01
c0214,36.730739,10.973494,20.43752302161385,2025-10-02
c0214,36.730739,10.973494,19.574096785574824,2025-10-03
c0214,36.730739,10.973494,20.934160605444777,2025-10-04
c0214,36.730739,10.973494,22.615770700625344,2025-10-05
c0214,36.730739,10.973494,20.15958299219872,2025-10-06
c0214,36.730739,10.973494,20.378337503885422,2025-10-07
c0214,36.730739,10.973494,20.477276547214316,2025-10-08
c0214,36.730739,10.973494,21.748797917739036,2025-10-09
c0214,36.730739,10.973494,22.68165937898824,2025-10-10
c0214,36.730739,10.973494,22.400963600333153,2025-10-11
c0214,36.730739,10.973494,21.607101752889083,2025-10-12
c0214,36.730739,10.973494,22.77166239604193,2025-10-13
c0214,36.730739,10.973494,23.02585422578607,2025-10-14
c0214,36.730739,10.973494,22.61432468171014,2025-10-15
c0214,36.730739,10.973494,20.269278138333235,2025-10-16
c0214,36.730739,10.973494,20.095071991829823,2025-10-17
c0214,36.730739,10.973494,19.988383755184724,2025-10-18
c0214,36.730739,10.973494,19.96970929797284,2025-10-19
c0214,36.730739,10.973494,20.614516800606193,2025-10-20
c0214,36.730739,10.973494,22.192914578238508,2025-10-21
c0214,36.730739,10.973494,21.934181233577092,2025-10-22
c0214,36.730739,10.973494,23.05527023930557,2025-10-23
c0214,36.730739,10.973494,21.205673459845304,2025-10-24
c0214,36.730739,10.973494,22.37350531148472,2025-10-25
c0214,36.730739,10.973494,23.05349038005884,2025-10-26
c0214,36.730739,10.973494,19.652116774288604,2025-10-27
c0214,36.730739,10.973494,19.85007707662389,2025-10-28
c0214,36.730739,10.973494,20.265003429585757,2025-10-29
c0214,36.730739,10.973494,21.41020508240949,2025-10-30
c0214,36.730739,10.973494,20.479032302562675,2025-10-31
c0214,36.730739,10.973494,20.36805206173358,2025-11-01
c0214,36.730739,10.973494,19.924960966450737,2025-11-02
c0214,36.730739,10.973494,19.66492308942948,2025-11-03
c0214,36.730739,10.973494,18.733018652024263,2025-11-04
c0214,36.730739,10.973494,18.206782937690647,2025-11-05
c0214,36.730739,10.973494,18.923602862306456,2025-11-06
c0214,36.730739,10.973494,18.25968370035958,2025-11-07
c0214,36.730739,10.973494,18.52044986551946,2025-11-08
c0214,36.730739,10.973494,16.917771324803464,2025-11-09
c0214,36.730739,10.973494,17.921171617871373,2025-11-10
c0214,36.730739,10.973494,17.35954339554929,2025-11-11
c0214,36.730739,10.973494,17.824845220609426,2025-11-12
c0214,36.730739,10.973494,19.863036519037987,2025-11-13
c0214,36.730739,10.973494,20.398317686219436,2025-11-14
c0214,36.730739,10.973494,20.194636055632323,2025-11-15
c0214,36.730739,10.973494,20.684770056506142,2025-11-16
c0214,36.730739,10.973494,19.30862785458709,2025-11-17
c0214,36.730739,10.973494,18.214154687905214,2025-11-18
c0214,36.730739,10.973494,17.13421966148773,2025-11-19
c0214,36.730739,10.973494,16.687428151485314,2025-11-20
c0214,36.730739,10.973494,14.170331622451574,2025-11-21
c0214,36.730739,10.973494,11.091223519268286,2025-11-22
c0214,36.730739,10.973494,13.391188933597856,2025-11-23
c0214,36.730739,10.973494,15.34945358401844,2025-11-24
c0214,36.730739,10.973494,16.482368565944647,2025-11-25
c0214,36.730739,10.973494,12.859667640989024,2025-11-26
c0214,36.730739,10.973494,11.401997084910288,2025-11-27
c0214,36.730739,10.973494,11.92672618585949,2025-11-28
c0214,36.730739,10.973494,14.186756535242075,2025-11-29
c0214,36.730739,10.973494,14.5764703099526,2025-11-30
c0214,36.730739,10.973494,14.139760035680508,2025-12-01
c0214,36.730739,10.973494,13.593615613708652,2025-12-02
c0214,36.730739,10.973494,14.50852630162308,2025-12-03
c0214,36.730739,10.973494,13.538537065924494,2025-12-04
c0214,36.730739,10.973494,12.570304649802932,2025-12-05
c0214,36.730739,10.973494,15.135131394791436,2025-12-06
c0214,36.730739,10.973494,16.495141565603674,2025-12-07
c0214,36.730739,10.973494,16.7627244639483,2025-12-08
c0214,36.730739,10.973494,15.751176970597056,2025-12-09
c0214,36.730739,10.973494,15.70628613802118,2025-12-10
c0214,36.730739,10.973494,14.998512771796223,2025-12-11
c0214,36.730739,10.973494,15.276415212748308,2025-12-12
c0214,36.730739,10.973494,15.43339546561673,2025-12-13
c0214,36.730739,10.973494,15.649035327481435,2025-12-14
c0214,36.730739,10.973494,17.16408141848082,2025-12-15
c0214,36.730739,10.973494,15.89741397097178,2025-12-16
c0214,36.730739,10.973494,16.18450956761577,2025-12-17
c0214,36.730739,10.973494,17.413520574588855,2025-12-18
c0214,36.730739,10.973494,15.073527135592702,2025-12-19
c0214,36.730739,10.973494,14.525691860151571,2025-12-20
c0214,36.730739,10.973494,14.299328924822545,2025-12-21
c0214,36.730739,10.973494,14.867270646322924,2025-12-22
c0214,36.730739,10.973494,11.9058928379896,2025-12-23
c0214,36.730739,10.973494,12.152247604786346,2025-12-24
c0214,36.730739,10.973494,13.56743310774567,2025-12-25
c0214,36.730739,10.973494,14.754479460978324,2025-12-26
c0214,36.730739,10.973494,13.47688739453751,2025-12-27
c0214,36.730739,10.973494,13.447316233929126,2025-12-28
c0214,36.730739,10.973494,13.10980425932969,2025-12-29
c0214,36.730739,10.973494,12.587938191199312,2025-12-30
