cell_id,lat_center,lon_center,mean,date
c0798,39.883892,18.167692,146.80410669753925,2019-01-01
c0798,39.883892,18.167692,143.56239644841668,2019-01-02
c0798,39.883892,18.167692,157.93527820310194,2019-01-03
c0798,39.883892,18.167692,162.27843444696214,2019-01-04
c0798,39.883892,18.167692,153.96260029528096,2019-01-05
c0798,39.883892,18.167692,133.1941117597917,2019-01-06
c0798,39.883892,18.167692,173.03380909984637,2019-01-07
c0798,39.883892,18.167692,146.80480277202034,2019-01-08
c0798,39.883892,18.167692,141.4835931709325,2019-01-09
c0798,39.883892,18.167692,167.81271701536275,2019-01-10
c0798,39.883892,18.167692,,2019-01-11
c0798,39.883892,18.167692,186.82456529749817,2019-01-12
c0798,39.883892,18.167692,158.65734934405367,2019-01-13
c0798,39.883892,18.167692,149.23496727864278,2019-01-14
c0798,39.883892,18.167692,156.91223853106845,2019-01-15
c0798,39.883892,18.167692,135.24182704796502,2019-01-16
c0798,39.883892,18.167692,133.98026551973666,2019-01-17
c0798,39.883892,18.167692,145.2934565202462,2019-01-18
c0798,39.883892,18.167692,144.037434788906,2019-01-19
c0798,39.883892,18.167692,145.42229979407313,2019-01-20
c0798,39.883892,18.167692,142.0254452837108,2019-01-21
c0798,39.883892,18.167692,143.21181864003344,2019-01-22
c0798,39.883892,18.167692,161.03134967795657,2019-01-23
c0798,39.883892,18.167692,184.20937375884924,2019-01-24
c0798,39.883892,18.167692,192.45036965166167,2019-01-25
c0798,39.883892,18.167692,188.63184021370677,2019-01-26
c0798,39.883892,18.167692,143.7176688293395,2019-01-27
c0798,39.883892,18.167692,140.35887388332597,2019-01-28
c0798,39.883892,18.167692,151.64716341897488,2019-01-29
c0798,39.883892,18.167692,148.49792187301745,2019-01-30
c0798,39.883892,18.167692,163.19184991670053,2019-01-31
c0798,39.883892,18.167692,140.16831548772527,2019-02-01
c0798,39.883892,18.167692,130.97610722926925,2019-02-02
c0798,39.883892,18.167692,127.398621812572,2019-02-03
c0798,39.883892,18.167692,136.9010303183465,2019-02-04
c0798,39.883892,18.167692,141.3601821211967,2019-02-05
c0798,39.883892,18.167692,147.6888908236662,2019-02-06
c0798,39.883892,18.167692,146.7096578055508,2019-02-07
c0798,39.883892,18.167692,150.2760077457825,2019-02-08
c0798,39.883892,18.167692,172.3185264808823,2019-02-09
c0798,39.883892,18.167692,130.7064060303066,2019-02-10
c0798,39.883892,18.167692,136.74031695175952,2019-02-11
c0798,39.883892,18.167692,193.7221699565451,2019-02-12
c0798,39.883892,18.167692,194.03655771878863,2019-02-13
c0798,39.883892,18.167692,139.98519714683206,2019-02-14
c0798,39.883892,18.167692,173.17630297388456,2019-02-15
c0798,39.883892,18.167692,170.19506266755224,2019-02-16
c0798,39.883892,18.167692,172.07963968466507,2019-02-17
c0798,39.883892,18.167692,141.60812590697554,2019-02-18
c0798,39.883892,18.167692,154.83336442736822,2019-02-19
c0798,39.883892,18.167692,154.8156885343075,2019-02-20
c0798,39.883892,18.167692,167.02785279323857,2019-02-21
c0798,39.883892,18.167692,164.0992116280059,2019-02-22
c0798,39.883892,18.167692,217.25902814418143,2019-02-23
c0798,39.883892,18.167692,209.88169431507777,2019-02-24
c0798,39.883892,18.167692,190.51723854648097,2019-02-25
c0798,39.883892,18.167692,150.74722920102968,2019-02-26
c0798,39.883892,18.167692,183.39306247427373,2019-02-27
c0798,39.883892,18.167692,145.98486191575032,2019-02-28
c0798,39.883892,18.167692,140.9911694472656,2019-03-01
c0798,39.883892,18.167692,156.56482888610495,2019-03-02
c0798,39.883892,18.167692,152.84102896762468,2019-03-03
c0798,39.883892,18.167692,147.22583367020573,2019-03-04
c0798,39.883892,18.167692,139.52812421130815,2019-03-05
c0798,39.883892,18.167692,140.71644931661757,2019-03-06
c0798,39.883892,18.167692,131.7546604385011,2019-03-07
c0798,39.883892,18.167692,143.38113104804063,2019-03-08
c0798,39.883892,18.167692,156.0099743087141,2019-03-09
c0798,39.883892,18.167692,132.0270342857791,2019-03-10
c0798,39.883892,18.167692,136.44396712269224,2019-03-11
c0798,39.883892,18.167692,186.4398572290567,2019-03-12
c0798,39.883892,18.167692,123.41961289814044,2019-03-13
c0798,39.883892,18.167692,178.54224129925424,2019-03-14
c0798,39.883892,18.167692,172.8765775962205,2019-03-15
c0798,39.883892,18.167692,150.47192875169213,2019-03-16
c0798,39.883892,18.167692,145.0958795780164,2019-03-17
c0798,39.883892,18.167692,141.5680808693977,2019-03-18
c0798,39.883892,18.167692,155.84052289149454,2019-03-19
c0798,39.883892,18.167692,165.32126871277686,2019-03-20
c0798,39.883892,18.167692,152.0094857791566,2019-03-21
c0798,39.883892,18.167692,141.05260443944627,2019-03-22
c0798,39.883892,18.167692,149.61942351270778,2019-03-23
c0798,39.883892,18.167692,141.8181244649622,2019-03-24
c0798,39.883892,18.167692,138.9366407898279,2019-03-25
c0798,39.883892,18.167692,168.83186279115884,2019-03-26
c0798,39.883892,18.167692,181.20384369388304,2019-03-27
c0798,39.883892,18.167692,186.98825386438153,2019-03-28
c0798,39.883892,18.167692,161.62454260934547,2019-03-29
c0798,39.883892,18.167692,166.5433301662909,2019-03-30
c0798,39.883892,18.167692,167.5027813766766,2019-03-31
c0798,39.883892,18.167692,154.58212683227003,2019-04-01
c0798,39.883892,18.167692,159.08194854597875,2019-04-02
c0798,39.883892,18.167692,177.2036278163131,2019-04-03
c0798,39.883892,18.167692,166.2706159657855,2019-04-04
c0798,39.883892,18.167692,157.0675320580224,2019-04-05
c0798,39.883892,18.167692,151.83872144463456,2019-04-06
c0798,39.883892,18.167692,159.84562801635695,2019-04-07
c0798,39.883892,18.167692,181.84492647539244,2019-04-08
c0798,39.883892,18.167692,173.3238620176694,2019-04-09
c0798,39.883892,18.167692,157.8772412989976,2019-04-10
c0798,39.883892,18.167692,171.07519488142682,2019-04-11
c0798,39.883892,18.167692,175.81063792944596,2019-04-12
c0798,39.883892,18.167692,177.5539389937218,2019-04-13
c0798,39.883892,18.167692,171.95378397840065,2019-04-14
c0798,39.883892,18.167692,159.04385593294833,2019-04-16
c0798,39.883892,18.167692,160.4600912521595,2019-04-17
c0798,39.883892,18.167692,167.87000575356274,2019-04-18
c0798,39.883892,18.167692,161.9946549727031,2019-04-19
c0798,39.883892,18.167692,152.5620355731449,2019-04-20
c0798,39.883892,18.167692,158.96805064956774,2019-04-21
c0798,39.883892,18.167692,139.01782508758163,2019-04-22
c0798,39.883892,18.167692,147.3820953222294,2019-04-23
c0798,39.883892,18.167692,147.06912806324294,2019-04-24
c0798,39.883892,18.167692,160.85974638661165,2019-04-25
c0798,39.883892,18.167692,147.9219349939158,2019-04-26
c0798,39.883892,18.167692,166.29946603736673,2019-04-27
c0798,39.883892,18.167692,156.76529543314277,2019-04-28
c0798,39.883892,18.167692,164.7962960720415,2019-04-29
c0798,39.883892,18.167692,164.8659706544327,2019-04-30
c0798,39.883892,18.167692,166.95055734623617,2019-05-01
c0798,39.883892,18.167692,168.04737945678278,2019-05-02
c0798,39.883892,18.167692,152.60283881809923,2019-05-03
c0798,39.883892,18.167692,159.13535438791558,2019-05-04
c0798,39.883892,18.167692,163.11485413732268,2019-05-05
c0798,39.883892,18.167692,179.55225387309545,2019-05-06
c0798,39.883892,18.167692,168.0219067150942,2019-05-07
c0798,39.883892,18.167692,159.87500205333885,2019-05-08
c0798,39.883892,18.167692,156.09415580571778,2019-05-09
c0798,39.883892,18.167692,154.80274161453625,2019-05-10
c0798,39.883892,18.167692,148.44168527147173,2019-05-11
c0798,39.883892,18.167692,166.21080634680482,2019-05-12
c0798,39.883892,18.167692,176.7407307593978,2019-05-13
c0798,39.883892,18.167692,174.61387031151204,2019-05-14
c0798,39.883892,18.167692,165.34419606365222,2019-05-15
c0798,39.883892,18.167692,173.76446231057392,2019-05-16
c0798,39.883892,18.167692,157.8384642630384,2019-05-17
c0798,39.883892,18.167692,154.2231553185346,2019-05-18
c0798,39.883892,18.167692,156.77991887453518,2019-05-19
c0798,39.883892,18.167692,160.9015774327866,2019-05-20
c0798,39.883892,18.167692,160.30339163096812,2019-05-21
c0798,39.883892,18.167692,155.1628360765523,2019-05-22
c0798,39.883892,18.167692,160.90128902955664,2019-05-23
c0798,39.883892,18.167692,155.23381992503653,2019-05-24
c0798,39.883892,18.167692,154.71678882084493,2019-05-25
c0798,39.883892,18.167692,156.48847641224597,2019-05-26
c0798,39.883892,18.167692,157.8804285372803,2019-05-27
c0798,39.883892,18.167692,162.88042024563876,2019-05-28
c0798,39.883892,18.167692,158.27266084470918,2019-05-29
c0798,39.883892,18.167692,152.82181040058566,2019-05-30
c0798,39.883892,18.167692,167.3676963594525,2019-05-31
c0798,39.883892,18.167692,172.51943637712125,2019-06-01
c0798,39.883892,18.167692,168.26953564540082,2019-06-02
c0798,39.883892,18.167692,157.37064909921048,2019-06-03
c0798,39.883892,18.167692,160.03137945306713,2019-06-04
c0798,39.883892,18.167692,157.49843617761096,2019-06-05
c0798,39.883892,18.167692,148.83040739821482,2019-06-06
c0798,39.883892,18.167692,150.9673521294716,2019-06-07
c0798,39.883892,18.167692,145.50397477772734,2019-06-08
c0798,39.883892,18.167692,142.85481628760166,2019-06-09
c0798,39.883892,18.167692,145.1867160984262,2019-06-10
c0798,39.883892,18.167692,143.1981569304241,2019-06-11
c0798,39.883892,18.167692,148.4557058475182,2019-06-12
c0798,39.883892,18.167692,142.23578119917065,2019-06-13
c0798,39.883892,18.167692,142.13576476329536,2019-06-14
c0798,39.883892,18.167692,137.90678841383934,2019-06-15
c0798,39.883892,18.167692,155.56610302576414,2019-06-16
c0798,39.883892,18.167692,152.5484381414056,2019-06-17
c0798,39.883892,18.167692,147.3751492777876,2019-06-18
c0798,39.883892,18.167692,145.94330897661607,2019-06-19
c0798,39.883892,18.167692,145.81964528670673,2019-06-20
c0798,39.883892,18.167692,149.1864519761526,2019-06-21
c0798,39.883892,18.167692,146.07962432442486,2019-06-22
c0798,39.883892,18.167692,150.63977419137015,2019-06-23
c0798,39.883892,18.167692,157.5088275998745,2019-06-24
c0798,39.883892,18.167692,152.83977728404057,2019-06-25
c0798,39.883892,18.167692,152.7256370390753,2019-06-26
c0798,39.883892,18.167692,153.78421790682896,2019-06-27
c0798,39.883892,18.167692,145.49793572541753,2019-06-28
c0798,39.883892,18.167692,149.3042134507902,2019-06-29
c0798,39.883892,18.167692,149.75674823510576,2019-06-30
c0798,39.883892,18.167692,147.39725894599,2019-07-01
c0798,39.883892,18.167692,147.7200464610238,2019-07-02
c0798,39.883892,18.167692,145.8855552529941,2019-07-03
c0798,39.883892,18.167692,145.5737725978641,2019-07-04
c0798,39.883892,18.167692,140.99653175170545,2019-07-05
c0798,39.883892,18.167692,135.74477512412423,2019-07-06
c0798,39.883892,18.167692,136.21183417626654,2019-07-07
c0798,39.883892,18.167692,136.62943759890624,2019-07-08
c0798,39.883892,18.167692,140.3134191425601,2019-07-09
c0798,39.883892,18.167692,144.32122322951372,2019-07-10
c0798,39.883892,18.167692,150.10195513562033,2019-07-11
c0798,39.883892,18.167692,144.38178801932816,2019-07-12
c0798,39.883892,18.167692,146.8877902932878,2019-07-13
c0798,39.883892,18.167692,151.21600953216185,2019-07-14
c0798,39.883892,18.167692,,2019-07-15
c0798,39.883892,18.167692,157.84404965386665,2019-07-16
c0798,39.883892,18.167692,151.27138870366068,2019-07-17
c0798,39.883892,18.167692,152.041725971991,2019-07-18
c0798,39.883892,18.167692,156.28476280942058,2019-07-19
c0798,39.883892,18.167692,148.36175466910663,2019-07-20
c0798,39.883892,18.167692,146.05680103436083,2019-07-21
c0798,39.883892,18.167692,142.92885250896282,2019-07-22
c0798,39.883892,18.167692,142.9383587084807,2019-07-23
c0798,39.883892,18.167692,137.62758450742172,2019-07-24
c0798,39.883892,18.167692,138.1813436457845,2019-07-25
c0798,39.883892,18.167692,138.82843310242495,2019-07-26
c0798,39.883892,18.167692,136.74026786408612,2019-07-27
c0798,39.883892,18.167692,135.4223330653711,2019-07-28
c0798,39.883892,18.167692,139.0830338418024,2019-07-29
c0798,39.883892,18.167692,140.039477396902,2019-07-30
c0798,39.883892,18.167692,137.20937688474973,2019-07-31
c0798,39.883892,18.167692,135.96769329172,2019-08-01
c0798,39.883892,18.167692,133.05077929544157,2019-08-02
c0798,39.883892,18.167692,138.6214760816507,2019-08-03
c0798,39.883892,18.167692,139.34251355598067,2019-08-04
c0798,39.883892,18.167692,144.46072037516083,2019-08-05
c0798,39.883892,18.167692,142.80894946269376,2019-08-06
c0798,39.883892,18.167692,144.68575547668215,2019-08-07
c0798,39.883892,18.167692,135.928433912907,2019-08-08
c0798,39.883892,18.167692,138.7619472233795,2019-08-09
c0798,39.883892,18.167692,134.57173655496075,2019-08-10
c0798,39.883892,18.167692,132.99761181778004,2019-08-11
c0798,39.883892,18.167692,130.92911660278563,2019-08-12
c0798,39.883892,18.167692,126.093257463367,2019-08-13
c0798,39.883892,18.167692,133.56693243045612,2019-08-14
c0798,39.883892,18.167692,144.7436090249128,2019-08-15
c0798,39.883892,18.167692,133.64690361565337,2019-08-16
c0798,39.883892,18.167692,135.99287700788105,2019-08-17
c0798,39.883892,18.167692,130.4114361854799,2019-08-18
c0798,39.883892,18.167692,133.61636055999736,2019-08-19
c0798,39.883892,18.167692,132.72876708187565,2019-08-20
c0798,39.883892,18.167692,129.24867990947166,2019-08-21
c0798,39.883892,18.167692,,2019-08-22
c0798,39.883892,18.167692,129.48244203404607,2019-08-23
c0798,39.883892,18.167692,137.51957619294004,2019-08-24
c0798,39.883892,18.167692,141.27061026699724,2019-08-25
c0798,39.883892,18.167692,140.4485796397645,2019-08-26
c0798,39.883892,18.167692,138.25989362343225,2019-08-27
c0798,39.883892,18.167692,131.6971707918515,2019-08-28
c0798,39.883892,18.167692,134.12126479819955,2019-08-29
c0798,39.883892,18.167692,134.85798216620267,2019-08-30
c0798,39.883892,18.167692,135.268434472537,2019-08-31
c0798,39.883892,18.167692,136.15810947580198,2019-09-01
c0798,39.883892,18.167692,139.3357540053624,2019-09-02
c0798,39.883892,18.167692,138.72110116202478,2019-09-03
c0798,39.883892,18.167692,137.30213769332184,2019-09-04
c0798,39.883892,18.167692,137.54207152259593,2019-09-05
c0798,39.883892,18.167692,138.25147690424976,2019-09-06
c0798,39.883892,18.167692,138.81850438241725,2019-09-07
c0798,39.883892,18.167692,134.91685682047597,2019-09-08
c0798,39.883892,18.167692,136.75890183137977,2019-09-09
c0798,39.883892,18.167692,137.3140423647238,2019-09-10
c0798,39.883892,18.167692,137.2176484611675,2019-09-11
c0798,39.883892,18.167692,141.3551081129849,2019-09-12
c0798,39.883892,18.167692,129.4851070371643,2019-09-13
c0798,39.883892,18.167692,126.36114500900317,2019-09-14
c0798,39.883892,18.167692,131.82323091880124,2019-09-15
c0798,39.883892,18.167692,135.68776280982252,2019-09-16
c0798,39.883892,18.167692,141.6393503902731,2019-09-17
c0798,39.883892,18.167692,141.416031014269,2019-09-18
c0798,39.883892,18.167692,143.35942903910214,2019-09-19
c0798,39.883892,18.167692,137.49312491335246,2019-09-20
c0798,39.883892,18.167692,135.9658291545952,2019-09-21
c0798,39.883892,18.167692,132.96983137486467,2019-09-22
c0798,39.883892,18.167692,132.68121412311712,2019-09-23
c0798,39.883892,18.167692,136.71680615313915,2019-09-24
c0798,39.883892,18.167692,130.73815922304482,2019-09-25
c0798,39.883892,18.167692,132.12685930449206,2019-09-26
c0798,39.883892,18.167692,128.51862864226146,2019-09-27
c0798,39.883892,18.167692,129.6662712952994,2019-09-28
c0798,39.883892,18.167692,130.02698943288885,2019-09-29
c0798,39.883892,18.167692,124.98272667632436,2019-09-30
c0798,39.883892,18.167692,119.27353535643462,2019-10-01
c0798,39.883892,18.167692,128.4446517274616,2019-10-02
c0798,39.883892,18.167692,137.51599328218816,2019-10-03
c0798,39.883892,18.167692,134.2256118573367,2019-10-04
c0798,39.883892,18.167692,134.9936078150125,2019-10-05
c0798,39.883892,18.167692,131.05528776654464,2019-10-06
c0798,39.883892,18.167692,144.35575291459946,2019-10-07
c0798,39.883892,18.167692,140.09293346483904,2019-10-08
c0798,39.883892,18.167692,137.71434344494045,2019-10-09
c0798,39.883892,18.167692,134.42690953172584,2019-10-10
c0798,39.883892,18.167692,129.5574999981977,2019-10-11
c0798,39.883892,18.167692,130.00468665787182,2019-10-12
c0798,39.883892,18.167692,121.0252737314526,2019-10-13
c0798,39.883892,18.167692,121.14386521655848,2019-10-14
c0798,39.883892,18.167692,121.3000299538366,2019-10-15
c0798,39.883892,18.167692,120.28991535018643,2019-10-16
c0798,39.883892,18.167692,122.44937426894744,2019-10-17
c0798,39.883892,18.167692,127.59587014031328,2019-10-18
c0798,39.883892,18.167692,132.8605882764933,2019-10-19
c0798,39.883892,18.167692,127.91023092181253,2019-10-20
c0798,39.883892,18.167692,123.2025818065374,2019-10-21
c0798,39.883892,18.167692,128.1286624165729,2019-10-22
c0798,39.883892,18.167692,126.77818045742612,2019-10-23
c0798,39.883892,18.167692,127.11697595178642,2019-10-24
c0798,39.883892,18.167692,130.82762662501287,2019-10-25
c0798,39.883892,18.167692,131.80009200399243,2019-10-26
c0798,39.883892,18.167692,131.08078501076093,2019-10-27
c0798,39.883892,18.167692,134.4463650487861,2019-10-28
c0798,39.883892,18.167692,129.2700172264216,2019-10-29
c0798,39.883892,18.167692,130.222268254455,2019-10-30
c0798,39.883892,18.167692,128.27707388072656,2019-10-31
c0798,39.883892,18.167692,132.57165838059333,2019-11-01
c0798,39.883892,18.167692,126.71886865163064,2019-11-02
c0798,39.883892,18.167692,133.7650541056507,2019-11-03
c0798,39.883892,18.167692,141.65499031909002,2019-11-04
c0798,39.883892,18.167692,131.69198119901765,2019-11-05
c0798,39.883892,18.167692,136.66525032310057,2019-11-06
c0798,39.883892,18.167692,135.40964712386335,2019-11-07
c0798,39.883892,18.167692,134.30452946321387,2019-11-08
c0798,39.883892,18.167692,129.96652968841596,2019-11-09
c0798,39.883892,18.167692,130.92456404801047,2019-11-10
c0798,39.883892,18.167692,135.17886817695776,2019-11-11
c0798,39.883892,18.167692,140.91750388566933,2019-11-13
c0798,39.883892,18.167692,138.92182400710593,2019-11-14
c0798,39.883892,18.167692,135.1561172938841,2019-11-15
c0798,39.883892,18.167692,122.2134336654642,2019-11-16
c0798,39.883892,18.167692,131.12361169058346,2019-11-17
c0798,39.883892,18.167692,140.43591991756315,2019-11-18
c0798,39.883892,18.167692,145.82216654968497,2019-11-19
c0798,39.883892,18.167692,139.21713595981024,2019-11-20
c0798,39.883892,18.167692,142.8911415862919,2019-11-21
c0798,39.883892,18.167692,143.37131674934884,2019-11-22
c0798,39.883892,18.167692,146.96545104601665,2019-11-23
c0798,39.883892,18.167692,147.1766632605433,2019-11-24
c0798,39.883892,18.167692,146.89592288558603,2019-11-25
c0798,39.883892,18.167692,145.76577098364749,2019-11-26
c0798,39.883892,18.167692,116.8382375461127,2019-11-27
c0798,39.883892,18.167692,118.86628972566544,2019-11-28
c0798,39.883892,18.167692,120.33118839988845,2019-11-29
c0798,39.883892,18.167692,127.77634868875678,2019-11-30
c0798,39.883892,18.167692,122.32238130941622,2019-12-01
c0798,39.883892,18.167692,120.84196707929202,2019-12-02
c0798,39.883892,18.167692,126.73006140142311,2019-12-03
c0798,39.883892,18.167692,125.03453023633982,2019-12-04
c0798,39.883892,18.167692,134.45653113333373,2019-12-05
c0798,39.883892,18.167692,142.05087825440654,2019-12-06
c0798,39.883892,18.167692,149.59968885730416,2019-12-07
c0798,39.883892,18.167692,140.03657080619112,2019-12-08
c0798,39.883892,18.167692,129.7918431326939,2019-12-09
c0798,39.883892,18.167692,139.08895390206612,2019-12-10
c0798,39.883892,18.167692,138.5709218545038,2019-12-11
c0798,39.883892,18.167692,143.6037917543421,2019-12-12
c0798,39.883892,18.167692,158.29965961589704,2019-12-13
c0798,39.883892,18.167692,143.07768728132797,2019-12-14
c0798,39.883892,18.167692,135.81457649839027,2019-12-15
c0798,39.883892,18.167692,142.44352272532532,2019-12-16
c0798,39.883892,18.167692,132.643474909337,2019-12-17
c0798,39.883892,18.167692,130.6995643147494,2019-12-18
c0798,39.883892,18.167692,138.11451480060046,2019-12-19
c0798,39.883892,18.167692,133.31533694608115,2019-12-20
c0798,39.883892,18.167692,139.23438094541208,2019-12-21
c0798,39.883892,18.167692,137.55639122855186,2019-12-22
c0798,39.883892,18.167692,151.73748198444576,2019-12-23
c0798,39.883892,18.167692,159.8689526699942,2019-12-24
c0798,39.883892,18.167692,144.72495191911753,2019-12-25
c0798,39.883892,18.167692,140.86803228835512,2019-12-26
c0798,39.883892,18.167692,156.06787996157965,2019-12-27
c0798,39.883892,18.167692,178.9280988426735,2019-12-28
c0798,39.883892,18.167692,182.89661911204956,2019-12-29
c0798,39.883892,18.167692,188.82482322295056,2019-12-30
c0798,39.883892,18.167692,164.30251058827383,2019-12-31
c0798,39.883892,18.167692,148.86665799757412,2020-01-01
c0798,39.883892,18.167692,150.46691283546934,2020-01-02
c0798,39.883892,18.167692,150.0600313519611,2020-01-03
c0798,39.883892,18.167692,169.2168469943501,2020-01-04
c0798,39.883892,18.167692,171.92738507361454,2020-01-05
c0798,39.883892,18.167692,176.46122409546808,2020-01-06
c0798,39.883892,18.167692,166.83909989524565,2020-01-07
c0798,39.883892,18.167692,162.69666139981462,2020-01-08
c0798,39.883892,18.167692,149.35464248085657,2020-01-09
c0798,39.883892,18.167692,143.29413284593105,2020-01-10
c0798,39.883892,18.167692,156.71038554654828,2020-01-11
c0798,39.883892,18.167692,156.58046170458118,2020-01-12
c0798,39.883892,18.167692,162.3194621489462,2020-01-13
c0798,39.883892,18.167692,145.40345723562638,2020-01-14
c0798,39.883892,18.167692,159.17481497266138,2020-01-15
c0798,39.883892,18.167692,147.60420707986714,2020-01-16
c0798,39.883892,18.167692,149.95458093029316,2020-01-17
c0798,39.883892,18.167692,155.05635790318115,2020-01-18
c0798,39.883892,18.167692,167.1029419213067,2020-01-19
c0798,39.883892,18.167692,168.98429826551333,2020-01-20
c0798,39.883892,18.167692,155.0895500610399,2020-01-21
c0798,39.883892,18.167692,144.2329782713674,2020-01-22
c0798,39.883892,18.167692,152.68920186389855,2020-01-23
c0798,39.883892,18.167692,136.32697280028952,2020-01-24
c0798,39.883892,18.167692,136.26244078931438,2020-01-25
c0798,39.883892,18.167692,132.16528837426304,2020-01-26
c0798,39.883892,18.167692,151.22139624647184,2020-01-27
c0798,39.883892,18.167692,158.88022796146856,2020-01-28
c0798,39.883892,18.167692,174.49648381988032,2020-01-29
c0798,39.883892,18.167692,151.14784265523164,2020-01-30
c0798,39.883892,18.167692,138.3760672632059,2020-01-31
c0798,39.883892,18.167692,136.72925289511252,2020-02-01
c0798,39.883892,18.167692,144.98641914794052,2020-02-02
c0798,39.883892,18.167692,141.777326546656,2020-02-03
c0798,39.883892,18.167692,143.27161814146368,2020-02-04
c0798,39.883892,18.167692,188.49858578363404,2020-02-05
c0798,39.883892,18.167692,170.36303949152912,2020-02-06
c0798,39.883892,18.167692,162.08936077628655,2020-02-07
c0798,39.883892,18.167692,153.84300871904918,2020-02-08
c0798,39.883892,18.167692,144.37041310254244,2020-02-09
c0798,39.883892,18.167692,140.34130360288634,2020-02-10
c0798,39.883892,18.167692,121.56708438212534,2020-02-11
c0798,39.883892,18.167692,129.42521609267294,2020-02-12
c0798,39.883892,18.167692,138.45282973252992,2020-02-13
c0798,39.883892,18.167692,168.61983593743537,2020-02-14
c0798,39.883892,18.167692,140.3711568880393,2020-02-15
c0798,39.883892,18.167692,147.33216404264562,2020-02-16
c0798,39.883892,18.167692,136.28539222966583,2020-02-17
c0798,39.883892,18.167692,138.84674837861598,2020-02-18
c0798,39.883892,18.167692,148.77311568083442,2020-02-19
c0798,39.883892,18.167692,157.02381976006004,2020-02-20
c0798,39.883892,18.167692,141.74993292658323,2020-02-21
c0798,39.883892,18.167692,155.0773810518501,2020-02-22
c0798,39.883892,18.167692,146.01597101705443,2020-02-23
c0798,39.883892,18.167692,139.04123208761763,2020-02-24
c0798,39.883892,18.167692,137.0583168505093,2020-02-25
c0798,39.883892,18.167692,159.56026611424937,2020-02-26
c0798,39.883892,18.167692,173.85871664370137,2020-02-27
c0798,39.883892,18.167692,153.81623027786517,2020-02-28
c0798,39.883892,18.167692,133.03061026187595,2020-02-29
c0798,39.883892,18.167692,148.60650073745134,2020-03-01
c0798,39.883892,18.167692,152.5933442676878,2020-03-02
c0798,39.883892,18.167692,162.7343686062081,2020-03-03
c0798,39.883892,18.167692,167.0544538359444,2020-03-04
c0798,39.883892,18.167692,162.35127521279813,2020-03-05
c0798,39.883892,18.167692,140.43625508576363,2020-03-06
c0798,39.883892,18.167692,156.22911109693186,2020-03-07
c0798,39.883892,18.167692,166.9378426850257,2020-03-08
c0798,39.883892,18.167692,170.79875456908695,2020-03-09
c0798,39.883892,18.167692,162.41425123633937,2020-03-10
c0798,39.883892,18.167692,147.6834309098299,2020-03-11
c0798,39.883892,18.167692,141.79846869485115,2020-03-12
c0798,39.883892,18.167692,144.23920653351226,2020-03-13
c0798,39.883892,18.167692,142.2009363526093,2020-03-14
c0798,39.883892,18.167692,144.14778878027448,2020-03-15
c0798,39.883892,18.167692,148.94502264760072,2020-03-16
c0798,39.883892,18.167692,150.18057449486346,2020-03-17
c0798,39.883892,18.167692,155.9671756425441,2020-03-18
c0798,39.883892,18.167692,161.0307037321336,2020-03-19
c0798,39.883892,18.167692,157.6134827817365,2020-03-20
c0798,39.883892,18.167692,151.91142987164895,2020-03-21
c0798,39.883892,18.167692,165.7334513362906,2020-03-22
c0798,39.883892,18.167692,169.74934625667285,2020-03-23
c0798,39.883892,18.167692,171.88587532905427,2020-03-24
c0798,39.883892,18.167692,166.60753495995002,2020-03-25
c0798,39.883892,18.167692,177.65829014855169,2020-03-26
c0798,39.883892,18.167692,181.04292171477263,2020-03-27
c0798,39.883892,18.167692,168.49505029652886,2020-03-28
c0798,39.883892,18.167692,163.5709722739731,2020-03-29
c0798,39.883892,18.167692,164.28147321378526,2020-03-30
c0798,39.883892,18.167692,170.56866600032566,2020-03-31
c0798,39.883892,18.167692,198.89655936178283,2020-04-01
c0798,39.883892,18.167692,175.53389379815303,2020-04-02
c0798,39.883892,18.167692,173.39609408626333,2020-04-03
c0798,39.883892,18.167692,184.12768381387036,2020-04-04
c0798,39.883892,18.167692,182.22749261208833,2020-04-05
c0798,39.883892,18.167692,170.7369310739627,2020-04-06
c0798,39.883892,18.167692,155.49473811523205,2020-04-07
c0798,39.883892,18.167692,141.492255512774,2020-04-08
c0798,39.883892,18.167692,147.69935434999857,2020-04-09
c0798,39.883892,18.167692,147.8098873735902,2020-04-10
c0798,39.883892,18.167692,140.9100415228358,2020-04-11
c0798,39.883892,18.167692,141.22034587377132,2020-04-12
c0798,39.883892,18.167692,137.3271817479703,2020-04-13
c0798,39.883892,18.167692,150.56889187641647,2020-04-14
c0798,39.883892,18.167692,161.0177037728645,2020-04-15
c0798,39.883892,18.167692,153.1457611352705,2020-04-16
c0798,39.883892,18.167692,147.45841753108863,2020-04-17
c0798,39.883892,18.167692,148.43663839693892,2020-04-18
c0798,39.883892,18.167692,145.00003560839113,2020-04-19
c0798,39.883892,18.167692,141.36435761631782,2020-04-20
c0798,39.883892,18.167692,147.01416553482787,2020-04-21
c0798,39.883892,18.167692,159.24364156631762,2020-04-22
c0798,39.883892,18.167692,160.78096680807525,2020-04-23
c0798,39.883892,18.167692,158.2707550387516,2020-04-24
c0798,39.883892,18.167692,151.00646051477594,2020-04-25
c0798,39.883892,18.167692,150.90955210287396,2020-04-26
c0798,39.883892,18.167692,149.76791152726588,2020-04-27
c0798,39.883892,18.167692,150.72765327445637,2020-04-28
c0798,39.883892,18.167692,152.33400887977768,2020-04-29
c0798,39.883892,18.167692,155.18727908325286,2020-04-30
c0798,39.883892,18.167692,160.1349238209298,2020-05-01
c0798,39.883892,18.167692,159.47938169865017,2020-05-02
c0798,39.883892,18.167692,165.6735774809746,2020-05-03
c0798,39.883892,18.167692,154.01778127990062,2020-05-04
c0798,39.883892,18.167692,146.59226985303866,2020-05-05
c0798,39.883892,18.167692,151.4578220836092,2020-05-06
c0798,39.883892,18.167692,164.88965167617886,2020-05-07
c0798,39.883892,18.167692,154.16389771671666,2020-05-08
c0798,39.883892,18.167692,147.72699886983128,2020-05-09
c0798,39.883892,18.167692,141.39611783015437,2020-05-10
c0798,39.883892,18.167692,136.79090401431955,2020-05-11
c0798,39.883892,18.167692,139.79791013240637,2020-05-12
c0798,39.883892,18.167692,138.48495186818886,2020-05-13
c0798,39.883892,18.167692,134.60345441416112,2020-05-14
c0798,39.883892,18.167692,133.33333661076597,2020-05-15
c0798,39.883892,18.167692,132.0754627899378,2020-05-16
c0798,39.883892,18.167692,132.7811573842471,2020-05-17
c0798,39.883892,18.167692,138.60096340140674,2020-05-18
c0798,39.883892,18.167692,137.860528070389,2020-05-19
c0798,39.883892,18.167692,145.8868096477213,2020-05-20
c0798,39.883892,18.167692,156.33666327655925,2020-05-21
c0798,39.883892,18.167692,145.71100730151633,2020-05-22
c0798,39.883892,18.167692,139.95552849106818,2020-05-23
c0798,39.883892,18.167692,147.67114857737604,2020-05-24
c0798,39.883892,18.167692,157.2167304893559,2020-05-25
c0798,39.883892,18.167692,170.6266979853874,2020-05-26
c0798,39.883892,18.167692,173.93100772651866,2020-05-27
c0798,39.883892,18.167692,161.03404712161063,2020-05-28
c0798,39.883892,18.167692,161.46349123821597,2020-05-29
c0798,39.883892,18.167692,166.2199746877308,2020-05-30
c0798,39.883892,18.167692,160.25656245954056,2020-05-31
c0798,39.883892,18.167692,166.91766071461126,2020-06-01
c0798,39.883892,18.167692,156.14942682689508,2020-06-02
c0798,39.883892,18.167692,152.98382174011726,2020-06-03
c0798,39.883892,18.167692,150.78487924999533,2020-06-04
c0798,39.883892,18.167692,150.02353823759634,2020-06-05
c0798,39.883892,18.167692,156.8146860508428,2020-06-06
c0798,39.883892,18.167692,144.1789108802151,2020-06-07
c0798,39.883892,18.167692,146.1182448376036,2020-06-08
c0798,39.883892,18.167692,149.2637852286876,2020-06-09
c0798,39.883892,18.167692,155.72956374495885,2020-06-10
c0798,39.883892,18.167692,157.0519479654097,2020-06-11
c0798,39.883892,18.167692,145.3656958436544,2020-06-13
c0798,39.883892,18.167692,144.59646005947658,2020-06-14
c0798,39.883892,18.167692,146.88132532400323,2020-06-15
c0798,39.883892,18.167692,153.87241148006385,2020-06-16
c0798,39.883892,18.167692,143.01584860259857,2020-06-17
c0798,39.883892,18.167692,137.9577635943428,2020-06-18
c0798,39.883892,18.167692,133.8963535850117,2020-06-19
c0798,39.883892,18.167692,140.09241052469457,2020-06-20
c0798,39.883892,18.167692,147.6664149366602,2020-06-21
c0798,39.883892,18.167692,149.1658783470446,2020-06-22
c0798,39.883892,18.167692,140.25179444844588,2020-06-23
c0798,39.883892,18.167692,145.07669650535198,2020-06-24
c0798,39.883892,18.167692,144.59496949942655,2020-06-25
c0798,39.883892,18.167692,136.1742063867724,2020-06-26
c0798,39.883892,18.167692,132.1754407632703,2020-06-27
c0798,39.883892,18.167692,129.6019164579369,2020-06-28
c0798,39.883892,18.167692,131.63935353933422,2020-06-29
c0798,39.883892,18.167692,127.07167882657568,2020-06-30
c0798,39.883892,18.167692,134.00549458588577,2020-07-01
c0798,39.883892,18.167692,133.84197179731612,2020-07-02
c0798,39.883892,18.167692,131.058131317177,2020-07-03
c0798,39.883892,18.167692,,2020-07-04
c0798,39.883892,18.167692,141.89214640619505,2020-07-05
c0798,39.883892,18.167692,148.4176634078194,2020-07-06
c0798,39.883892,18.167692,140.00778185802417,2020-07-07
c0798,39.883892,18.167692,132.09726054266216,2020-07-08
c0798,39.883892,18.167692,132.69315352572784,2020-07-09
c0798,39.883892,18.167692,135.23446628316648,2020-07-10
c0798,39.883892,18.167692,137.60732821278566,2020-07-11
c0798,39.883892,18.167692,132.18059693509744,2020-07-12
c0798,39.883892,18.167692,130.05259166144074,2020-07-13
c0798,39.883892,18.167692,136.62643872673942,2020-07-14
c0798,39.883892,18.167692,,2020-07-15
c0798,39.883892,18.167692,142.90484478017424,2020-07-16
c0798,39.883892,18.167692,144.35197815137747,2020-07-17
c0798,39.883892,18.167692,143.70595802140147,2020-07-18
c0798,39.883892,18.167692,142.4318749887208,2020-07-19
c0798,39.883892,18.167692,136.84354879048595,2020-07-20
c0798,39.883892,18.167692,131.66390808396935,2020-07-21
c0798,39.883892,18.167692,130.36671212851294,2020-07-22
c0798,39.883892,18.167692,131.08680112524775,2020-07-23
c0798,39.883892,18.167692,131.07840281753326,2020-07-24
c0798,39.883892,18.167692,137.2806679149421,2020-07-25
c0798,39.883892,18.167692,136.50376573147253,2020-07-26
c0798,39.883892,18.167692,137.32043448872005,2020-07-27
c0798,39.883892,18.167692,136.13467059081634,2020-07-28
c0798,39.883892,18.167692,134.27812463713693,2020-07-29
c0798,39.883892,18.167692,133.04966768332682,2020-07-30
c0798,39.883892,18.167692,132.50913658416215,2020-07-31
c0798,39.883892,18.167692,132.94398018406218,2020-08-02
c0798,39.883892,18.167692,134.2145103659124,2020-08-03
c0798,39.883892,18.167692,134.78253676451715,2020-08-04
c0798,39.883892,18.167692,150.6328761741835,2020-08-05
c0798,39.883892,18.167692,153.6875739276467,2020-08-06
c0798,39.883892,18.167692,151.87880746180156,2020-08-07
c0798,39.883892,18.167692,151.54149704531534,2020-08-08
c0798,39.883892,18.167692,143.73588621144154,2020-08-09
c0798,39.883892,18.167692,137.77541832431638,2020-08-10
c0798,39.883892,18.167692,136.7453262700517,2020-08-11
c0798,39.883892,18.167692,136.88831717630492,2020-08-12
c0798,39.883892,18.167692,133.0691200450654,2020-08-13
c0798,39.883892,18.167692,133.12190637810193,2020-08-14
c0798,39.883892,18.167692,134.83266279435713,2020-08-15
c0798,39.883892,18.167692,136.212430737292,2020-08-16
c0798,39.883892,18.167692,137.79921118712315,2020-08-17
c0798,39.883892,18.167692,135.15268010643797,2020-08-18
c0798,39.883892,18.167692,142.56572239821398,2020-08-19
c0798,39.883892,18.167692,135.00170082453602,2020-08-20
c0798,39.883892,18.167692,131.41218337547548,2020-08-21
c0798,39.883892,18.167692,131.30857528827673,2020-08-22
c0798,39.883892,18.167692,131.11616278025386,2020-08-23
c0798,39.883892,18.167692,133.04945606800516,2020-08-24
c0798,39.883892,18.167692,139.2637083159917,2020-08-25
c0798,39.883892,18.167692,129.1557098409101,2020-08-26
c0798,39.883892,18.167692,129.83147818006512,2020-08-27
c0798,39.883892,18.167692,130.069072926908,2020-08-28
c0798,39.883892,18.167692,131.587216827299,2020-08-29
c0798,39.883892,18.167692,127.92775167017211,2020-08-30
c0798,39.883892,18.167692,128.31325451797798,2020-08-31
c0798,39.883892,18.167692,132.10410997938737,2020-09-01
c0798,39.883892,18.167692,128.36878667632143,2020-09-02
c0798,39.883892,18.167692,128.36949623733676,2020-09-03
c0798,39.883892,18.167692,130.4842237528217,2020-09-04
c0798,39.883892,18.167692,127.82898796379683,2020-09-05
c0798,39.883892,18.167692,124.23999474834652,2020-09-06
c0798,39.883892,18.167692,127.21903915538516,2020-09-07
c0798,39.883892,18.167692,128.0768780558176,2020-09-08
c0798,39.883892,18.167692,127.7197769743428,2020-09-09
c0798,39.883892,18.167692,127.45561107855522,2020-09-10
c0798,39.883892,18.167692,129.9072007331852,2020-09-11
c0798,39.883892,18.167692,133.24797131835334,2020-09-12
c0798,39.883892,18.167692,133.80322802032526,2020-09-13
c0798,39.883892,18.167692,127.51604081251158,2020-09-15
c0798,39.883892,18.167692,122.28380170432608,2020-09-16
c0798,39.883892,18.167692,123.68466665520714,2020-09-17
c0798,39.883892,18.167692,123.99839653485606,2020-09-18
c0798,39.883892,18.167692,128.1454224024156,2020-09-19
c0798,39.883892,18.167692,125.73761525539224,2020-09-20
c0798,39.883892,18.167692,128.00334925213278,2020-09-21
c0798,39.883892,18.167692,128.99328394897495,2020-09-22
c0798,39.883892,18.167692,130.72361500783762,2020-09-23
c0798,39.883892,18.167692,125.55566072931045,2020-09-24
c0798,39.883892,18.167692,122.09088971941247,2020-09-25
c0798,39.883892,18.167692,139.32407417607763,2020-09-26
c0798,39.883892,18.167692,131.76762926064345,2020-09-27
c0798,39.883892,18.167692,133.73475523919228,2020-09-28
c0798,39.883892,18.167692,132.506717401602,2020-09-29
c0798,39.883892,18.167692,124.7513281313597,2020-09-30
c0798,39.883892,18.167692,127.17890771708124,2020-10-01
c0798,39.883892,18.167692,130.7899504453164,2020-10-02
c0798,39.883892,18.167692,124.42671244446991,2020-10-03
c0798,39.883892,18.167692,127.46116537858812,2020-10-04
c0798,39.883892,18.167692,127.11577290866528,2020-10-05
c0798,39.883892,18.167692,139.55284825997765,2020-10-06
c0798,39.883892,18.167692,135.56836837069372,2020-10-07
c0798,39.883892,18.167692,131.25960118605315,2020-10-08
c0798,39.883892,18.167692,125.7385279987026,2020-10-09
c0798,39.883892,18.167692,120.17545382823089,2020-10-10
c0798,39.883892,18.167692,120.99321570350264,2020-10-11
c0798,39.883892,18.167692,125.74725609799653,2020-10-12
c0798,39.883892,18.167692,130.32747120924606,2020-10-13
c0798,39.883892,18.167692,129.8408469857926,2020-10-14
c0798,39.883892,18.167692,127.43847589943444,2020-10-15
c0798,39.883892,18.167692,123.26034814659891,2020-10-16
c0798,39.883892,18.167692,125.62076806150104,2020-10-17
c0798,39.883892,18.167692,133.603283760625,2020-10-18
c0798,39.883892,18.167692,135.29512510452076,2020-10-19
c0798,39.883892,18.167692,137.20968712930815,2020-10-20
c0798,39.883892,18.167692,132.0032828160457,2020-10-21
c0798,39.883892,18.167692,124.968290147376,2020-10-22
c0798,39.883892,18.167692,116.76229761766572,2020-10-23
c0798,39.883892,18.167692,114.09272768385092,2020-10-24
c0798,39.883892,18.167692,122.89434905984857,2020-10-25
c0798,39.883892,18.167692,123.74832285870106,2020-10-26
c0798,39.883892,18.167692,128.88007336461254,2020-10-27
c0798,39.883892,18.167692,142.7650511779364,2020-10-28
c0798,39.883892,18.167692,130.8970456672411,2020-10-29
c0798,39.883892,18.167692,131.456358787679,2020-10-30
c0798,39.883892,18.167692,129.45593697060795,2020-10-31
c0798,39.883892,18.167692,123.791067148328,2020-11-01
c0798,39.883892,18.167692,125.01028000275156,2020-11-02
c0798,39.883892,18.167692,123.13247737900994,2020-11-03
c0798,39.883892,18.167692,121.65975978487204,2020-11-04
c0798,39.883892,18.167692,124.5125640905325,2020-11-05
c0798,39.883892,18.167692,124.9948538192711,2020-11-06
c0798,39.883892,18.167692,124.60229526403268,2020-11-07
c0798,39.883892,18.167692,120.39940798471206,2020-11-08
c0798,39.883892,18.167692,122.97285083259618,2020-11-09
c0798,39.883892,18.167692,125.38187927328724,2020-11-10
c0798,39.883892,18.167692,126.9205904061897,2020-11-11
c0798,39.883892,18.167692,128.789484560904,2020-11-12
c0798,39.883892,18.167692,132.04821682533884,2020-11-13
c0798,39.883892,18.167692,135.46523598897488,2020-11-14
c0798,39.883892,18.167692,139.440453223074,2020-11-15
c0798,39.883892,18.167692,132.47972736458695,2020-11-16
c0798,39.883892,18.167692,136.26412839073438,2020-11-17
c0798,39.883892,18.167692,126.55894038389832,2020-11-18
c0798,39.883892,18.167692,115.19039789426014,2020-11-19
c0798,39.883892,18.167692,111.23156200383566,2020-11-20
c0798,39.883892,18.167692,143.36647192414077,2020-11-21
c0798,39.883892,18.167692,140.49588800220897,2020-11-22
c0798,39.883892,18.167692,143.06491095939427,2020-11-23
c0798,39.883892,18.167692,132.62447723368848,2020-11-24
c0798,39.883892,18.167692,136.05175676285504,2020-11-25
c0798,39.883892,18.167692,129.31426730747418,2020-11-26
c0798,39.883892,18.167692,128.07796420120954,2020-11-27
c0798,39.883892,18.167692,130.6762782831407,2020-11-28
c0798,39.883892,18.167692,138.97021578574382,2020-11-29
c0798,39.883892,18.167692,130.0607579742711,2020-11-30
c0798,39.883892,18.167692,127.86250024503524,2020-12-01
c0798,39.883892,18.167692,132.93983212291175,2020-12-02
c0798,39.883892,18.167692,143.4400456254017,2020-12-03
c0798,39.883892,18.167692,144.27771347701085,2020-12-04
c0798,39.883892,18.167692,129.27330660539678,2020-12-05
c0798,39.883892,18.167692,124.96792152905536,2020-12-06
c0798,39.883892,18.167692,135.72781547617066,2020-12-07
c0798,39.883892,18.167692,139.4371728948189,2020-12-08
c0798,39.883892,18.167692,131.14655596355155,2020-12-09
c0798,39.883892,18.167692,147.35907961575316,2020-12-10
c0798,39.883892,18.167692,139.23815414727633,2020-12-11
c0798,39.883892,18.167692,135.95300024051738,2020-12-12
c0798,39.883892,18.167692,148.3569233778932,2020-12-13
c0798,39.883892,18.167692,134.3631553424335,2020-12-14
c0798,39.883892,18.167692,122.47997456130548,2020-12-15
c0798,39.883892,18.167692,118.35093845870006,2020-12-16
c0798,39.883892,18.167692,117.1778698346467,2020-12-17
c0798,39.883892,18.167692,120.1283998681394,2020-12-18
c0798,39.883892,18.167692,129.73551523458204,2020-12-19
c0798,39.883892,18.167692,130.00451678052517,2020-12-20
c0798,39.883892,18.167692,127.5583301865708,2020-12-21
c0798,39.883892,18.167692,141.545802365711,2020-12-22
c0798,39.883892,18.167692,127.37911989705243,2020-12-23
c0798,39.883892,18.167692,135.66989291325058,2020-12-24
c0798,39.883892,18.167692,124.70945272197304,2020-12-25
c0798,39.883892,18.167692,128.16049474030802,2020-12-26
c0798,39.883892,18.167692,156.4712667650311,2020-12-27
c0798,39.883892,18.167692,138.29187749189293,2020-12-28
c0798,39.883892,18.167692,134.7802992750418,2020-12-29
c0798,39.883892,18.167692,144.44253925789013,2020-12-30
c0798,39.883892,18.167692,151.48243028182387,2020-12-31
c0798,39.883892,18.167692,144.49105928084634,2021-01-02
c0798,39.883892,18.167692,140.76475722400144,2021-01-03
c0798,39.883892,18.167692,133.7800112510669,2021-01-04
c0798,39.883892,18.167692,139.82036363312767,2021-01-05
c0798,39.883892,18.167692,145.04986917209817,2021-01-06
c0798,39.883892,18.167692,141.85947702195085,2021-01-07
c0798,39.883892,18.167692,145.50480861835058,2021-01-08
c0798,39.883892,18.167692,138.19918567891125,2021-01-09
c0798,39.883892,18.167692,136.50836163724304,2021-01-10
c0798,39.883892,18.167692,137.75053671001575,2021-01-11
c0798,39.883892,18.167692,147.70622214837744,2021-01-12
c0798,39.883892,18.167692,138.97473617419297,2021-01-13
c0798,39.883892,18.167692,135.97059178192865,2021-01-14
c0798,39.883892,18.167692,146.50933884664602,2021-01-15
c0798,39.883892,18.167692,164.87722446282956,2021-01-16
c0798,39.883892,18.167692,169.67490472899732,2021-01-17
c0798,39.883892,18.167692,179.78778938624802,2021-01-18
c0798,39.883892,18.167692,163.1204264036524,2021-01-19
c0798,39.883892,18.167692,155.18392968469905,2021-01-20
c0798,39.883892,18.167692,158.8421830778829,2021-01-21
c0798,39.883892,18.167692,153.54105588658132,2021-01-22
c0798,39.883892,18.167692,163.9635743358852,2021-01-23
c0798,39.883892,18.167692,165.50249584220262,2021-01-24
c0798,39.883892,18.167692,160.90906690463635,2021-01-25
c0798,39.883892,18.167692,164.70296972010917,2021-01-26
c0798,39.883892,18.167692,161.91900191086384,2021-01-27
c0798,39.883892,18.167692,156.21989445435878,2021-01-28
c0798,39.883892,18.167692,148.0957143971579,2021-01-29
c0798,39.883892,18.167692,154.06542561230273,2021-01-30
c0798,39.883892,18.167692,157.2790889207298,2021-01-31
c0798,39.883892,18.167692,161.33891121852807,2021-02-01
c0798,39.883892,18.167692,154.47231993976018,2021-02-02
c0798,39.883892,18.167692,130.12446398026862,2021-02-03
c0798,39.883892,18.167692,137.72331980878732,2021-02-04
c0798,39.883892,18.167692,136.3255678449143,2021-02-05
c0798,39.883892,18.167692,135.16324064704727,2021-02-06
c0798,39.883892,18.167692,131.6465778348339,2021-02-07
c0798,39.883892,18.167692,157.6303014881867,2021-02-08
c0798,39.883892,18.167692,156.87091540343704,2021-02-09
c0798,39.883892,18.167692,148.05379079045383,2021-02-10
c0798,39.883892,18.167692,159.71270373659286,2021-02-11
c0798,39.883892,18.167692,146.300740439558,2021-02-12
c0798,39.883892,18.167692,153.6341485461375,2021-02-13
c0798,39.883892,18.167692,161.5213612893666,2021-02-14
c0798,39.883892,18.167692,167.16183655965904,2021-02-15
c0798,39.883892,18.167692,161.84892633363847,2021-02-16
c0798,39.883892,18.167692,148.2024765703149,2021-02-17
c0798,39.883892,18.167692,154.4149573781558,2021-02-18
c0798,39.883892,18.167692,158.45051901823416,2021-02-19
c0798,39.883892,18.167692,161.26781695227865,2021-02-20
c0798,39.883892,18.167692,151.71850757501988,2021-02-21
c0798,39.883892,18.167692,144.93758434026245,2021-02-22
c0798,39.883892,18.167692,134.51841565367334,2021-02-23
c0798,39.883892,18.167692,131.86748269481333,2021-02-24
c0798,39.883892,18.167692,147.01734019326727,2021-02-25
c0798,39.883892,18.167692,150.66949370858416,2021-02-26
c0798,39.883892,18.167692,145.90660896074377,2021-02-27
c0798,39.883892,18.167692,137.57822647550313,2021-02-28
c0798,39.883892,18.167692,142.41199736826644,2021-03-01
c0798,39.883892,18.167692,146.57907906167398,2021-03-02
c0798,39.883892,18.167692,146.58977160184202,2021-03-03
c0798,39.883892,18.167692,139.2578301176182,2021-03-04
c0798,39.883892,18.167692,143.1168606327364,2021-03-05
c0798,39.883892,18.167692,154.04674399555546,2021-03-06
c0798,39.883892,18.167692,148.7536632576477,2021-03-07
c0798,39.883892,18.167692,163.91171152028235,2021-03-08
c0798,39.883892,18.167692,164.42618655260955,2021-03-09
c0798,39.883892,18.167692,163.5524339071673,2021-03-10
c0798,39.883892,18.167692,153.63061086138768,2021-03-11
c0798,39.883892,18.167692,132.604919820379,2021-03-12
c0798,39.883892,18.167692,146.52747807311042,2021-03-13
c0798,39.883892,18.167692,161.15791261794143,2021-03-14
c0798,39.883892,18.167692,199.4871441949944,2021-03-15
c0798,39.883892,18.167692,199.9043916521919,2021-03-16
c0798,39.883892,18.167692,187.43484245918697,2021-03-17
c0798,39.883892,18.167692,177.01049637480838,2021-03-18
c0798,39.883892,18.167692,181.84074094377073,2021-03-19
c0798,39.883892,18.167692,187.81393851020613,2021-03-20
c0798,39.883892,18.167692,172.53928183034887,2021-03-21
c0798,39.883892,18.167692,194.68011032523333,2021-03-22
c0798,39.883892,18.167692,189.3252551399687,2021-03-23
c0798,39.883892,18.167692,171.01140027066077,2021-03-24
c0798,39.883892,18.167692,166.50930335050018,2021-03-25
c0798,39.883892,18.167692,155.32027416443825,2021-03-26
c0798,39.883892,18.167692,146.3429549092652,2021-03-27
c0798,39.883892,18.167692,154.81072975031617,2021-03-28
c0798,39.883892,18.167692,158.48070781115416,2021-03-29
c0798,39.883892,18.167692,158.43015819919984,2021-03-30
c0798,39.883892,18.167692,162.9105124756998,2021-03-31
c0798,39.883892,18.167692,158.73527544417726,2021-04-01
c0798,39.883892,18.167692,160.64435244691416,2021-04-02
c0798,39.883892,18.167692,156.8847305480797,2021-04-03
c0798,39.883892,18.167692,165.63502953173767,2021-04-04
c0798,39.883892,18.167692,161.05580637091109,2021-04-05
c0798,39.883892,18.167692,175.00577686015447,2021-04-06
c0798,39.883892,18.167692,164.235665361204,2021-04-07
c0798,39.883892,18.167692,166.82496515989834,2021-04-08
c0798,39.883892,18.167692,159.52472087823148,2021-04-09
c0798,39.883892,18.167692,157.78427930659316,2021-04-10
c0798,39.883892,18.167692,158.2130754046135,2021-04-11
c0798,39.883892,18.167692,158.70282575413984,2021-04-12
c0798,39.883892,18.167692,172.43243610765555,2021-04-13
c0798,39.883892,18.167692,173.2789124601517,2021-04-14
c0798,39.883892,18.167692,167.04622308995332,2021-04-15
c0798,39.883892,18.167692,169.34917438012977,2021-04-16
c0798,39.883892,18.167692,169.7625694274619,2021-04-17
c0798,39.883892,18.167692,168.31317398726958,2021-04-18
c0798,39.883892,18.167692,191.96043120817552,2021-04-19
c0798,39.883892,18.167692,182.2671569976705,2021-04-20
c0798,39.883892,18.167692,171.9078914836944,2021-04-21
c0798,39.883892,18.167692,165.477643498993,2021-04-22
c0798,39.883892,18.167692,163.73344724100016,2021-04-23
c0798,39.883892,18.167692,171.68272359511997,2021-04-24
c0798,39.883892,18.167692,152.4996438883551,2021-04-25
c0798,39.883892,18.167692,145.12256058956743,2021-04-26
c0798,39.883892,18.167692,151.56615434090978,2021-04-27
c0798,39.883892,18.167692,149.23772327882162,2021-04-28
c0798,39.883892,18.167692,155.23173963918606,2021-04-29
c0798,39.883892,18.167692,146.3398163219558,2021-04-30
c0798,39.883892,18.167692,136.3999876344681,2021-05-01
c0798,39.883892,18.167692,137.84209232192168,2021-05-02
c0798,39.883892,18.167692,145.54951433162267,2021-05-03
c0798,39.883892,18.167692,144.9800451035753,2021-05-04
c0798,39.883892,18.167692,148.2027964731173,2021-05-05
c0798,39.883892,18.167692,145.69970400288284,2021-05-06
c0798,39.883892,18.167692,148.58411328018778,2021-05-07
c0798,39.883892,18.167692,153.78539711478766,2021-05-08
c0798,39.883892,18.167692,145.95855867713286,2021-05-09
c0798,39.883892,18.167692,142.973930187539,2021-05-10
c0798,39.883892,18.167692,143.25243495204143,2021-05-11
c0798,39.883892,18.167692,154.585925822661,2021-05-12
c0798,39.883892,18.167692,154.91553275527846,2021-05-13
c0798,39.883892,18.167692,153.3826040000848,2021-05-14
c0798,39.883892,18.167692,164.59437789243728,2021-05-15
c0798,39.883892,18.167692,140.9794966887876,2021-05-16
c0798,39.883892,18.167692,139.37793276498795,2021-05-17
c0798,39.883892,18.167692,143.6324249127216,2021-05-18
c0798,39.883892,18.167692,146.17869852300274,2021-05-19
c0798,39.883892,18.167692,160.01884984599045,2021-05-20
c0798,39.883892,18.167692,151.3040295420923,2021-05-21
c0798,39.883892,18.167692,143.6599503500738,2021-05-22
c0798,39.883892,18.167692,137.64704348888068,2021-05-23
c0798,39.883892,18.167692,139.0345401631205,2021-05-24
c0798,39.883892,18.167692,151.2721941062959,2021-05-25
c0798,39.883892,18.167692,151.89832190837123,2021-05-26
c0798,39.883892,18.167692,157.74337750497293,2021-05-27
c0798,39.883892,18.167692,153.66251261541538,2021-05-28
c0798,39.883892,18.167692,155.0289632026453,2021-05-29
c0798,39.883892,18.167692,159.64177089089807,2021-05-30
c0798,39.883892,18.167692,163.95320417231005,2021-05-31
c0798,39.883892,18.167692,159.92575769965654,2021-06-01
c0798,39.883892,18.167692,156.1059862156398,2021-06-02
c0798,39.883892,18.167692,156.41400518235142,2021-06-03
c0798,39.883892,18.167692,149.0488489098093,2021-06-04
c0798,39.883892,18.167692,143.2402979791645,2021-06-05
c0798,39.883892,18.167692,140.999107093117,2021-06-06
c0798,39.883892,18.167692,147.70445120992238,2021-06-07
c0798,39.883892,18.167692,148.0645365757463,2021-06-08
c0798,39.883892,18.167692,151.8374049729127,2021-06-09
c0798,39.883892,18.167692,157.49409935488822,2021-06-10
c0798,39.883892,18.167692,160.8764319106051,2021-06-11
c0798,39.883892,18.167692,166.1632339899718,2021-06-12
c0798,39.883892,18.167692,154.3433879108888,2021-06-13
c0798,39.883892,18.167692,154.79965100854366,2021-06-14
c0798,39.883892,18.167692,164.10972853574927,2021-06-15
c0798,39.883892,18.167692,154.64751334673102,2021-06-16
c0798,39.883892,18.167692,154.97640905600113,2021-06-17
c0798,39.883892,18.167692,157.47172084882172,2021-06-18
c0798,39.883892,18.167692,152.730283530511,2021-06-19
c0798,39.883892,18.167692,141.43881667989345,2021-06-20
c0798,39.883892,18.167692,138.8745427103659,2021-06-21
c0798,39.883892,18.167692,139.91812480748746,2021-06-22
c0798,39.883892,18.167692,138.9268565979999,2021-06-23
c0798,39.883892,18.167692,135.01921724417346,2021-06-24
c0798,39.883892,18.167692,135.83472574683802,2021-06-25
c0798,39.883892,18.167692,140.4094672883637,2021-06-26
c0798,39.883892,18.167692,139.85103896960317,2021-06-27
c0798,39.883892,18.167692,140.3520612040102,2021-06-28
c0798,39.883892,18.167692,137.6118182429991,2021-06-29
c0798,39.883892,18.167692,141.3091770994915,2021-06-30
c0798,39.883892,18.167692,138.28836351771685,2021-07-01
c0798,39.883892,18.167692,148.52036583331238,2021-07-02
c0798,39.883892,18.167692,140.9221789043647,2021-07-03
c0798,39.883892,18.167692,143.82213951603484,2021-07-04
c0798,39.883892,18.167692,139.97572238265235,2021-07-05
c0798,39.883892,18.167692,141.82684182464897,2021-07-06
c0798,39.883892,18.167692,141.46298422191995,2021-07-07
c0798,39.883892,18.167692,137.51026941802184,2021-07-08
c0798,39.883892,18.167692,135.6881475276213,2021-07-09
c0798,39.883892,18.167692,138.2112148933874,2021-07-10
c0798,39.883892,18.167692,138.90135676912857,2021-07-11
c0798,39.883892,18.167692,136.83800178231203,2021-07-12
c0798,39.883892,18.167692,133.32188296014343,2021-07-13
c0798,39.883892,18.167692,129.6003607410373,2021-07-14
c0798,39.883892,18.167692,132.32165957445775,2021-07-15
c0798,39.883892,18.167692,138.98351993496814,2021-07-16
c0798,39.883892,18.167692,146.15608538408148,2021-07-17
c0798,39.883892,18.167692,150.03943129736354,2021-07-18
c0798,39.883892,18.167692,150.6008726717029,2021-07-19
c0798,39.883892,18.167692,139.27277001068774,2021-07-20
c0798,39.883892,18.167692,135.8989497942191,2021-07-21
c0798,39.883892,18.167692,141.96543715920984,2021-07-22
c0798,39.883892,18.167692,139.07689438617356,2021-07-23
c0798,39.883892,18.167692,138.73363393444387,2021-07-24
c0798,39.883892,18.167692,137.37563802116838,2021-07-25
c0798,39.883892,18.167692,136.2612670240059,2021-07-26
c0798,39.883892,18.167692,132.88907412811366,2021-07-27
c0798,39.883892,18.167692,138.1028406386797,2021-07-28
c0798,39.883892,18.167692,134.87840741198872,2021-07-29
c0798,39.883892,18.167692,135.53441152070857,2021-07-30
c0798,39.883892,18.167692,134.320807271356,2021-07-31
c0798,39.883892,18.167692,131.18283435333572,2021-08-01
c0798,39.883892,18.167692,129.8492964871172,2021-08-02
c0798,39.883892,18.167692,130.38158118159626,2021-08-03
c0798,39.883892,18.167692,138.33459076910464,2021-08-04
c0798,39.883892,18.167692,141.8660813654852,2021-08-05
c0798,39.883892,18.167692,141.2205360344859,2021-08-06
c0798,39.883892,18.167692,139.24199882619357,2021-08-07
c0798,39.883892,18.167692,136.61535178570523,2021-08-08
c0798,39.883892,18.167692,131.46027272680533,2021-08-09
c0798,39.883892,18.167692,128.8468562232864,2021-08-10
c0798,39.883892,18.167692,125.64590349108946,2021-08-11
c0798,39.883892,18.167692,132.53849590763306,2021-08-12
c0798,39.883892,18.167692,134.72878239359628,2021-08-13
c0798,39.883892,18.167692,138.2964749683012,2021-08-14
c0798,39.883892,18.167692,135.25700520351245,2021-08-15
c0798,39.883892,18.167692,136.81839821404742,2021-08-16
c0798,39.883892,18.167692,135.239254231188,2021-08-17
c0798,39.883892,18.167692,136.68163554452687,2021-08-18
c0798,39.883892,18.167692,135.76884093847983,2021-08-19
c0798,39.883892,18.167692,134.87473754827474,2021-08-20
c0798,39.883892,18.167692,134.95292917423757,2021-08-21
c0798,39.883892,18.167692,134.5736942317142,2021-08-22
c0798,39.883892,18.167692,133.34530062183217,2021-08-23
c0798,39.883892,18.167692,132.75888570763007,2021-08-24
c0798,39.883892,18.167692,132.37323876289062,2021-08-25
c0798,39.883892,18.167692,130.2803944918279,2021-08-26
c0798,39.883892,18.167692,138.92846652319523,2021-08-27
c0798,39.883892,18.167692,139.54622958624887,2021-08-28
c0798,39.883892,18.167692,135.6514658384437,2021-08-29
c0798,39.883892,18.167692,136.58092296086005,2021-08-30
c0798,39.883892,18.167692,134.3071356003806,2021-08-31
c0798,39.883892,18.167692,135.7368120155321,2021-09-01
c0798,39.883892,18.167692,133.11924770183398,2021-09-02
c0798,39.883892,18.167692,130.50462704400942,2021-09-03
c0798,39.883892,18.167692,130.6219069716494,2021-09-04
c0798,39.883892,18.167692,136.21346545515783,2021-09-05
c0798,39.883892,18.167692,142.71609534375165,2021-09-06
c0798,39.883892,18.167692,143.81297415915867,2021-09-07
c0798,39.883892,18.167692,147.08767780668325,2021-09-08
c0798,39.883892,18.167692,147.53999226765956,2021-09-09
c0798,39.883892,18.167692,141.28272677188667,2021-09-10
c0798,39.883892,18.167692,139.9302390855986,2021-09-11
c0798,39.883892,18.167692,141.76888948499146,2021-09-12
c0798,39.883892,18.167692,140.40035148591923,2021-09-13
c0798,39.883892,18.167692,139.2343774338556,2021-09-14
c0798,39.883892,18.167692,137.21187625782136,2021-09-15
c0798,39.883892,18.167692,130.78149081338702,2021-09-16
c0798,39.883892,18.167692,130.65986668407984,2021-09-17
c0798,39.883892,18.167692,131.98154352133324,2021-09-18
c0798,39.883892,18.167692,136.77264306061778,2021-09-19
c0798,39.883892,18.167692,134.79610811927876,2021-09-20
c0798,39.883892,18.167692,132.38112263292274,2021-09-21
c0798,39.883892,18.167692,131.38333989196823,2021-09-22
c0798,39.883892,18.167692,132.3936943058128,2021-09-23
c0798,39.883892,18.167692,135.80739287025577,2021-09-24
c0798,39.883892,18.167692,130.97410311262632,2021-09-25
c0798,39.883892,18.167692,131.34698492343793,2021-09-26
c0798,39.883892,18.167692,129.648007841645,2021-09-27
c0798,39.883892,18.167692,132.408040036562,2021-09-28
c0798,39.883892,18.167692,130.22898047770423,2021-09-30
c0798,39.883892,18.167692,137.7929419811696,2021-10-01
c0798,39.883892,18.167692,135.071336165335,2021-10-02
c0798,39.883892,18.167692,141.56814157053907,2021-10-03
c0798,39.883892,18.167692,134.23138049852707,2021-10-04
c0798,39.883892,18.167692,132.74603879001054,2021-10-05
c0798,39.883892,18.167692,133.60021338356125,2021-10-06
c0798,39.883892,18.167692,143.33275535858957,2021-10-07
c0798,39.883892,18.167692,152.0452823654381,2021-10-08
c0798,39.883892,18.167692,140.25634205899047,2021-10-09
c0798,39.883892,18.167692,138.3214061098503,2021-10-10
c0798,39.883892,18.167692,139.96532990401485,2021-10-11
c0798,39.883892,18.167692,137.32544211413622,2021-10-12
c0798,39.883892,18.167692,143.83207112503626,2021-10-13
c0798,39.883892,18.167692,,2021-10-14
c0798,39.883892,18.167692,154.56893284647302,2021-10-15
c0798,39.883892,18.167692,146.8009357299014,2021-10-16
c0798,39.883892,18.167692,146.94727451176652,2021-10-17
c0798,39.883892,18.167692,145.78106849666105,2021-10-18
c0798,39.883892,18.167692,144.3659046736762,2021-10-19
c0798,39.883892,18.167692,137.10714936286902,2021-10-20
c0798,39.883892,18.167692,131.06822961177662,2021-10-21
c0798,39.883892,18.167692,130.51735825569497,2021-10-22
c0798,39.883892,18.167692,131.03523704516542,2021-10-23
c0798,39.883892,18.167692,133.9988883900297,2021-10-24
c0798,39.883892,18.167692,134.11584696011357,2021-10-25
c0798,39.883892,18.167692,,2021-10-26
c0798,39.883892,18.167692,132.9732085851527,2021-10-27
c0798,39.883892,18.167692,136.0131091076011,2021-10-28
c0798,39.883892,18.167692,136.74205441501206,2021-10-29
c0798,39.883892,18.167692,141.68601936567669,2021-10-30
c0798,39.883892,18.167692,140.7894984458431,2021-10-31
c0798,39.883892,18.167692,135.9422713665137,2021-11-01
c0798,39.883892,18.167692,130.19557100118743,2021-11-02
c0798,39.883892,18.167692,123.8083296506413,2021-11-03
c0798,39.883892,18.167692,124.7631021802308,2021-11-04
c0798,39.883892,18.167692,123.0589029634385,2021-11-05
c0798,39.883892,18.167692,118.86315204976292,2021-11-06
c0798,39.883892,18.167692,118.36191837827066,2021-11-07
c0798,39.883892,18.167692,118.0453783375618,2021-11-08
c0798,39.883892,18.167692,118.69252060259824,2021-11-09
c0798,39.883892,18.167692,124.96838540189998,2021-11-10
c0798,39.883892,18.167692,135.21886625852252,2021-11-11
c0798,39.883892,18.167692,128.68370757675623,2021-11-12
c0798,39.883892,18.167692,126.74723011120874,2021-11-13
c0798,39.883892,18.167692,130.93546297161114,2021-11-14
c0798,39.883892,18.167692,130.1611373801939,2021-11-15
c0798,39.883892,18.167692,126.088373671682,2021-11-16
c0798,39.883892,18.167692,124.99241249746488,2021-11-17
c0798,39.883892,18.167692,129.7330758603097,2021-11-18
c0798,39.883892,18.167692,133.653867304488,2021-11-19
c0798,39.883892,18.167692,135.21128198772692,2021-11-20
c0798,39.883892,18.167692,138.91598538907638,2021-11-21
c0798,39.883892,18.167692,145.18214756367334,2021-11-22
c0798,39.883892,18.167692,146.05263767973702,2021-11-23
c0798,39.883892,18.167692,137.65010364992776,2021-11-24
c0798,39.883892,18.167692,137.63950049683373,2021-11-25
c0798,39.883892,18.167692,145.14702133212666,2021-11-26
c0798,39.883892,18.167692,146.82420472940396,2021-11-27
c0798,39.883892,18.167692,135.86041536966616,2021-11-28
c0798,39.883892,18.167692,153.47133442460017,2021-11-29
c0798,39.883892,18.167692,159.11063739186162,2021-11-30
c0798,39.883892,18.167692,139.9165009707016,2021-12-01
c0798,39.883892,18.167692,148.43905035535985,2021-12-02
c0798,39.883892,18.167692,149.29739855864045,2021-12-03
c0798,39.883892,18.167692,145.77338021340668,2021-12-04
c0798,39.883892,18.167692,139.78888023421803,2021-12-05
c0798,39.883892,18.167692,162.68938915986936,2021-12-06
c0798,39.883892,18.167692,162.19652496785366,2021-12-07
c0798,39.883892,18.167692,139.68087610069847,2021-12-08
c0798,39.883892,18.167692,151.60701755160727,2021-12-09
c0798,39.883892,18.167692,167.30678692950357,2021-12-10
c0798,39.883892,18.167692,,2021-12-11
c0798,39.883892,18.167692,171.15955496337074,2021-12-12
c0798,39.883892,18.167692,162.75769210322784,2021-12-13
c0798,39.883892,18.167692,142.1510169169062,2021-12-14
c0798,39.883892,18.167692,146.63401966679905,2021-12-15
c0798,39.883892,18.167692,166.7715106000022,2021-12-16
c0798,39.883892,18.167692,158.51588151713418,2021-12-17
c0798,39.883892,18.167692,144.75013175473103,2021-12-18
c0798,39.883892,18.167692,137.37828950240126,2021-12-19
c0798,39.883892,18.167692,144.29728783367997,2021-12-20
c0798,39.883892,18.167692,135.29298023301837,2021-12-21
c0798,39.883892,18.167692,163.43883117701424,2021-12-22
c0798,39.883892,18.167692,152.6639902080862,2021-12-23
c0798,39.883892,18.167692,127.76186347405373,2021-12-24
c0798,39.883892,18.167692,142.92079871007724,2021-12-25
c0798,39.883892,18.167692,143.29200594030348,2021-12-26
c0798,39.883892,18.167692,131.37026723990013,2021-12-27
c0798,39.883892,18.167692,133.87381818504997,2021-12-28
c0798,39.883892,18.167692,154.16365227739308,2021-12-29
c0798,39.883892,18.167692,135.49437413875077,2021-12-30
c0798,39.883892,18.167692,125.57380174443844,2021-12-31
c0798,39.883892,18.167692,126.0753099651017,2022-01-01
c0798,39.883892,18.167692,128.15087393769454,2022-01-02
c0798,39.883892,18.167692,125.97766657615432,2022-01-03
c0798,39.883892,18.167692,130.0536160453981,2022-01-04
c0798,39.883892,18.167692,131.74918961952747,2022-01-05
c0798,39.883892,18.167692,146.07091274381352,2022-01-06
c0798,39.883892,18.167692,165.56348996877472,2022-01-07
c0798,39.883892,18.167692,149.97611440291692,2022-01-08
c0798,39.883892,18.167692,177.33597526945763,2022-01-09
c0798,39.883892,18.167692,190.8069578580505,2022-01-10
c0798,39.883892,18.167692,180.0693144322482,2022-01-11
c0798,39.883892,18.167692,174.4780693855381,2022-01-12
c0798,39.883892,18.167692,149.0268684610407,2022-01-13
c0798,39.883892,18.167692,135.42486707685072,2022-01-14
c0798,39.883892,18.167692,143.87900014546915,2022-01-15
c0798,39.883892,18.167692,137.17414619143685,2022-01-16
c0798,39.883892,18.167692,155.45915073471605,2022-01-17
c0798,39.883892,18.167692,158.48833604589402,2022-01-18
c0798,39.883892,18.167692,155.70142308238232,2022-01-19
c0798,39.883892,18.167692,142.725129956838,2022-01-20
c0798,39.883892,18.167692,157.5339430618978,2022-01-21
c0798,39.883892,18.167692,150.00378856294896,2022-01-22
c0798,39.883892,18.167692,164.121544898293,2022-01-23
c0798,39.883892,18.167692,181.2863647942098,2022-01-24
c0798,39.883892,18.167692,166.52101949558775,2022-01-25
c0798,39.883892,18.167692,170.22456628588077,2022-01-26
c0798,39.883892,18.167692,158.4378044458858,2022-01-27
c0798,39.883892,18.167692,154.55124669270785,2022-01-28
c0798,39.883892,18.167692,178.5912825568718,2022-01-29
c0798,39.883892,18.167692,151.66339743081906,2022-01-30
c0798,39.883892,18.167692,145.71917826442086,2022-01-31
c0798,39.883892,18.167692,171.80896397649877,2022-02-01
c0798,39.883892,18.167692,160.7033559377515,2022-02-02
c0798,39.883892,18.167692,144.08655284150478,2022-02-03
c0798,39.883892,18.167692,144.39425961390984,2022-02-04
c0798,39.883892,18.167692,145.21217174637766,2022-02-05
c0798,39.883892,18.167692,146.3389554478912,2022-02-06
c0798,39.883892,18.167692,158.81563263316932,2022-02-07
c0798,39.883892,18.167692,161.22212282267336,2022-02-08
c0798,39.883892,18.167692,144.78034047873356,2022-02-09
c0798,39.883892,18.167692,144.53386868267387,2022-02-10
c0798,39.883892,18.167692,142.01054045169508,2022-02-11
c0798,39.883892,18.167692,149.8007153132076,2022-02-12
c0798,39.883892,18.167692,150.48451886918247,2022-02-13
c0798,39.883892,18.167692,157.7917214396089,2022-02-14
c0798,39.883892,18.167692,152.5393714028661,2022-02-15
c0798,39.883892,18.167692,169.0094518006614,2022-02-16
c0798,39.883892,18.167692,154.35354417146806,2022-02-17
c0798,39.883892,18.167692,142.81691813701124,2022-02-18
c0798,39.883892,18.167692,140.01947844098936,2022-02-19
c0798,39.883892,18.167692,,2022-02-20
c0798,39.883892,18.167692,181.67132402335295,2022-02-22
c0798,39.883892,18.167692,148.92478289103278,2022-02-23
c0798,39.883892,18.167692,143.11877937363312,2022-02-24
c0798,39.883892,18.167692,146.52417314023586,2022-02-25
c0798,39.883892,18.167692,149.1164996350597,2022-02-26
c0798,39.883892,18.167692,178.36696135786016,2022-02-27
c0798,39.883892,18.167692,179.7665522495491,2022-02-28
c0798,39.883892,18.167692,190.15620122318617,2022-03-01
c0798,39.883892,18.167692,190.7263245842545,2022-03-02
c0798,39.883892,18.167692,163.68707144302292,2022-03-03
c0798,39.883892,18.167692,169.47570053951813,2022-03-04
c0798,39.883892,18.167692,168.17913143757093,2022-03-05
c0798,39.883892,18.167692,154.3794275186148,2022-03-06
c0798,39.883892,18.167692,167.1629690361571,2022-03-07
c0798,39.883892,18.167692,172.74757798794616,2022-03-08
c0798,39.883892,18.167692,170.94403444298365,2022-03-09
c0798,39.883892,18.167692,160.06217467836424,2022-03-10
c0798,39.883892,18.167692,186.66899174764737,2022-03-11
c0798,39.883892,18.167692,168.0519210633613,2022-03-12
c0798,39.883892,18.167692,176.27210030133895,2022-03-13
c0798,39.883892,18.167692,161.17901953176923,2022-03-14
c0798,39.883892,18.167692,147.20835951103288,2022-03-15
c0798,39.883892,18.167692,156.48006522092504,2022-03-16
c0798,39.883892,18.167692,159.3308376999637,2022-03-17
c0798,39.883892,18.167692,154.92394397212755,2022-03-18
c0798,39.883892,18.167692,157.1911794007098,2022-03-19
c0798,39.883892,18.167692,154.82562117292423,2022-03-20
c0798,39.883892,18.167692,155.04217955291008,2022-03-21
c0798,39.883892,18.167692,151.6077087132594,2022-03-22
c0798,39.883892,18.167692,152.6369051726648,2022-03-23
c0798,39.883892,18.167692,155.81642277128378,2022-03-24
c0798,39.883892,18.167692,153.0861830660909,2022-03-25
c0798,39.883892,18.167692,155.73891403269175,2022-03-26
c0798,39.883892,18.167692,142.20449653826492,2022-03-27
c0798,39.883892,18.167692,145.41048382292902,2022-03-28
c0798,39.883892,18.167692,145.99293164288787,2022-03-29
c0798,39.883892,18.167692,145.38033043806928,2022-03-30
c0798,39.883892,18.167692,158.74549587197637,2022-03-31
c0798,39.883892,18.167692,176.53665425986162,2022-04-01
c0798,39.883892,18.167692,180.4469757032799,2022-04-02
c0798,39.883892,18.167692,169.29801397722568,2022-04-03
c0798,39.883892,18.167692,162.2178199028895,2022-04-04
c0798,39.883892,18.167692,153.22693169510285,2022-04-05
c0798,39.883892,18.167692,141.11554720928393,2022-04-06
c0798,39.883892,18.167692,172.85909641489098,2022-04-07
c0798,39.883892,18.167692,151.27993596565295,2022-04-08
c0798,39.883892,18.167692,155.51074818712956,2022-04-09
c0798,39.883892,18.167692,170.56147941419223,2022-04-10
c0798,39.883892,18.167692,148.61375622059535,2022-04-11
c0798,39.883892,18.167692,148.69947565280336,2022-04-12
c0798,39.883892,18.167692,151.77164306060112,2022-04-13
c0798,39.883892,18.167692,152.55824176463454,2022-04-14
c0798,39.883892,18.167692,153.9557860263598,2022-04-15
c0798,39.883892,18.167692,147.92769066239737,2022-04-16
c0798,39.883892,18.167692,163.80555682389715,2022-04-17
c0798,39.883892,18.167692,181.25518713155165,2022-04-18
c0798,39.883892,18.167692,168.5569773927478,2022-04-19
c0798,39.883892,18.167692,159.63378026306367,2022-04-20
c0798,39.883892,18.167692,155.26295844709867,2022-04-21
c0798,39.883892,18.167692,160.6371556458289,2022-04-22
c0798,39.883892,18.167692,152.27998349394804,2022-04-23
c0798,39.883892,18.167692,150.99607816088218,2022-04-24
c0798,39.883892,18.167692,151.17605168207314,2022-04-25
c0798,39.883892,18.167692,160.97469555832117,2022-04-26
c0798,39.883892,18.167692,156.00405440645753,2022-04-27
c0798,39.883892,18.167692,159.25435470636623,2022-04-28
c0798,39.883892,18.167692,151.28775261273935,2022-04-29
c0798,39.883892,18.167692,159.8774603149668,2022-04-30
c0798,39.883892,18.167692,162.90870440821655,2022-05-01
c0798,39.883892,18.167692,164.32853987207267,2022-05-02
c0798,39.883892,18.167692,156.88900694733292,2022-05-03
c0798,39.883892,18.167692,167.23453685625998,2022-05-04
c0798,39.883892,18.167692,160.6483947271018,2022-05-05
c0798,39.883892,18.167692,161.51185593523988,2022-05-06
c0798,39.883892,18.167692,160.68208138242915,2022-05-07
c0798,39.883892,18.167692,163.8742602877912,2022-05-08
c0798,39.883892,18.167692,168.4590581310115,2022-05-09
c0798,39.883892,18.167692,165.3178957351585,2022-05-10
c0798,39.883892,18.167692,163.8261010240607,2022-05-11
c0798,39.883892,18.167692,161.5767400662592,2022-05-12
c0798,39.883892,18.167692,159.2210391552733,2022-05-13
c0798,39.883892,18.167692,151.00383238493612,2022-05-14
c0798,39.883892,18.167692,153.3834635191757,2022-05-15
c0798,39.883892,18.167692,153.15632857341038,2022-05-16
c0798,39.883892,18.167692,154.48108694599804,2022-05-17
c0798,39.883892,18.167692,154.07092919218468,2022-05-18
c0798,39.883892,18.167692,160.70571360240703,2022-05-19
c0798,39.883892,18.167692,153.97182752049088,2022-05-20
c0798,39.883892,18.167692,156.8196383570039,2022-05-21
c0798,39.883892,18.167692,152.20017666344978,2022-05-22
c0798,39.883892,18.167692,152.34265548613928,2022-05-23
c0798,39.883892,18.167692,155.13963482953827,2022-05-24
c0798,39.883892,18.167692,148.3415094024266,2022-05-25
c0798,39.883892,18.167692,147.52107115036594,2022-05-26
c0798,39.883892,18.167692,143.89414302316038,2022-05-27
c0798,39.883892,18.167692,146.2772135923424,2022-05-28
c0798,39.883892,18.167692,158.09203936262566,2022-05-29
c0798,39.883892,18.167692,153.89135880849375,2022-05-30
c0798,39.883892,18.167692,150.48295670850473,2022-05-31
c0798,39.883892,18.167692,142.49510015005202,2022-06-01
c0798,39.883892,18.167692,140.86055252724512,2022-06-02
c0798,39.883892,18.167692,141.08215231933718,2022-06-03
c0798,39.883892,18.167692,130.49432895617718,2022-06-04
c0798,39.883892,18.167692,128.86394558167595,2022-06-05
c0798,39.883892,18.167692,132.24675856374293,2022-06-06
c0798,39.883892,18.167692,139.8168022191257,2022-06-07
c0798,39.883892,18.167692,145.72361780308435,2022-06-08
c0798,39.883892,18.167692,159.76540964140372,2022-06-09
c0798,39.883892,18.167692,166.8767890143674,2022-06-10
c0798,39.883892,18.167692,154.46878039904047,2022-06-11
c0798,39.883892,18.167692,146.07937182330912,2022-06-12
c0798,39.883892,18.167692,147.97904187533018,2022-06-13
c0798,39.883892,18.167692,147.11967430896632,2022-06-14
c0798,39.883892,18.167692,151.25524922214274,2022-06-15
c0798,39.883892,18.167692,158.29873072222566,2022-06-16
c0798,39.883892,18.167692,146.32523650927735,2022-06-17
c0798,39.883892,18.167692,150.6038879942837,2022-06-18
c0798,39.883892,18.167692,142.29378027658476,2022-06-19
c0798,39.883892,18.167692,136.9450241744172,2022-06-20
c0798,39.883892,18.167692,132.82220582412089,2022-06-21
c0798,39.883892,18.167692,,2022-06-22
c0798,39.883892,18.167692,133.09325467377147,2022-06-23
c0798,39.883892,18.167692,134.63632568175197,2022-06-24
c0798,39.883892,18.167692,137.14000363520782,2022-06-25
c0798,39.883892,18.167692,138.15185430744404,2022-06-26
c0798,39.883892,18.167692,133.72901356472684,2022-06-27
c0798,39.883892,18.167692,133.410636132733,2022-06-28
c0798,39.883892,18.167692,138.5332249648119,2022-06-29
c0798,39.883892,18.167692,139.57313647222782,2022-06-30
c0798,39.883892,18.167692,138.2286150251542,2022-07-01
c0798,39.883892,18.167692,139.01056233719558,2022-07-02
c0798,39.883892,18.167692,138.47308477525593,2022-07-03
c0798,39.883892,18.167692,139.87373201620434,2022-07-04
c0798,39.883892,18.167692,138.48899313218084,2022-07-05
c0798,39.883892,18.167692,138.4884553471275,2022-07-06
c0798,39.883892,18.167692,138.8426581137374,2022-07-07
c0798,39.883892,18.167692,152.81129042021416,2022-07-08
c0798,39.883892,18.167692,147.98251581749938,2022-07-09
c0798,39.883892,18.167692,149.56976836544098,2022-07-10
c0798,39.883892,18.167692,149.5386695353247,2022-07-11
c0798,39.883892,18.167692,142.912741530694,2022-07-12
c0798,39.883892,18.167692,157.79778265005285,2022-07-13
c0798,39.883892,18.167692,141.39751261023702,2022-07-14
c0798,39.883892,18.167692,141.8524500062509,2022-07-15
c0798,39.883892,18.167692,141.74219271478313,2022-07-16
c0798,39.883892,18.167692,140.69153830598557,2022-07-17
c0798,39.883892,18.167692,141.74220356179103,2022-07-18
c0798,39.883892,18.167692,145.45443062224038,2022-07-19
c0798,39.883892,18.167692,145.23080743866848,2022-07-20
c0798,39.883892,18.167692,139.7696138165655,2022-07-21
c0798,39.883892,18.167692,139.02178722757753,2022-07-22
c0798,39.883892,18.167692,138.54271998975983,2022-07-23
c0798,39.883892,18.167692,137.33419761898293,2022-07-24
c0798,39.883892,18.167692,144.0870139538799,2022-07-25
c0798,39.883892,18.167692,136.71621413444964,2022-07-26
c0798,39.883892,18.167692,135.75855585658888,2022-07-27
c0798,39.883892,18.167692,135.59356441510974,2022-07-28
c0798,39.883892,18.167692,131.07428375937835,2022-07-29
c0798,39.883892,18.167692,131.03873866263277,2022-07-30
c0798,39.883892,18.167692,131.77095275258887,2022-07-31
c0798,39.883892,18.167692,132.87419457100603,2022-08-01
c0798,39.883892,18.167692,136.4463107082859,2022-08-02
c0798,39.883892,18.167692,138.94886170121663,2022-08-03
c0798,39.883892,18.167692,137.6911739861654,2022-08-04
c0798,39.883892,18.167692,136.27112998163537,2022-08-05
c0798,39.883892,18.167692,139.21797404659748,2022-08-06
c0798,39.883892,18.167692,136.66181578649028,2022-08-07
c0798,39.883892,18.167692,136.00253957882163,2022-08-08
c0798,39.883892,18.167692,140.80188895806288,2022-08-09
c0798,39.883892,18.167692,139.5398055737409,2022-08-10
c0798,39.883892,18.167692,139.18256443388287,2022-08-11
c0798,39.883892,18.167692,144.80944858628737,2022-08-12
c0798,39.883892,18.167692,142.76557825955186,2022-08-13
c0798,39.883892,18.167692,145.21304886777725,2022-08-14
c0798,39.883892,18.167692,139.59501758025715,2022-08-15
c0798,39.883892,18.167692,139.70785614178743,2022-08-16
c0798,39.883892,18.167692,136.63958240521285,2022-08-17
c0798,39.883892,18.167692,128.04617489696224,2022-08-18
c0798,39.883892,18.167692,126.95681370841798,2022-08-19
c0798,39.883892,18.167692,138.29099677484706,2022-08-20
c0798,39.883892,18.167692,139.38479788597735,2022-08-21
c0798,39.883892,18.167692,142.0534222009587,2022-08-22
c0798,39.883892,18.167692,143.68163759275294,2022-08-23
c0798,39.883892,18.167692,145.35509811206015,2022-08-24
c0798,39.883892,18.167692,143.34989707512523,2022-08-25
c0798,39.883892,18.167692,140.55924330329916,2022-08-26
c0798,39.883892,18.167692,139.38712680609544,2022-08-27
c0798,39.883892,18.167692,139.8803473908014,2022-08-28
c0798,39.883892,18.167692,142.1808775651006,2022-08-29
c0798,39.883892,18.167692,139.80467588496322,2022-08-31
c0798,39.883892,18.167692,134.9905247551737,2022-09-01
c0798,39.883892,18.167692,137.79365607487523,2022-09-02
c0798,39.883892,18.167692,133.7295544512383,2022-09-03
c0798,39.883892,18.167692,130.59134564369214,2022-09-04
c0798,39.883892,18.167692,132.76944722911676,2022-09-05
c0798,39.883892,18.167692,131.26069702519663,2022-09-06
c0798,39.883892,18.167692,129.63025839354358,2022-09-07
c0798,39.883892,18.167692,133.41730224288258,2022-09-08
c0798,39.883892,18.167692,132.19715794445264,2022-09-09
c0798,39.883892,18.167692,132.09608513680377,2022-09-10
c0798,39.883892,18.167692,134.1279124659811,2022-09-11
c0798,39.883892,18.167692,137.26327001929025,2022-09-12
c0798,39.883892,18.167692,138.6610153460734,2022-09-13
c0798,39.883892,18.167692,133.08762737230646,2022-09-14
c0798,39.883892,18.167692,132.17850137313047,2022-09-15
c0798,39.883892,18.167692,132.60748849866897,2022-09-16
c0798,39.883892,18.167692,134.48992253785886,2022-09-17
c0798,39.883892,18.167692,134.07792029095,2022-09-18
c0798,39.883892,18.167692,139.6338147639257,2022-09-19
c0798,39.883892,18.167692,146.56701041843726,2022-09-20
c0798,39.883892,18.167692,144.2843007342884,2022-09-21
c0798,39.883892,18.167692,143.835298527239,2022-09-22
c0798,39.883892,18.167692,143.30063548583985,2022-09-23
c0798,39.883892,18.167692,,2022-09-24
c0798,39.883892,18.167692,132.38574285502102,2022-09-25
c0798,39.883892,18.167692,130.69875934659478,2022-09-26
c0798,39.883892,18.167692,136.9438427690441,2022-09-27
c0798,39.883892,18.167692,131.69358419374575,2022-09-28
c0798,39.883892,18.167692,130.14806356057787,2022-09-29
c0798,39.883892,18.167692,126.88067809615372,2022-09-30
c0798,39.883892,18.167692,125.55065537623416,2022-10-01
c0798,39.883892,18.167692,120.36735340849096,2022-10-02
c0798,39.883892,18.167692,127.89422402433554,2022-10-03
c0798,39.883892,18.167692,135.09547511143106,2022-10-04
c0798,39.883892,18.167692,135.68515506920758,2022-10-05
c0798,39.883892,18.167692,132.2107322627166,2022-10-06
c0798,39.883892,18.167692,126.61022593791766,2022-10-07
c0798,39.883892,18.167692,123.49412089982044,2022-10-08
c0798,39.883892,18.167692,124.7452916650518,2022-10-09
c0798,39.883892,18.167692,126.37450604651676,2022-10-10
c0798,39.883892,18.167692,132.67775693576425,2022-10-11
c0798,39.883892,18.167692,130.98170412773567,2022-10-12
c0798,39.883892,18.167692,127.79601929124196,2022-10-13
c0798,39.883892,18.167692,131.78477142045028,2022-10-14
c0798,39.883892,18.167692,125.20146761364244,2022-10-15
c0798,39.883892,18.167692,124.62156884019656,2022-10-16
c0798,39.883892,18.167692,122.9270126551834,2022-10-17
c0798,39.883892,18.167692,120.58544454227864,2022-10-18
c0798,39.883892,18.167692,114.81483955311302,2022-10-19
c0798,39.883892,18.167692,114.86051719345956,2022-10-20
c0798,39.883892,18.167692,117.0433088987918,2022-10-21
c0798,39.883892,18.167692,117.7563183184365,2022-10-22
c0798,39.883892,18.167692,119.97234459396196,2022-10-23
c0798,39.883892,18.167692,119.9537249746962,2022-10-24
c0798,39.883892,18.167692,130.3242961264486,2022-10-25
c0798,39.883892,18.167692,131.77254747637653,2022-10-26
c0798,39.883892,18.167692,134.48504944388185,2022-10-27
c0798,39.883892,18.167692,126.46404693728056,2022-10-28
c0798,39.883892,18.167692,122.98016157796228,2022-10-29
c0798,39.883892,18.167692,126.6886322214851,2022-10-30
c0798,39.883892,18.167692,123.26650805601427,2022-10-31
c0798,39.883892,18.167692,123.2492562571518,2022-11-01
c0798,39.883892,18.167692,123.078999707459,2022-11-02
c0798,39.883892,18.167692,127.88720595916588,2022-11-03
c0798,39.883892,18.167692,123.31027807956924,2022-11-04
c0798,39.883892,18.167692,140.04921113083444,2022-11-05
c0798,39.883892,18.167692,146.89749662874644,2022-11-06
c0798,39.883892,18.167692,125.69372924194712,2022-11-07
c0798,39.883892,18.167692,128.26936879499922,2022-11-08
c0798,39.883892,18.167692,120.3214080798257,2022-11-09
c0798,39.883892,18.167692,127.8738260448526,2022-11-10
c0798,39.883892,18.167692,131.6873819087599,2022-11-11
c0798,39.883892,18.167692,148.216653223419,2022-11-12
c0798,39.883892,18.167692,128.68885502445576,2022-11-13
c0798,39.883892,18.167692,126.25725966080743,2022-11-14
c0798,39.883892,18.167692,134.99768320952455,2022-11-15
c0798,39.883892,18.167692,,2022-11-16
c0798,39.883892,18.167692,115.52707272130392,2022-11-19
c0798,39.883892,18.167692,123.7542268395256,2022-11-20
c0798,39.883892,18.167692,127.7707482070362,2022-11-21
c0798,39.883892,18.167692,131.0524094110296,2022-11-22
c0798,39.883892,18.167692,140.33861870964265,2022-11-23
c0798,39.883892,18.167692,137.89941910904636,2022-11-24
c0798,39.883892,18.167692,132.60434773039293,2022-11-25
c0798,39.883892,18.167692,140.40981015926323,2022-11-26
c0798,39.883892,18.167692,139.77663428392876,2022-11-27
c0798,39.883892,18.167692,125.41243433670137,2022-11-28
c0798,39.883892,18.167692,139.60059407923129,2022-11-29
c0798,39.883892,18.167692,138.30364145277557,2022-11-30
c0798,39.883892,18.167692,132.91719599914416,2022-12-01
c0798,39.883892,18.167692,130.12174368641018,2022-12-02
c0798,39.883892,18.167692,139.1659619913255,2022-12-03
c0798,39.883892,18.167692,141.3863061773976,2022-12-04
c0798,39.883892,18.167692,122.61399556331727,2022-12-05
c0798,39.883892,18.167692,128.51473966501035,2022-12-06
c0798,39.883892,18.167692,128.52352652800275,2022-12-07
c0798,39.883892,18.167692,126.36368753060376,2022-12-08
c0798,39.883892,18.167692,128.005562162075,2022-12-09
c0798,39.883892,18.167692,131.5163767569302,2022-12-10
c0798,39.883892,18.167692,144.14522931398156,2022-12-11
c0798,39.883892,18.167692,135.22419185154425,2022-12-12
c0798,39.883892,18.167692,139.5914392936418,2022-12-13
c0798,39.883892,18.167692,126.11123136848867,2022-12-14
c0798,39.883892,18.167692,123.33697566231882,2022-12-15
c0798,39.883892,18.167692,124.05360144924184,2022-12-16
c0798,39.883892,18.167692,121.69868059780904,2022-12-17
c0798,39.883892,18.167692,116.24406603298976,2022-12-18
c0798,39.883892,18.167692,123.2034761243738,2022-12-19
c0798,39.883892,18.167692,124.92692303666766,2022-12-20
c0798,39.883892,18.167692,121.08577916086752,2022-12-21
c0798,39.883892,18.167692,134.40529677589834,2022-12-22
c0798,39.883892,18.167692,134.536154211556,2022-12-23
c0798,39.883892,18.167692,131.44090460999476,2022-12-24
c0798,39.883892,18.167692,129.39469634299454,2022-12-25
c0798,39.883892,18.167692,124.8702761691482,2022-12-26
c0798,39.883892,18.167692,131.40162555341675,2022-12-27
c0798,39.883892,18.167692,146.37087898757252,2022-12-28
c0798,39.883892,18.167692,143.31238313408016,2022-12-29
c0798,39.883892,18.167692,152.11413417896665,2022-12-30
c0798,39.883892,18.167692,147.85249967262084,2022-12-31
c0798,39.883892,18.167692,136.391025900621,2023-01-01
c0798,39.883892,18.167692,135.88110641970223,2023-01-02
c0798,39.883892,18.167692,129.7267624164148,2023-01-03
c0798,39.883892,18.167692,132.9363602785922,2023-01-04
c0798,39.883892,18.167692,134.77856931302514,2023-01-05
c0798,39.883892,18.167692,130.13550734928117,2023-01-06
c0798,39.883892,18.167692,133.0317954473681,2023-01-07
c0798,39.883892,18.167692,134.26676194248904,2023-01-08
c0798,39.883892,18.167692,144.0693519370944,2023-01-09
c0798,39.883892,18.167692,183.66412389957964,2023-01-10
c0798,39.883892,18.167692,162.7968777282439,2023-01-11
c0798,39.883892,18.167692,158.2483622183911,2023-01-12
c0798,39.883892,18.167692,148.7717429757619,2023-01-13
c0798,39.883892,18.167692,159.70603661911335,2023-01-14
c0798,39.883892,18.167692,148.9613903938051,2023-01-15
c0798,39.883892,18.167692,149.35745642588614,2023-01-16
c0798,39.883892,18.167692,138.57431708807687,2023-01-18
c0798,39.883892,18.167692,152.6389734402676,2023-01-19
c0798,39.883892,18.167692,160.63985365796006,2023-01-20
c0798,39.883892,18.167692,164.61466852075156,2023-01-21
c0798,39.883892,18.167692,167.62396183542532,2023-01-22
c0798,39.883892,18.167692,159.35665999815404,2023-01-23
c0798,39.883892,18.167692,154.06889451700178,2023-01-24
c0798,39.883892,18.167692,164.01805235529338,2023-01-25
c0798,39.883892,18.167692,164.84222850429362,2023-01-26
c0798,39.883892,18.167692,171.63667868397653,2023-01-27
c0798,39.883892,18.167692,179.9761524917739,2023-01-28
c0798,39.883892,18.167692,180.21718744886556,2023-01-29
c0798,39.883892,18.167692,170.85391317718486,2023-01-30
c0798,39.883892,18.167692,158.61598274348762,2023-01-31
c0798,39.883892,18.167692,154.09321173885704,2023-02-01
c0798,39.883892,18.167692,166.68400556100528,2023-02-02
c0798,39.883892,18.167692,157.1983370169134,2023-02-03
c0798,39.883892,18.167692,164.5690211028835,2023-02-04
c0798,39.883892,18.167692,160.8363555029991,2023-02-05
c0798,39.883892,18.167692,165.47860964260636,2023-02-06
c0798,39.883892,18.167692,150.11533054516843,2023-02-07
c0798,39.883892,18.167692,135.5436888366493,2023-02-08
c0798,39.883892,18.167692,133.19706803179324,2023-02-09
c0798,39.883892,18.167692,154.10943669459974,2023-02-10
c0798,39.883892,18.167692,155.50493485106608,2023-02-11
c0798,39.883892,18.167692,143.62844444111508,2023-02-12
c0798,39.883892,18.167692,134.57612744484436,2023-02-13
c0798,39.883892,18.167692,128.68581675135556,2023-02-14
c0798,39.883892,18.167692,122.64511234410004,2023-02-15
c0798,39.883892,18.167692,134.06238628237003,2023-02-16
c0798,39.883892,18.167692,138.4746763455229,2023-02-17
c0798,39.883892,18.167692,142.88970917377006,2023-02-18
c0798,39.883892,18.167692,139.14023737204303,2023-02-19
c0798,39.883892,18.167692,137.3560836945272,2023-02-20
c0798,39.883892,18.167692,134.06052399853303,2023-02-21
c0798,39.883892,18.167692,141.87248887469423,2023-02-22
c0798,39.883892,18.167692,139.6007379988053,2023-02-23
c0798,39.883892,18.167692,145.9673751587368,2023-02-24
c0798,39.883892,18.167692,145.18234445272142,2023-02-25
c0798,39.883892,18.167692,148.06656620027158,2023-02-26
c0798,39.883892,18.167692,154.60261771364895,2023-02-27
c0798,39.883892,18.167692,157.64263196488443,2023-02-28
c0798,39.883892,18.167692,157.0145264540734,2023-03-01
c0798,39.883892,18.167692,153.77351665702045,2023-03-02
c0798,39.883892,18.167692,160.61227578482942,2023-03-03
c0798,39.883892,18.167692,165.70544635472658,2023-03-04
c0798,39.883892,18.167692,168.5864447679512,2023-03-05
c0798,39.883892,18.167692,161.331338264285,2023-03-06
c0798,39.883892,18.167692,160.84733925209215,2023-03-07
c0798,39.883892,18.167692,159.54869991213604,2023-03-08
c0798,39.883892,18.167692,142.70703779538226,2023-03-09
c0798,39.883892,18.167692,161.15213158531552,2023-03-10
c0798,39.883892,18.167692,151.26159322461714,2023-03-11
c0798,39.883892,18.167692,170.19288198423624,2023-03-12
c0798,39.883892,18.167692,157.68676613257864,2023-03-13
c0798,39.883892,18.167692,147.39200456514448,2023-03-14
c0798,39.883892,18.167692,173.65543858415307,2023-03-15
c0798,39.883892,18.167692,164.73866693568112,2023-03-16
c0798,39.883892,18.167692,157.68115912146624,2023-03-17
c0798,39.883892,18.167692,149.71818735914226,2023-03-18
c0798,39.883892,18.167692,147.5539654697809,2023-03-19
c0798,39.883892,18.167692,151.39949036130068,2023-03-20
c0798,39.883892,18.167692,178.74186362953552,2023-03-21
c0798,39.883892,18.167692,143.67822738605335,2023-03-22
c0798,39.883892,18.167692,156.5612185387466,2023-03-23
c0798,39.883892,18.167692,137.96662016901067,2023-03-24
c0798,39.883892,18.167692,139.14019658531166,2023-03-25
c0798,39.883892,18.167692,129.6577122528532,2023-03-26
c0798,39.883892,18.167692,149.35827937331044,2023-03-27
c0798,39.883892,18.167692,169.30455793809784,2023-03-28
c0798,39.883892,18.167692,156.64320145778458,2023-03-29
c0798,39.883892,18.167692,142.51474303109364,2023-03-30
c0798,39.883892,18.167692,141.89645910677575,2023-03-31
c0798,39.883892,18.167692,145.89845927960008,2023-04-01
c0798,39.883892,18.167692,166.0021431752191,2023-04-02
c0798,39.883892,18.167692,178.50584218923615,2023-04-03
c0798,39.883892,18.167692,180.5254548744211,2023-04-04
c0798,39.883892,18.167692,180.89727310720212,2023-04-05
c0798,39.883892,18.167692,191.59337383872165,2023-04-06
c0798,39.883892,18.167692,172.75395607409038,2023-04-07
c0798,39.883892,18.167692,167.16822097921215,2023-04-08
c0798,39.883892,18.167692,177.86827064248655,2023-04-09
c0798,39.883892,18.167692,199.75817034331183,2023-04-10
c0798,39.883892,18.167692,164.34216145105358,2023-04-11
c0798,39.883892,18.167692,137.85057641969473,2023-04-12
c0798,39.883892,18.167692,138.29885725077835,2023-04-13
c0798,39.883892,18.167692,175.4669000965608,2023-04-14
c0798,39.883892,18.167692,173.039223798269,2023-04-15
c0798,39.883892,18.167692,180.1392645500248,2023-04-16
c0798,39.883892,18.167692,189.0502945955237,2023-04-17
c0798,39.883892,18.167692,185.1086949191426,2023-04-18
c0798,39.883892,18.167692,182.11070938400843,2023-04-19
c0798,39.883892,18.167692,152.84896968984998,2023-04-20
c0798,39.883892,18.167692,151.38740573302294,2023-04-21
c0798,39.883892,18.167692,152.84270843143884,2023-04-22
c0798,39.883892,18.167692,160.38619481312853,2023-04-23
c0798,39.883892,18.167692,159.76819014285246,2023-04-24
c0798,39.883892,18.167692,159.6638531203755,2023-04-25
c0798,39.883892,18.167692,166.87061857692223,2023-04-26
c0798,39.883892,18.167692,160.37062987634008,2023-04-27
c0798,39.883892,18.167692,153.77175911052598,2023-04-28
c0798,39.883892,18.167692,150.76855388955573,2023-04-29
c0798,39.883892,18.167692,147.86172854666418,2023-04-30
c0798,39.883892,18.167692,149.5382883455576,2023-05-01
c0798,39.883892,18.167692,156.1411474425148,2023-05-02
c0798,39.883892,18.167692,158.3462867197312,2023-05-03
c0798,39.883892,18.167692,157.82878491693995,2023-05-04
c0798,39.883892,18.167692,148.5432172480176,2023-05-05
c0798,39.883892,18.167692,154.08387678178602,2023-05-06
c0798,39.883892,18.167692,153.47739395338624,2023-05-07
c0798,39.883892,18.167692,152.93255128898213,2023-05-08
c0798,39.883892,18.167692,155.8617547060732,2023-05-09
c0798,39.883892,18.167692,151.72342401967418,2023-05-10
c0798,39.883892,18.167692,168.82516178081966,2023-05-11
c0798,39.883892,18.167692,159.33210345673368,2023-05-12
c0798,39.883892,18.167692,158.49440224438325,2023-05-13
c0798,39.883892,18.167692,149.61439540214323,2023-05-14
c0798,39.883892,18.167692,144.67812596468113,2023-05-15
c0798,39.883892,18.167692,166.42596396682524,2023-05-16
c0798,39.883892,18.167692,155.8203541481439,2023-05-17
c0798,39.883892,18.167692,152.1261950794052,2023-05-18
c0798,39.883892,18.167692,153.43025476894837,2023-05-19
c0798,39.883892,18.167692,143.87874862837,2023-05-20
c0798,39.883892,18.167692,152.35363247146202,2023-05-21
c0798,39.883892,18.167692,152.23291118340788,2023-05-22
c0798,39.883892,18.167692,156.57441916555942,2023-05-23
c0798,39.883892,18.167692,156.78212225553818,2023-05-24
c0798,39.883892,18.167692,151.34536899589278,2023-05-25
c0798,39.883892,18.167692,150.52895067292053,2023-05-26
c0798,39.883892,18.167692,150.60013976664231,2023-05-27
c0798,39.883892,18.167692,148.9027158635598,2023-05-28
c0798,39.883892,18.167692,151.2074994727617,2023-05-29
c0798,39.883892,18.167692,153.08860334384002,2023-05-30
c0798,39.883892,18.167692,148.6874232790976,2023-05-31
c0798,39.883892,18.167692,146.6948731084361,2023-06-01
c0798,39.883892,18.167692,148.05325933095432,2023-06-02
c0798,39.883892,18.167692,149.37987143435808,2023-06-03
c0798,39.883892,18.167692,149.880102490215,2023-06-04
c0798,39.883892,18.167692,145.79090754257885,2023-06-05
c0798,39.883892,18.167692,144.6234001018694,2023-06-06
c0798,39.883892,18.167692,152.18469348332545,2023-06-07
c0798,39.883892,18.167692,149.28756583099917,2023-06-08
c0798,39.883892,18.167692,145.92529709518277,2023-06-09
c0798,39.883892,18.167692,151.28581434805108,2023-06-10
c0798,39.883892,18.167692,157.43010283096515,2023-06-11
c0798,39.883892,18.167692,150.37675056254943,2023-06-12
c0798,39.883892,18.167692,151.49736400480836,2023-06-13
c0798,39.883892,18.167692,147.06779693327078,2023-06-14
c0798,39.883892,18.167692,149.84842149575965,2023-06-15
c0798,39.883892,18.167692,152.39513030698285,2023-06-16
c0798,39.883892,18.167692,154.578636293787,2023-06-17
c0798,39.883892,18.167692,147.86650357128966,2023-06-18
c0798,39.883892,18.167692,146.30530083390067,2023-06-19
c0798,39.883892,18.167692,145.25910295406598,2023-06-20
c0798,39.883892,18.167692,139.42192554926217,2023-06-21
c0798,39.883892,18.167692,141.81004779082008,2023-06-22
c0798,39.883892,18.167692,141.3638815174237,2023-06-23
c0798,39.883892,18.167692,150.3782280351464,2023-06-24
c0798,39.883892,18.167692,155.50739634218854,2023-06-25
c0798,39.883892,18.167692,145.633114692756,2023-06-26
c0798,39.883892,18.167692,144.99525964452084,2023-06-27
c0798,39.883892,18.167692,148.78143000481097,2023-06-28
c0798,39.883892,18.167692,142.09845103020777,2023-06-29
c0798,39.883892,18.167692,143.75017960445155,2023-06-30
c0798,39.883892,18.167692,141.12809911042953,2023-07-01
c0798,39.883892,18.167692,151.12753472724776,2023-07-02
c0798,39.883892,18.167692,142.12424839512957,2023-07-03
c0798,39.883892,18.167692,141.5524871804194,2023-07-04
c0798,39.883892,18.167692,150.2565446429628,2023-07-05
c0798,39.883892,18.167692,134.183255452485,2023-07-06
c0798,39.883892,18.167692,132.07792056376286,2023-07-07
c0798,39.883892,18.167692,132.9766821697037,2023-07-08
c0798,39.883892,18.167692,132.49722950098655,2023-07-09
c0798,39.883892,18.167692,139.07404733290002,2023-07-10
c0798,39.883892,18.167692,136.74706214749608,2023-07-11
c0798,39.883892,18.167692,134.73754289270664,2023-07-12
c0798,39.883892,18.167692,132.0790832696422,2023-07-13
c0798,39.883892,18.167692,133.01760734529867,2023-07-14
c0798,39.883892,18.167692,135.96313265226476,2023-07-15
c0798,39.883892,18.167692,132.19455361981238,2023-07-16
c0798,39.883892,18.167692,130.0936458490382,2023-07-17
c0798,39.883892,18.167692,130.75682956004096,2023-07-18
c0798,39.883892,18.167692,,2023-07-19
c0798,39.883892,18.167692,132.61819265853148,2023-07-20
c0798,39.883892,18.167692,130.66340176411532,2023-07-21
c0798,39.883892,18.167692,129.16533760720628,2023-07-22
c0798,39.883892,18.167692,132.6680708270859,2023-07-23
c0798,39.883892,18.167692,132.19963397688127,2023-07-24
c0798,39.883892,18.167692,132.27689597133943,2023-07-25
c0798,39.883892,18.167692,139.19929721887243,2023-07-26
c0798,39.883892,18.167692,137.74895539416315,2023-07-27
c0798,39.883892,18.167692,135.09937861750612,2023-07-28
c0798,39.883892,18.167692,139.2883148422638,2023-07-29
c0798,39.883892,18.167692,138.97545367669858,2023-07-30
c0798,39.883892,18.167692,143.21097886929667,2023-07-31
c0798,39.883892,18.167692,141.40754778846076,2023-08-01
c0798,39.883892,18.167692,133.91102423963423,2023-08-02
c0798,39.883892,18.167692,133.18651057387746,2023-08-03
c0798,39.883892,18.167692,133.7352124375004,2023-08-04
c0798,39.883892,18.167692,145.75261580603387,2023-08-05
c0798,39.883892,18.167692,131.92469092645098,2023-08-06
c0798,39.883892,18.167692,131.26175683932644,2023-08-07
c0798,39.883892,18.167692,144.93321593578924,2023-08-10
c0798,39.883892,18.167692,143.91477739105375,2023-08-11
c0798,39.883892,18.167692,138.78385793692806,2023-08-12
c0798,39.883892,18.167692,,2023-08-13
c0798,39.883892,18.167692,138.98169385550534,2023-08-14
c0798,39.883892,18.167692,136.7534735881841,2023-08-15
c0798,39.883892,18.167692,128.71126506569013,2023-08-16
c0798,39.883892,18.167692,129.4039840949351,2023-08-17
c0798,39.883892,18.167692,129.7045990100418,2023-08-18
c0798,39.883892,18.167692,132.45465313585694,2023-08-19
c0798,39.883892,18.167692,138.55382058248657,2023-08-20
c0798,39.883892,18.167692,134.03555710793754,2023-08-21
c0798,39.883892,18.167692,137.88069970209483,2023-08-22
c0798,39.883892,18.167692,135.6021935820332,2023-08-23
c0798,39.883892,18.167692,135.9845701407278,2023-08-24
c0798,39.883892,18.167692,133.76676947447777,2023-08-25
c0798,39.883892,18.167692,134.26802482207532,2023-08-26
c0798,39.883892,18.167692,133.51360801087435,2023-08-27
c0798,39.883892,18.167692,131.68720487164384,2023-08-28
c0798,39.883892,18.167692,136.61429769284555,2023-08-29
c0798,39.883892,18.167692,140.6129034375381,2023-08-30
c0798,39.883892,18.167692,143.0239166140898,2023-08-31
c0798,39.883892,18.167692,138.61686589601877,2023-09-01
c0798,39.883892,18.167692,138.4357158011023,2023-09-02
c0798,39.883892,18.167692,136.15062890519283,2023-09-03
c0798,39.883892,18.167692,138.96039922483268,2023-09-04
c0798,39.883892,18.167692,139.6180085616319,2023-09-05
c0798,39.883892,18.167692,139.16229340277712,2023-09-06
c0798,39.883892,18.167692,138.74277522379984,2023-09-07
c0798,39.883892,18.167692,135.89281271458444,2023-09-08
c0798,39.883892,18.167692,134.96513493131772,2023-09-09
c0798,39.883892,18.167692,130.60669022022023,2023-09-10
c0798,39.883892,18.167692,129.99857068848,2023-09-11
c0798,39.883892,18.167692,137.19598184937513,2023-09-12
c0798,39.883892,18.167692,137.47410646988044,2023-09-13
c0798,39.883892,18.167692,133.60669605106082,2023-09-14
c0798,39.883892,18.167692,139.32793315647382,2023-09-15
c0798,39.883892,18.167692,135.4123824388862,2023-09-16
c0798,39.883892,18.167692,134.03494456961897,2023-09-17
c0798,39.883892,18.167692,127.9049028354674,2023-09-18
c0798,39.883892,18.167692,124.1944547554182,2023-09-19
c0798,39.883892,18.167692,125.84846034222602,2023-09-20
c0798,39.883892,18.167692,127.2503994270104,2023-09-21
c0798,39.883892,18.167692,126.2826675665282,2023-09-22
c0798,39.883892,18.167692,126.9930983948348,2023-09-23
c0798,39.883892,18.167692,135.66978638411106,2023-09-24
c0798,39.883892,18.167692,143.7679747131421,2023-09-25
c0798,39.883892,18.167692,133.6985340952588,2023-09-26
c0798,39.883892,18.167692,129.9060109244053,2023-09-27
c0798,39.883892,18.167692,130.3356801263142,2023-09-28
c0798,39.883892,18.167692,136.2167858962807,2023-09-29
c0798,39.883892,18.167692,134.42323864989382,2023-09-30
c0798,39.883892,18.167692,125.98010925560328,2023-10-01
c0798,39.883892,18.167692,122.12249281386356,2023-10-02
c0798,39.883892,18.167692,124.43520924805432,2023-10-03
c0798,39.883892,18.167692,122.46431832682458,2023-10-04
c0798,39.883892,18.167692,132.7510860551534,2023-10-05
c0798,39.883892,18.167692,134.85503709015336,2023-10-06
c0798,39.883892,18.167692,134.55810598046193,2023-10-07
c0798,39.883892,18.167692,129.8436241444616,2023-10-08
c0798,39.883892,18.167692,127.19980536630358,2023-10-09
c0798,39.883892,18.167692,127.08476499048784,2023-10-10
c0798,39.883892,18.167692,135.48681399369286,2023-10-11
c0798,39.883892,18.167692,128.23115388104438,2023-10-12
c0798,39.883892,18.167692,124.8869556449467,2023-10-13
c0798,39.883892,18.167692,125.22132722996788,2023-10-14
c0798,39.883892,18.167692,128.2577555610108,2023-10-15
c0798,39.883892,18.167692,125.26295996399686,2023-10-16
c0798,39.883892,18.167692,130.63841435385237,2023-10-17
c0798,39.883892,18.167692,125.69287186502886,2023-10-18
c0798,39.883892,18.167692,123.63105827177226,2023-10-19
c0798,39.883892,18.167692,123.96936439585424,2023-10-20
c0798,39.883892,18.167692,126.1310820108944,2023-10-21
c0798,39.883892,18.167692,127.98802928473224,2023-10-22
c0798,39.883892,18.167692,122.00561327014852,2023-10-23
c0798,39.883892,18.167692,120.85545183831412,2023-10-24
c0798,39.883892,18.167692,133.1271264375184,2023-10-25
c0798,39.883892,18.167692,127.5347245437097,2023-10-26
c0798,39.883892,18.167692,114.30280634270068,2023-10-27
c0798,39.883892,18.167692,118.63208344794042,2023-10-28
c0798,39.883892,18.167692,123.61366412323704,2023-10-29
c0798,39.883892,18.167692,124.64108643325132,2023-10-30
c0798,39.883892,18.167692,125.55794977741353,2023-10-31
c0798,39.883892,18.167692,130.05369443403671,2023-11-01
c0798,39.883892,18.167692,133.23938427739495,2023-11-02
c0798,39.883892,18.167692,128.61951092930383,2023-11-03
c0798,39.883892,18.167692,139.8397798756511,2023-11-04
c0798,39.883892,18.167692,119.98355627379996,2023-11-05
c0798,39.883892,18.167692,120.01400027880118,2023-11-06
c0798,39.883892,18.167692,125.12681408109847,2023-11-07
c0798,39.883892,18.167692,134.6451038768688,2023-11-08
c0798,39.883892,18.167692,140.2636738442662,2023-11-09
c0798,39.883892,18.167692,148.2883624030578,2023-11-10
c0798,39.883892,18.167692,140.0957862431414,2023-11-11
c0798,39.883892,18.167692,139.0419664437249,2023-11-12
c0798,39.883892,18.167692,129.42064879024235,2023-11-13
c0798,39.883892,18.167692,111.91516774272374,2023-11-14
c0798,39.883892,18.167692,112.9269039437696,2023-11-15
c0798,39.883892,18.167692,120.35407459871436,2023-11-16
c0798,39.883892,18.167692,128.13589178767776,2023-11-17
c0798,39.883892,18.167692,135.8172827254305,2023-11-18
c0798,39.883892,18.167692,119.8245028007294,2023-11-19
c0798,39.883892,18.167692,123.95042095055469,2023-11-20
c0798,39.883892,18.167692,130.98231558247537,2023-11-21
c0798,39.883892,18.167692,142.12669642429734,2023-11-23
c0798,39.883892,18.167692,139.2339397652515,2023-11-24
c0798,39.883892,18.167692,140.81263507391148,2023-11-25
c0798,39.883892,18.167692,156.54772456670923,2023-11-26
c0798,39.883892,18.167692,145.50654785599147,2023-11-27
c0798,39.883892,18.167692,139.58342514573914,2023-11-28
c0798,39.883892,18.167692,130.92911664449434,2023-11-29
c0798,39.883892,18.167692,130.24293773217423,2023-11-30
c0798,39.883892,18.167692,123.3218822834674,2023-12-01
c0798,39.883892,18.167692,122.62804682485611,2023-12-02
c0798,39.883892,18.167692,130.23272746738078,2023-12-03
c0798,39.883892,18.167692,129.581659555576,2023-12-04
c0798,39.883892,18.167692,139.83314833796206,2023-12-05
c0798,39.883892,18.167692,137.36098473778551,2023-12-06
c0798,39.883892,18.167692,155.04990462811574,2023-12-07
c0798,39.883892,18.167692,141.02442591139027,2023-12-08
c0798,39.883892,18.167692,158.54387940211564,2023-12-09
c0798,39.883892,18.167692,156.0883926254671,2023-12-10
c0798,39.883892,18.167692,135.65733866347963,2023-12-11
c0798,39.883892,18.167692,128.36540033737083,2023-12-12
c0798,39.883892,18.167692,119.23589354802108,2023-12-13
c0798,39.883892,18.167692,123.28198861066444,2023-12-14
c0798,39.883892,18.167692,141.53250491933713,2023-12-15
c0798,39.883892,18.167692,146.30211851721876,2023-12-16
c0798,39.883892,18.167692,140.34961402204303,2023-12-17
c0798,39.883892,18.167692,133.34115053272376,2023-12-18
c0798,39.883892,18.167692,131.26167655239627,2023-12-19
c0798,39.883892,18.167692,134.1384315670454,2023-12-20
c0798,39.883892,18.167692,136.37966784497428,2023-12-21
c0798,39.883892,18.167692,131.0578488429908,2023-12-22
c0798,39.883892,18.167692,128.77050860646503,2023-12-23
c0798,39.883892,18.167692,126.90874393728592,2023-12-24
c0798,39.883892,18.167692,125.85844035482252,2023-12-25
c0798,39.883892,18.167692,127.00829097240218,2023-12-26
c0798,39.883892,18.167692,128.50509168773246,2023-12-27
c0798,39.883892,18.167692,124.67669800586592,2023-12-28
c0798,39.883892,18.167692,132.21348100047297,2023-12-29
c0798,39.883892,18.167692,145.55242694140998,2023-12-30
c0798,39.883892,18.167692,138.28921200526582,2023-12-31
c0798,39.883892,18.167692,137.8218666380019,2024-01-01
c0798,39.883892,18.167692,147.39779523726833,2024-01-02
c0798,39.883892,18.167692,123.7214470930303,2024-01-03
c0798,39.883892,18.167692,129.94446942475076,2024-01-04
c0798,39.883892,18.167692,135.48419034886533,2024-01-05
c0798,39.883892,18.167692,152.14847648946667,2024-01-06
c0798,39.883892,18.167692,162.8146317885633,2024-01-07
c0798,39.883892,18.167692,169.70686541648917,2024-01-08
c0798,39.883892,18.167692,166.84400684447905,2024-01-09
c0798,39.883892,18.167692,146.85555954758635,2024-01-10
c0798,39.883892,18.167692,152.85578828640556,2024-01-11
c0798,39.883892,18.167692,153.73773452537998,2024-01-12
c0798,39.883892,18.167692,160.02448633239024,2024-01-13
c0798,39.883892,18.167692,138.55839140253528,2024-01-14
c0798,39.883892,18.167692,156.87869649260435,2024-01-15
c0798,39.883892,18.167692,151.45145193763892,2024-01-16
c0798,39.883892,18.167692,152.3197763798856,2024-01-17
c0798,39.883892,18.167692,153.1299973908639,2024-01-18
c0798,39.883892,18.167692,152.86518088718933,2024-01-19
c0798,39.883892,18.167692,165.13274112052767,2024-01-20
c0798,39.883892,18.167692,148.2685637844088,2024-01-21
c0798,39.883892,18.167692,160.12270809952247,2024-01-22
c0798,39.883892,18.167692,184.78801893679417,2024-01-23
c0798,39.883892,18.167692,163.82418157967933,2024-01-24
c0798,39.883892,18.167692,160.1451872048101,2024-01-25
c0798,39.883892,18.167692,157.48394247101015,2024-01-26
c0798,39.883892,18.167692,158.52666148902298,2024-01-27
c0798,39.883892,18.167692,170.3197418201072,2024-01-28
c0798,39.883892,18.167692,176.0269698902267,2024-01-29
c0798,39.883892,18.167692,174.9611787313305,2024-01-30
c0798,39.883892,18.167692,149.3435571738551,2024-01-31
c0798,39.883892,18.167692,158.56065173543251,2024-02-01
c0798,39.883892,18.167692,180.1152925088294,2024-02-02
c0798,39.883892,18.167692,161.48546236279614,2024-02-03
c0798,39.883892,18.167692,160.22274772664855,2024-02-04
c0798,39.883892,18.167692,150.00539954797873,2024-02-05
c0798,39.883892,18.167692,145.58983787034632,2024-02-06
c0798,39.883892,18.167692,144.796242370925,2024-02-07
c0798,39.883892,18.167692,143.56583058624034,2024-02-08
c0798,39.883892,18.167692,149.88064553523796,2024-02-09
c0798,39.883892,18.167692,145.56987021125462,2024-02-10
c0798,39.883892,18.167692,186.8667173924872,2024-02-11
c0798,39.883892,18.167692,185.47553172209297,2024-02-12
c0798,39.883892,18.167692,174.02782340341983,2024-02-13
c0798,39.883892,18.167692,166.15887569887457,2024-02-14
c0798,39.883892,18.167692,167.54468311666267,2024-02-15
c0798,39.883892,18.167692,156.37448978256697,2024-02-16
c0798,39.883892,18.167692,156.620909075549,2024-02-17
c0798,39.883892,18.167692,149.77257333157266,2024-02-18
c0798,39.883892,18.167692,136.1797996760934,2024-02-19
c0798,39.883892,18.167692,160.1181954700927,2024-02-20
c0798,39.883892,18.167692,163.5356823194395,2024-02-21
c0798,39.883892,18.167692,156.635407087054,2024-02-22
c0798,39.883892,18.167692,151.67353351278362,2024-02-23
c0798,39.883892,18.167692,153.04134107297637,2024-02-24
c0798,39.883892,18.167692,217.8914908922876,2024-02-25
c0798,39.883892,18.167692,185.44009240136597,2024-02-26
c0798,39.883892,18.167692,163.6648215066243,2024-02-27
c0798,39.883892,18.167692,176.39708587999596,2024-02-28
c0798,39.883892,18.167692,177.58326667028717,2024-02-29
c0798,39.883892,18.167692,201.2136913241107,2024-03-01
c0798,39.883892,18.167692,167.98890167681134,2024-03-02
c0798,39.883892,18.167692,163.16784797682683,2024-03-03
c0798,39.883892,18.167692,193.54028136251537,2024-03-04
c0798,39.883892,18.167692,175.13112796068305,2024-03-05
c0798,39.883892,18.167692,188.54763194902415,2024-03-06
c0798,39.883892,18.167692,179.39766846082497,2024-03-07
c0798,39.883892,18.167692,175.2261242386659,2024-03-08
c0798,39.883892,18.167692,182.85003115009883,2024-03-09
c0798,39.883892,18.167692,170.99862121629346,2024-03-10
c0798,39.883892,18.167692,204.5526920434181,2024-03-11
c0798,39.883892,18.167692,209.65394867409503,2024-03-12
c0798,39.883892,18.167692,195.34048175068295,2024-03-13
c0798,39.883892,18.167692,192.4228827375333,2024-03-14
c0798,39.883892,18.167692,148.00891391658058,2024-03-15
c0798,39.883892,18.167692,168.0137391260009,2024-03-16
c0798,39.883892,18.167692,182.1411751482912,2024-03-17
c0798,39.883892,18.167692,154.6110922589099,2024-03-18
c0798,39.883892,18.167692,178.93436372995632,2024-03-19
c0798,39.883892,18.167692,169.5386103972193,2024-03-20
c0798,39.883892,18.167692,166.5805192083057,2024-03-21
c0798,39.883892,18.167692,187.0031762768419,2024-03-22
c0798,39.883892,18.167692,175.8253904992783,2024-03-23
c0798,39.883892,18.167692,186.37473376539384,2024-03-24
c0798,39.883892,18.167692,169.11970753398197,2024-03-25
c0798,39.883892,18.167692,160.4101192059595,2024-03-26
c0798,39.883892,18.167692,161.91780889507382,2024-03-27
c0798,39.883892,18.167692,176.84810446878353,2024-03-28
c0798,39.883892,18.167692,145.00653777692096,2024-03-29
c0798,39.883892,18.167692,152.41586039139116,2024-03-30
c0798,39.883892,18.167692,159.11454373518922,2024-03-31
c0798,39.883892,18.167692,158.11282047216034,2024-04-01
c0798,39.883892,18.167692,161.97459881131715,2024-04-02
c0798,39.883892,18.167692,145.083875444699,2024-04-03
c0798,39.883892,18.167692,156.41227433508226,2024-04-04
c0798,39.883892,18.167692,163.5177443693545,2024-04-05
c0798,39.883892,18.167692,163.77006692147626,2024-04-06
c0798,39.883892,18.167692,160.50608719417917,2024-04-07
c0798,39.883892,18.167692,159.2109909235444,2024-04-08
c0798,39.883892,18.167692,157.24423289611963,2024-04-09
c0798,39.883892,18.167692,155.1361780554884,2024-04-10
c0798,39.883892,18.167692,155.9092300805565,2024-04-11
c0798,39.883892,18.167692,155.4888088445352,2024-04-12
c0798,39.883892,18.167692,157.93273271565565,2024-04-13
c0798,39.883892,18.167692,142.80190139792975,2024-04-14
c0798,39.883892,18.167692,149.77033404913877,2024-04-15
c0798,39.883892,18.167692,146.39973221325937,2024-04-16
c0798,39.883892,18.167692,175.3750598925144,2024-04-17
c0798,39.883892,18.167692,171.96366204369508,2024-04-18
c0798,39.883892,18.167692,191.53789056740604,2024-04-19
c0798,39.883892,18.167692,178.93587507374048,2024-04-20
c0798,39.883892,18.167692,177.35612680064142,2024-04-21
c0798,39.883892,18.167692,177.57711162511706,2024-04-22
c0798,39.883892,18.167692,179.24529048412572,2024-04-23
c0798,39.883892,18.167692,189.02176918854175,2024-04-24
c0798,39.883892,18.167692,184.62378898267633,2024-04-25
c0798,39.883892,18.167692,179.8815706860323,2024-04-26
c0798,39.883892,18.167692,169.82380059217093,2024-04-27
c0798,39.883892,18.167692,158.47693996862867,2024-04-28
c0798,39.883892,18.167692,158.0187815357548,2024-04-29
c0798,39.883892,18.167692,148.0802791634201,2024-04-30
c0798,39.883892,18.167692,160.42848127455972,2024-05-01
c0798,39.883892,18.167692,159.59736530047752,2024-05-02
c0798,39.883892,18.167692,173.54810526881607,2024-05-03
c0798,39.883892,18.167692,189.65901886372015,2024-05-04
c0798,39.883892,18.167692,165.28671054298096,2024-05-05
c0798,39.883892,18.167692,156.43298013323317,2024-05-06
c0798,39.883892,18.167692,155.1329525948415,2024-05-07
c0798,39.883892,18.167692,170.21949930362723,2024-05-08
c0798,39.883892,18.167692,178.72825568964305,2024-05-09
c0798,39.883892,18.167692,180.57434308714008,2024-05-10
c0798,39.883892,18.167692,175.73540055477775,2024-05-13
c0798,39.883892,18.167692,178.13242509709593,2024-05-14
c0798,39.883892,18.167692,171.55789604927682,2024-05-15
c0798,39.883892,18.167692,163.49507775537103,2024-05-16
c0798,39.883892,18.167692,167.99533240062487,2024-05-17
c0798,39.883892,18.167692,157.37939697990774,2024-05-18
c0798,39.883892,18.167692,159.12327773247932,2024-05-19
c0798,39.883892,18.167692,146.85676461719115,2024-05-20
c0798,39.883892,18.167692,156.24078373531728,2024-05-21
c0798,39.883892,18.167692,158.51718779924855,2024-05-22
c0798,39.883892,18.167692,154.00244868684956,2024-05-23
c0798,39.883892,18.167692,160.76555776348883,2024-05-24
c0798,39.883892,18.167692,165.08341362720756,2024-05-25
c0798,39.883892,18.167692,172.5517380765427,2024-05-26
c0798,39.883892,18.167692,166.43348033203526,2024-05-27
c0798,39.883892,18.167692,169.26106554517548,2024-05-28
c0798,39.883892,18.167692,169.39339188336845,2024-05-29
c0798,39.883892,18.167692,166.60511775052868,2024-05-30
c0798,39.883892,18.167692,148.28071558171197,2024-05-31
c0798,39.883892,18.167692,158.89155098440568,2024-06-01
c0798,39.883892,18.167692,149.45267575300662,2024-06-02
c0798,39.883892,18.167692,158.00713571001307,2024-06-03
c0798,39.883892,18.167692,159.0227299098359,2024-06-04
c0798,39.883892,18.167692,156.35105793751225,2024-06-05
c0798,39.883892,18.167692,153.27142780382545,2024-06-06
c0798,39.883892,18.167692,149.5254478622508,2024-06-07
c0798,39.883892,18.167692,145.60735071303105,2024-06-08
c0798,39.883892,18.167692,135.07407006124208,2024-06-09
c0798,39.883892,18.167692,146.09838719417968,2024-06-10
c0798,39.883892,18.167692,143.75002381582252,2024-06-11
c0798,39.883892,18.167692,139.6638316103067,2024-06-12
c0798,39.883892,18.167692,143.77577047418177,2024-06-13
c0798,39.883892,18.167692,153.84080700917562,2024-06-14
c0798,39.883892,18.167692,150.79963920139932,2024-06-15
c0798,39.883892,18.167692,146.67898163004915,2024-06-16
c0798,39.883892,18.167692,145.09264340644893,2024-06-17
c0798,39.883892,18.167692,146.7899639479426,2024-06-18
c0798,39.883892,18.167692,145.07983157791594,2024-06-19
c0798,39.883892,18.167692,136.65503293257538,2024-06-20
c0798,39.883892,18.167692,136.72675605756086,2024-06-21
c0798,39.883892,18.167692,140.73027004547518,2024-06-22
c0798,39.883892,18.167692,144.90825311856713,2024-06-23
c0798,39.883892,18.167692,146.10878604240477,2024-06-24
c0798,39.883892,18.167692,143.1147166369675,2024-06-25
c0798,39.883892,18.167692,147.20382321640338,2024-06-26
c0798,39.883892,18.167692,153.08705706956596,2024-06-27
c0798,39.883892,18.167692,150.10674487130663,2024-06-28
c0798,39.883892,18.167692,143.4193757130778,2024-06-29
c0798,39.883892,18.167692,142.15799000261228,2024-06-30
c0798,39.883892,18.167692,136.09515097270548,2024-07-01
c0798,39.883892,18.167692,147.74677185057564,2024-07-02
c0798,39.883892,18.167692,162.86986072475642,2024-07-03
c0798,39.883892,18.167692,170.31993422971937,2024-07-04
c0798,39.883892,18.167692,149.43652984741735,2024-07-05
c0798,39.883892,18.167692,146.2642496990848,2024-07-06
c0798,39.883892,18.167692,136.4298536666454,2024-07-07
c0798,39.883892,18.167692,139.34805687135434,2024-07-08
c0798,39.883892,18.167692,142.26182416867917,2024-07-09
c0798,39.883892,18.167692,141.61647831616435,2024-07-10
c0798,39.883892,18.167692,141.15003436484145,2024-07-11
c0798,39.883892,18.167692,139.0687677665218,2024-07-12
c0798,39.883892,18.167692,134.96585866090305,2024-07-13
c0798,39.883892,18.167692,138.14305380991303,2024-07-14
c0798,39.883892,18.167692,136.1272263814743,2024-07-15
c0798,39.883892,18.167692,139.86907421517313,2024-07-16
c0798,39.883892,18.167692,141.44135773328497,2024-07-17
c0798,39.883892,18.167692,141.05473849799407,2024-07-18
c0798,39.883892,18.167692,141.74626137182943,2024-07-19
c0798,39.883892,18.167692,137.65354501339152,2024-07-20
c0798,39.883892,18.167692,138.43859760881753,2024-07-21
c0798,39.883892,18.167692,140.6755198714296,2024-07-22
c0798,39.883892,18.167692,141.62100605205,2024-07-23
c0798,39.883892,18.167692,143.41369528285284,2024-07-24
c0798,39.883892,18.167692,141.18929042364033,2024-07-25
c0798,39.883892,18.167692,137.72674325588832,2024-07-28
c0798,39.883892,18.167692,137.18801007585438,2024-07-29
c0798,39.883892,18.167692,150.66550832865573,2024-07-31
c0798,39.883892,18.167692,141.07155145429903,2024-08-01
c0798,39.883892,18.167692,139.0536617181222,2024-08-03
c0798,39.883892,18.167692,142.67799897953157,2024-08-04
c0798,39.883892,18.167692,145.89603946133056,2024-08-05
c0798,39.883892,18.167692,144.3914368396154,2024-08-06
c0798,39.883892,18.167692,137.83414277329533,2024-08-07
c0798,39.883892,18.167692,139.37385998778075,2024-08-08
c0798,39.883892,18.167692,139.14478140119863,2024-08-09
c0798,39.883892,18.167692,139.1855396127969,2024-08-10
c0798,39.883892,18.167692,134.03612031345378,2024-08-11
c0798,39.883892,18.167692,134.24504852316036,2024-08-12
c0798,39.883892,18.167692,133.9275306262353,2024-08-13
c0798,39.883892,18.167692,134.64891844804274,2024-08-14
c0798,39.883892,18.167692,135.4530867433377,2024-08-15
c0798,39.883892,18.167692,133.64531442040484,2024-08-16
c0798,39.883892,18.167692,136.7244563525063,2024-08-17
c0798,39.883892,18.167692,139.42027421760625,2024-08-18
c0798,39.883892,18.167692,146.31682262990986,2024-08-19
c0798,39.883892,18.167692,147.35673932816286,2024-08-20
c0798,39.883892,18.167692,138.8590760213659,2024-08-21
c0798,39.883892,18.167692,138.420497006359,2024-08-22
c0798,39.883892,18.167692,139.74129717822387,2024-08-23
c0798,39.883892,18.167692,141.3946023506153,2024-08-24
c0798,39.883892,18.167692,144.531557842141,2024-08-25
c0798,39.883892,18.167692,142.9335444872918,2024-08-26
c0798,39.883892,18.167692,145.71708887728647,2024-08-27
c0798,39.883892,18.167692,139.70859332696614,2024-08-28
c0798,39.883892,18.167692,140.2666586652484,2024-08-29
c0798,39.883892,18.167692,144.80561277957074,2024-08-30
c0798,39.883892,18.167692,143.21943729078842,2024-08-31
c0798,39.883892,18.167692,140.57989036442655,2024-09-01
c0798,39.883892,18.167692,141.88850468286537,2024-09-02
c0798,39.883892,18.167692,144.65264115577307,2024-09-03
c0798,39.883892,18.167692,139.62026755436844,2024-09-04
c0798,39.883892,18.167692,135.93556950994764,2024-09-05
c0798,39.883892,18.167692,136.46969139679257,2024-09-06
c0798,39.883892,18.167692,136.59595029880032,2024-09-07
c0798,39.883892,18.167692,136.6254088203904,2024-09-08
c0798,39.883892,18.167692,133.46358903093284,2024-09-09
c0798,39.883892,18.167692,149.71400689473955,2024-09-10
c0798,39.883892,18.167692,144.6884446200011,2024-09-11
c0798,39.883892,18.167692,144.50264484582695,2024-09-12
c0798,39.883892,18.167692,137.02617353630143,2024-09-13
c0798,39.883892,18.167692,139.1659925414465,2024-09-14
c0798,39.883892,18.167692,145.05615857393437,2024-09-15
c0798,39.883892,18.167692,143.41121972565006,2024-09-16
c0798,39.883892,18.167692,144.89315446569972,2024-09-17
c0798,39.883892,18.167692,146.1243994083692,2024-09-18
c0798,39.883892,18.167692,147.25838042165097,2024-09-19
c0798,39.883892,18.167692,146.94836583308873,2024-09-20
c0798,39.883892,18.167692,145.1852116299021,2024-09-21
c0798,39.883892,18.167692,140.91090430416932,2024-09-22
c0798,39.883892,18.167692,139.90518738450618,2024-09-23
c0798,39.883892,18.167692,,2024-09-24
c0798,39.883892,18.167692,138.03020522868914,2024-09-25
c0798,39.883892,18.167692,131.29113369870845,2024-09-26
c0798,39.883892,18.167692,128.30647507153668,2024-09-27
c0798,39.883892,18.167692,128.50422571123815,2024-09-28
c0798,39.883892,18.167692,136.9169426009733,2024-09-29
c0798,39.883892,18.167692,131.06764672390372,2024-09-30
c0798,39.883892,18.167692,128.96037660882652,2024-10-01
c0798,39.883892,18.167692,129.5302462563083,2024-10-02
c0798,39.883892,18.167692,130.21111145239215,2024-10-03
c0798,39.883892,18.167692,128.32359276514865,2024-10-04
c0798,39.883892,18.167692,140.26087370753177,2024-10-05
c0798,39.883892,18.167692,132.07413150168057,2024-10-06
c0798,39.883892,18.167692,124.45323526883944,2024-10-07
c0798,39.883892,18.167692,125.12213934040096,2024-10-08
c0798,39.883892,18.167692,129.24660360486138,2024-10-09
c0798,39.883892,18.167692,123.47846637217754,2024-10-10
c0798,39.883892,18.167692,124.50374356199085,2024-10-11
c0798,39.883892,18.167692,129.06876272873308,2024-10-12
c0798,39.883892,18.167692,129.0162931810662,2024-10-13
c0798,39.883892,18.167692,130.2536855054789,2024-10-14
c0798,39.883892,18.167692,129.7013587654623,2024-10-15
c0798,39.883892,18.167692,132.1345515805884,2024-10-16
c0798,39.883892,18.167692,127.32265467105996,2024-10-17
c0798,39.883892,18.167692,124.35723997264478,2024-10-18
c0798,39.883892,18.167692,130.5597216594113,2024-10-19
c0798,39.883892,18.167692,131.48432416243847,2024-10-20
c0798,39.883892,18.167692,127.87325517773888,2024-10-21
c0798,39.883892,18.167692,126.6808340703083,2024-10-22
c0798,39.883892,18.167692,126.17036212804362,2024-10-23
c0798,39.883892,18.167692,122.30055368077886,2024-10-24
c0798,39.883892,18.167692,,2024-10-25
c0798,39.883892,18.167692,126.31206574895344,2024-10-26
c0798,39.883892,18.167692,131.25670288107804,2024-10-27
c0798,39.883892,18.167692,133.63203600421193,2024-10-28
c0798,39.883892,18.167692,132.70801504970274,2024-10-29
c0798,39.883892,18.167692,134.38487639638194,2024-10-30
c0798,39.883892,18.167692,126.83988638922943,2024-10-31
c0798,39.883892,18.167692,125.390225076188,2024-11-02
c0798,39.883892,18.167692,124.06804927789418,2024-11-03
c0798,39.883892,18.167692,129.122867988874,2024-11-04
c0798,39.883892,18.167692,125.07223323085177,2024-11-05
c0798,39.883892,18.167692,126.07460114373237,2024-11-06
c0798,39.883892,18.167692,131.55459842665138,2024-11-07
c0798,39.883892,18.167692,133.16144515458856,2024-11-08
c0798,39.883892,18.167692,133.8198128771121,2024-11-09
c0798,39.883892,18.167692,132.00689139208316,2024-11-10
c0798,39.883892,18.167692,132.79435730310965,2024-11-11
c0798,39.883892,18.167692,,2024-11-12
c0798,39.883892,18.167692,129.08469573379656,2024-11-13
c0798,39.883892,18.167692,131.9836412276835,2024-11-14
c0798,39.883892,18.167692,132.54680706785751,2024-11-15
c0798,39.883892,18.167692,131.65700808348475,2024-11-16
c0798,39.883892,18.167692,127.2258378935027,2024-11-17
c0798,39.883892,18.167692,130.90060785242403,2024-11-18
c0798,39.883892,18.167692,124.90295159460884,2024-11-19
c0798,39.883892,18.167692,128.23626783162896,2024-11-20
c0798,39.883892,18.167692,135.41115551022756,2024-11-21
c0798,39.883892,18.167692,,2024-11-22
c0798,39.883892,18.167692,138.68454078339775,2024-11-23
c0798,39.883892,18.167692,135.32059064953793,2024-11-24
c0798,39.883892,18.167692,134.59698808562396,2024-11-25
c0798,39.883892,18.167692,134.2218268251427,2024-11-26
c0798,39.883892,18.167692,137.48905489304113,2024-11-27
c0798,39.883892,18.167692,138.5380317670431,2024-11-28
c0798,39.883892,18.167692,151.03148207204126,2024-11-29
c0798,39.883892,18.167692,159.62364946371454,2024-11-30
c0798,39.883892,18.167692,156.6648209152534,2024-12-01
c0798,39.883892,18.167692,140.33964498325764,2024-12-02
c0798,39.883892,18.167692,,2024-12-03
c0798,39.883892,18.167692,138.87487819487367,2024-12-04
c0798,39.883892,18.167692,144.21185928008288,2024-12-05
c0798,39.883892,18.167692,151.52293356225886,2024-12-06
c0798,39.883892,18.167692,147.34284456401852,2024-12-07
c0798,39.883892,18.167692,140.78426692883747,2024-12-08
c0798,39.883892,18.167692,137.98582037816507,2024-12-09
c0798,39.883892,18.167692,145.49740045588413,2024-12-10
c0798,39.883892,18.167692,125.27250779442504,2024-12-11
c0798,39.883892,18.167692,123.71553266339669,2024-12-12
c0798,39.883892,18.167692,126.43364412197948,2024-12-13
c0798,39.883892,18.167692,135.5736923449279,2024-12-14
c0798,39.883892,18.167692,147.1083712302202,2024-12-15
c0798,39.883892,18.167692,141.30266113163688,2024-12-16
c0798,39.883892,18.167692,129.7683918290143,2024-12-17
c0798,39.883892,18.167692,147.13912834725002,2024-12-18
c0798,39.883892,18.167692,126.68210052929696,2024-12-19
c0798,39.883892,18.167692,142.95919639898483,2024-12-20
c0798,39.883892,18.167692,158.67847580378586,2024-12-21
c0798,39.883892,18.167692,147.63812859978907,2024-12-22
c0798,39.883892,18.167692,167.1627146446849,2024-12-23
c0798,39.883892,18.167692,190.38968563630883,2024-12-24
c0798,39.883892,18.167692,190.0683004230617,2024-12-25
c0798,39.883892,18.167692,182.80205150507996,2024-12-26
c0798,39.883892,18.167692,161.02577856565054,2024-12-27
c0798,39.883892,18.167692,146.7581097335008,2024-12-28
c0798,39.883892,18.167692,138.67342986903455,2024-12-29
c0798,39.883892,18.167692,138.5495386566377,2024-12-30
c0798,39.883892,18.167692,136.46617029359348,2025-01-01
c0798,39.883892,18.167692,147.0465029151189,2025-01-02
c0798,39.883892,18.167692,152.59280402097784,2025-01-03
c0798,39.883892,18.167692,156.79670110405655,2025-01-04
c0798,39.883892,18.167692,147.3918655476988,2025-01-05
c0798,39.883892,18.167692,138.144268355902,2025-01-06
c0798,39.883892,18.167692,141.19158071216614,2025-01-07
c0798,39.883892,18.167692,149.88216198416822,2025-01-08
c0798,39.883892,18.167692,137.0538780332099,2025-01-09
c0798,39.883892,18.167692,154.96364080434452,2025-01-10
c0798,39.883892,18.167692,142.88414362382468,2025-01-11
c0798,39.883892,18.167692,150.44644716247427,2025-01-12
c0798,39.883892,18.167692,161.30687463426173,2025-01-13
c0798,39.883892,18.167692,170.01564536574958,2025-01-14
c0798,39.883892,18.167692,164.58503961221084,2025-01-15
c0798,39.883892,18.167692,161.86008060559158,2025-01-16
c0798,39.883892,18.167692,152.11819541381513,2025-01-17
c0798,39.883892,18.167692,147.64467957335512,2025-01-18
c0798,39.883892,18.167692,152.39921778157833,2025-01-19
c0798,39.883892,18.167692,152.89918494402357,2025-01-20
c0798,39.883892,18.167692,146.4790063292924,2025-01-21
c0798,39.883892,18.167692,151.78501184812563,2025-01-22
c0798,39.883892,18.167692,147.89260847057452,2025-01-23
c0798,39.883892,18.167692,147.0379830686369,2025-01-24
c0798,39.883892,18.167692,130.3421169817645,2025-01-25
c0798,39.883892,18.167692,139.45309631264865,2025-01-26
c0798,39.883892,18.167692,155.6925787578312,2025-01-27
c0798,39.883892,18.167692,145.327544595611,2025-01-28
c0798,39.883892,18.167692,153.23970201290825,2025-01-29
c0798,39.883892,18.167692,167.8585007228774,2025-01-30
c0798,39.883892,18.167692,162.51726485409537,2025-01-31
c0798,39.883892,18.167692,143.40384542611883,2025-02-01
c0798,39.883892,18.167692,154.83028988682435,2025-02-02
c0798,39.883892,18.167692,158.6921912271008,2025-02-03
c0798,39.883892,18.167692,157.15195690364732,2025-02-04
c0798,39.883892,18.167692,155.66271910867715,2025-02-05
c0798,39.883892,18.167692,155.7815196019789,2025-02-06
c0798,39.883892,18.167692,150.1337284669361,2025-02-07
c0798,39.883892,18.167692,148.51456014767544,2025-02-08
c0798,39.883892,18.167692,160.29082225594033,2025-02-09
c0798,39.883892,18.167692,155.06194617348677,2025-02-10
c0798,39.883892,18.167692,157.577095967135,2025-02-11
c0798,39.883892,18.167692,155.81915804100268,2025-02-12
c0798,39.883892,18.167692,160.20599274337906,2025-02-13
c0798,39.883892,18.167692,158.6122952153062,2025-02-14
c0798,39.883892,18.167692,168.2794193518411,2025-02-15
c0798,39.883892,18.167692,151.5528270163927,2025-02-16
c0798,39.883892,18.167692,166.2097921461793,2025-02-17
c0798,39.883892,18.167692,159.96069405392993,2025-02-18
c0798,39.883892,18.167692,166.23619421848872,2025-02-19
c0798,39.883892,18.167692,189.4181128577347,2025-02-20
c0798,39.883892,18.167692,182.47695908061732,2025-02-21
c0798,39.883892,18.167692,167.20496547544465,2025-02-22
c0798,39.883892,18.167692,172.5126885755846,2025-02-23
c0798,39.883892,18.167692,181.75586871435064,2025-02-24
c0798,39.883892,18.167692,169.6361495097514,2025-02-25
c0798,39.883892,18.167692,171.87422219766594,2025-02-26
c0798,39.883892,18.167692,181.25839807416295,2025-02-27
c0798,39.883892,18.167692,172.29814618643945,2025-02-28
c0798,39.883892,18.167692,175.34639626559212,2025-03-01
c0798,39.883892,18.167692,155.5387581104453,2025-03-02
c0798,39.883892,18.167692,144.3120023622301,2025-03-03
c0798,39.883892,18.167692,129.4712048058636,2025-03-04
c0798,39.883892,18.167692,138.604869572211,2025-03-05
c0798,39.883892,18.167692,146.06692253145667,2025-03-06
c0798,39.883892,18.167692,150.96882457904755,2025-03-07
c0798,39.883892,18.167692,141.88110291825387,2025-03-08
c0798,39.883892,18.167692,142.658054328412,2025-03-09
c0798,39.883892,18.167692,143.46626359037944,2025-03-10
c0798,39.883892,18.167692,141.42752658481788,2025-03-11
c0798,39.883892,18.167692,160.23416309583413,2025-03-12
c0798,39.883892,18.167692,151.58861257195974,2025-03-13
c0798,39.883892,18.167692,154.63123382355064,2025-03-14
c0798,39.883892,18.167692,153.72727158948558,2025-03-15
c0798,39.883892,18.167692,158.88353502249782,2025-03-16
c0798,39.883892,18.167692,180.2194381298419,2025-03-17
c0798,39.883892,18.167692,152.51569559531828,2025-03-18
c0798,39.883892,18.167692,155.779219910105,2025-03-19
c0798,39.883892,18.167692,164.0829902106498,2025-03-20
c0798,39.883892,18.167692,159.03299442269105,2025-03-21
c0798,39.883892,18.167692,162.28394917066618,2025-03-22
c0798,39.883892,18.167692,140.04826930618648,2025-03-24
c0798,39.883892,18.167692,144.6723877484127,2025-03-25
c0798,39.883892,18.167692,160.72618111704767,2025-03-26
c0798,39.883892,18.167692,155.2422834135704,2025-03-27
c0798,39.883892,18.167692,164.71241934815978,2025-03-28
c0798,39.883892,18.167692,169.35965624058068,2025-03-29
c0798,39.883892,18.167692,168.21273021139544,2025-03-30
c0798,39.883892,18.167692,163.36137404686852,2025-03-31
c0798,39.883892,18.167692,180.51955606010253,2025-04-01
c0798,39.883892,18.167692,181.1596158551579,2025-04-02
c0798,39.883892,18.167692,174.27111993629444,2025-04-03
c0798,39.883892,18.167692,170.2165304330741,2025-04-04
c0798,39.883892,18.167692,170.44613104323966,2025-04-05
c0798,39.883892,18.167692,161.73193335208856,2025-04-06
c0798,39.883892,18.167692,169.47280564682052,2025-04-07
c0798,39.883892,18.167692,178.13122526369824,2025-04-08
c0798,39.883892,18.167692,170.77951975052946,2025-04-09
c0798,39.883892,18.167692,170.09602862022186,2025-04-10
c0798,39.883892,18.167692,157.34417217083256,2025-04-11
c0798,39.883892,18.167692,160.887062010092,2025-04-12
c0798,39.883892,18.167692,151.49180641302604,2025-04-13
c0798,39.883892,18.167692,148.96922299101212,2025-04-14
c0798,39.883892,18.167692,141.99144059210198,2025-04-15
c0798,39.883892,18.167692,137.63477493678263,2025-04-16
c0798,39.883892,18.167692,151.8138640203956,2025-04-17
c0798,39.883892,18.167692,154.05262511549503,2025-04-18
c0798,39.883892,18.167692,142.44102140075444,2025-04-19
c0798,39.883892,18.167692,152.36458803944984,2025-04-20
c0798,39.883892,18.167692,159.43889642824053,2025-04-21
c0798,39.883892,18.167692,159.88006237552824,2025-04-22
c0798,39.883892,18.167692,169.29287657409034,2025-04-23
c0798,39.883892,18.167692,171.20327570412718,2025-04-24
c0798,39.883892,18.167692,159.88337563966232,2025-04-25
c0798,39.883892,18.167692,158.63411159525182,2025-04-26
c0798,39.883892,18.167692,153.15313967783243,2025-04-27
c0798,39.883892,18.167692,159.61153774783858,2025-04-28
c0798,39.883892,18.167692,160.5489569176346,2025-04-29
c0798,39.883892,18.167692,168.18722961013472,2025-04-30
c0798,39.883892,18.167692,163.1504384409029,2025-05-01
c0798,39.883892,18.167692,164.1563805283777,2025-05-02
c0798,39.883892,18.167692,156.7091089913935,2025-05-03
c0798,39.883892,18.167692,154.16102478107504,2025-05-04
c0798,39.883892,18.167692,161.6970660459909,2025-05-06
c0798,39.883892,18.167692,156.5655177866943,2025-05-07
c0798,39.883892,18.167692,152.30007261060953,2025-05-08
c0798,39.883892,18.167692,156.6061058138399,2025-05-09
c0798,39.883892,18.167692,161.74928628841695,2025-05-10
c0798,39.883892,18.167692,158.33304874325057,2025-05-11
c0798,39.883892,18.167692,161.4945275918623,2025-05-12
c0798,39.883892,18.167692,158.4469753714978,2025-05-13
c0798,39.883892,18.167692,157.2185504600541,2025-05-14
c0798,39.883892,18.167692,155.83835764643183,2025-05-15
c0798,39.883892,18.167692,160.65700722613684,2025-05-16
c0798,39.883892,18.167692,165.42627909311105,2025-05-17
c0798,39.883892,18.167692,159.04387527316248,2025-05-18
c0798,39.883892,18.167692,155.36116490109745,2025-05-19
c0798,39.883892,18.167692,151.5505570264375,2025-05-20
c0798,39.883892,18.167692,161.34289302889832,2025-05-21
c0798,39.883892,18.167692,,2025-05-22
c0798,39.883892,18.167692,155.7682903775083,2025-05-23
c0798,39.883892,18.167692,153.78276495748034,2025-05-24
c0798,39.883892,18.167692,162.99189725988205,2025-05-25
c0798,39.883892,18.167692,158.64936419794924,2025-05-26
c0798,39.883892,18.167692,154.82299766730364,2025-05-27
c0798,39.883892,18.167692,166.7260570125627,2025-05-28
c0798,39.883892,18.167692,165.3423702991399,2025-05-29
c0798,39.883892,18.167692,165.17748073233636,2025-05-30
c0798,39.883892,18.167692,152.36841458182866,2025-05-31
c0798,39.883892,18.167692,151.20715983788324,2025-06-01
c0798,39.883892,18.167692,147.79101119077797,2025-06-02
c0798,39.883892,18.167692,144.77729943671525,2025-06-03
c0798,39.883892,18.167692,143.4494701109385,2025-06-04
c0798,39.883892,18.167692,150.30772734318566,2025-06-05
c0798,39.883892,18.167692,148.87668895584127,2025-06-06
c0798,39.883892,18.167692,137.0593426980489,2025-06-07
c0798,39.883892,18.167692,141.8904558071076,2025-06-08
c0798,39.883892,18.167692,140.89165631886527,2025-06-09
c0798,39.883892,18.167692,142.54396125901803,2025-06-10
c0798,39.883892,18.167692,148.97837153804292,2025-06-11
c0798,39.883892,18.167692,146.56519296035333,2025-06-12
c0798,39.883892,18.167692,146.8827264119185,2025-06-13
c0798,39.883892,18.167692,142.86477896926243,2025-06-14
c0798,39.883892,18.167692,143.963386757018,2025-06-15
c0798,39.883892,18.167692,142.74665755163727,2025-06-16
c0798,39.883892,18.167692,148.37532406273203,2025-06-17
c0798,39.883892,18.167692,152.69960967273934,2025-06-18
c0798,39.883892,18.167692,154.2369374538197,2025-06-19
c0798,39.883892,18.167692,150.75149792240853,2025-06-20
c0798,39.883892,18.167692,149.95634406201867,2025-06-21
c0798,39.883892,18.167692,148.48203834613713,2025-06-22
c0798,39.883892,18.167692,143.66833766843993,2025-06-23
c0798,39.883892,18.167692,141.7615664562177,2025-06-24
c0798,39.883892,18.167692,138.105069234293,2025-06-25
c0798,39.883892,18.167692,138.09749512019846,2025-06-26
c0798,39.883892,18.167692,139.44476534030537,2025-06-27
c0798,39.883892,18.167692,143.65555143958406,2025-06-28
c0798,39.883892,18.167692,136.2299103933078,2025-06-29
c0798,39.883892,18.167692,134.57044577996209,2025-06-30
c0798,39.883892,18.167692,137.83461104340506,2025-07-01
c0798,39.883892,18.167692,136.4008203909412,2025-07-02
c0798,39.883892,18.167692,136.3846783340745,2025-07-03
c0798,39.883892,18.167692,136.63449549911357,2025-07-04
c0798,39.883892,18.167692,138.0850756907865,2025-07-05
c0798,39.883892,18.167692,134.66370839105485,2025-07-06
c0798,39.883892,18.167692,137.69442544996866,2025-07-07
c0798,39.883892,18.167692,136.31202147893876,2025-07-08
c0798,39.883892,18.167692,142.1638282121488,2025-07-09
c0798,39.883892,18.167692,141.15946590006106,2025-07-10
c0798,39.883892,18.167692,140.93220236670535,2025-07-11
c0798,39.883892,18.167692,138.51792193645835,2025-07-12
c0798,39.883892,18.167692,137.38092169881554,2025-07-13
c0798,39.883892,18.167692,134.3999425296843,2025-07-14
c0798,39.883892,18.167692,137.42121151765647,2025-07-15
c0798,39.883892,18.167692,137.52657346811105,2025-07-16
c0798,39.883892,18.167692,139.416014026019,2025-07-17
c0798,39.883892,18.167692,138.315081826844,2025-07-18
c0798,39.883892,18.167692,137.67519209808464,2025-07-19
c0798,39.883892,18.167692,136.90249039115884,2025-07-20
c0798,39.883892,18.167692,134.65763101115445,2025-07-21
c0798,39.883892,18.167692,134.29934087934797,2025-07-22
c0798,39.883892,18.167692,135.31249828895454,2025-07-23
c0798,39.883892,18.167692,132.2812343371115,2025-07-24
c0798,39.883892,18.167692,130.51431602662015,2025-07-25
c0798,39.883892,18.167692,128.70556785950205,2025-07-26
c0798,39.883892,18.167692,135.61309209690896,2025-07-27
c0798,39.883892,18.167692,136.9402140934943,2025-07-28
c0798,39.883892,18.167692,139.0916044699477,2025-07-29
c0798,39.883892,18.167692,136.76542136279028,2025-07-30
c0798,39.883892,18.167692,138.30815796773803,2025-07-31
c0798,39.883892,18.167692,138.51238678491765,2025-08-01
c0798,39.883892,18.167692,139.61676483701402,2025-08-02
c0798,39.883892,18.167692,139.5892231745228,2025-08-03
c0798,39.883892,18.167692,146.86180924759665,2025-08-04
c0798,39.883892,18.167692,151.45773140380794,2025-08-05
c0798,39.883892,18.167692,140.15975829416948,2025-08-06
c0798,39.883892,18.167692,136.7746807838741,2025-08-07
c0798,39.883892,18.167692,131.72216396587072,2025-08-08
c0798,39.883892,18.167692,129.12521840743628,2025-08-09
c0798,39.883892,18.167692,127.38574218161992,2025-08-10
c0798,39.883892,18.167692,126.21899164782312,2025-08-11
c0798,39.883892,18.167692,130.55190724408996,2025-08-12
c0798,39.883892,18.167692,131.48776888454455,2025-08-13
c0798,39.883892,18.167692,134.6516998850251,2025-08-14
c0798,39.883892,18.167692,133.95008953429337,2025-08-15
c0798,39.883892,18.167692,139.62146609576428,2025-08-16
c0798,39.883892,18.167692,137.91260587624149,2025-08-17
c0798,39.883892,18.167692,137.91582093782165,2025-08-18
c0798,39.883892,18.167692,139.4540942266035,2025-08-19
c0798,39.883892,18.167692,141.52089170501063,2025-08-20
c0798,39.883892,18.167692,136.92067431473305,2025-08-21
c0798,39.883892,18.167692,136.09964912332157,2025-08-22
c0798,39.883892,18.167692,134.62750900968632,2025-08-23
c0798,39.883892,18.167692,135.1186760210719,2025-08-24
c0798,39.883892,18.167692,135.55954872079343,2025-08-25
c0798,39.883892,18.167692,144.03702182731044,2025-08-26
c0798,39.883892,18.167692,134.02855386776451,2025-08-27
c0798,39.883892,18.167692,131.5708500596121,2025-08-28
c0798,39.883892,18.167692,129.6577452900614,2025-08-29
c0798,39.883892,18.167692,136.06961743275426,2025-08-30
c0798,39.883892,18.167692,132.27269405919543,2025-08-31
c0798,39.883892,18.167692,129.14478253165706,2025-09-01
c0798,39.883892,18.167692,128.2552067738438,2025-09-02
c0798,39.883892,18.167692,139.28241663099664,2025-09-03
c0798,39.883892,18.167692,135.83085992417548,2025-09-04
c0798,39.883892,18.167692,135.65432771036015,2025-09-05
c0798,39.883892,18.167692,138.9290261830811,2025-09-06
c0798,39.883892,18.167692,138.61008108214224,2025-09-07
c0798,39.883892,18.167692,135.5976641371715,2025-09-08
c0798,39.883892,18.167692,131.71567473008585,2025-09-09
c0798,39.883892,18.167692,129.69868665854247,2025-09-10
c0798,39.883892,18.167692,135.63883621222556,2025-09-11
c0798,39.883892,18.167692,128.10726772185382,2025-09-12
c0798,39.883892,18.167692,126.85778032221016,2025-09-13
c0798,39.883892,18.167692,132.03655129408904,2025-09-14
c0798,39.883892,18.167692,128.9673331961718,2025-09-15
c0798,39.883892,18.167692,125.48684880635058,2025-09-16
c0798,39.883892,18.167692,127.1287160937164,2025-09-17
c0798,39.883892,18.167692,125.78407203802696,2025-09-18
c0798,39.883892,18.167692,127.3426111836838,2025-09-19
c0798,39.883892,18.167692,131.13326652948606,2025-09-20
c0798,39.883892,18.167692,131.2588190198451,2025-09-21
c0798,39.883892,18.167692,130.84003174194973,2025-09-22
c0798,39.883892,18.167692,132.62842453348287,2025-09-23
c0798,39.883892,18.167692,132.9842715478107,2025-09-24
c0798,39.883892,18.167692,130.94506483670656,2025-09-25
c0798,39.883892,18.167692,131.71859525489307,2025-09-26
c0798,39.883892,18.167692,136.18057823078783,2025-09-27
c0798,39.883892,18.167692,133.44564304033017,2025-09-28
c0798,39.883892,18.167692,135.80158746020146,2025-09-29
c0798,39.883892,18.167692,130.42065549374956,2025-09-30
c0798,39.883892,18.167692,132.32188188366888,2025-10-01
c0798,39.883892,18.167692,142.41672382859696,2025-10-02
c0798,39.883892,18.167692,149.7394271393979,2025-10-03
c0798,39.883892,18.167692,148.28064927100712,2025-10-04
c0798,39.883892,18.167692,124.70451026542996,2025-10-05
c0798,39.883892,18.167692,145.4430987418424,2025-10-06
c0798,39.883892,18.167692,153.81692610201455,2025-10-07
c0798,39.883892,18.167692,143.53790644258072,2025-10-08
c0798,39.883892,18.167692,130.2908856596206,2025-10-09
c0798,39.883892,18.167692,134.68142391079277,2025-10-10
c0798,39.883892,18.167692,134.14849630975706,2025-10-11
c0798,39.883892,18.167692,130.27317052803272,2025-10-12
c0798,39.883892,18.167692,133.3519932953968,2025-10-13
c0798,39.883892,18.167692,133.64591417814643,2025-10-14
c0798,39.883892,18.167692,134.8319498602168,2025-10-15
c0798,39.883892,18.167692,135.51951894458213,2025-10-16
c0798,39.883892,18.167692,130.22693186848304,2025-10-17
c0798,39.883892,18.167692,128.9833965858852,2025-10-18
c0798,39.883892,18.167692,128.27790902347272,2025-10-19
c0798,39.883892,18.167692,129.95535455482735,2025-10-20
c0798,39.883892,18.167692,129.0001594070822,2025-10-21
c0798,39.883892,18.167692,129.32402467364278,2025-10-22
c0798,39.883892,18.167692,132.2146026964618,2025-10-23
c0798,39.883892,18.167692,130.8904349319035,2025-10-24
c0798,39.883892,18.167692,129.79366740302507,2025-10-25
c0798,39.883892,18.167692,127.83289854773156,2025-10-26
c0798,39.883892,18.167692,141.31133584344744,2025-10-27
c0798,39.883892,18.167692,135.78117669972505,2025-10-28
c0798,39.883892,18.167692,136.12084834888836,2025-10-29
c0798,39.883892,18.167692,125.24191880730956,2025-10-30
c0798,39.883892,18.167692,133.45549260544874,2025-10-31
c0798,39.883892,18.167692,131.80956718237186,2025-11-01
c0798,39.883892,18.167692,127.33491470797983,2025-11-02
c0798,39.883892,18.167692,133.67177521567692,2025-11-03
c0798,39.883892,18.167692,134.1776759804407,2025-11-04
c0798,39.883892,18.167692,128.46780395727353,2025-11-05
c0798,39.883892,18.167692,124.40525426511114,2025-11-06
c0798,39.883892,18.167692,130.46911023076296,2025-11-07
c0798,39.883892,18.167692,131.09049048288423,2025-11-08
c0798,39.883892,18.167692,133.22955237331317,2025-11-09
c0798,39.883892,18.167692,134.30896667911105,2025-11-10
c0798,39.883892,18.167692,127.55020270771756,2025-11-11
c0798,39.883892,18.167692,134.37072622025437,2025-11-12
c0798,39.883892,18.167692,130.33799150286157,2025-11-13
c0798,39.883892,18.167692,122.500779078553,2025-11-14
c0798,39.883892,18.167692,120.63250530095908,2025-11-15
c0798,39.883892,18.167692,128.15368361350397,2025-11-16
c0798,39.883892,18.167692,124.68997888108404,2025-11-17
c0798,39.883892,18.167692,127.90101767491264,2025-11-18
c0798,39.883892,18.167692,138.29361620780978,2025-11-19
c0798,39.883892,18.167692,127.64483580484284,2025-11-20
c0798,39.883892,18.167692,143.9552521790754,2025-11-21
c0798,39.883892,18.167692,142.9883679357356,2025-11-22
c0798,39.883892,18.167692,151.52596227737055,2025-11-23
c0798,39.883892,18.167692,155.92273704240063,2025-11-24
c0798,39.883892,18.167692,148.74947073347803,2025-11-25
c0798,39.883892,18.167692,155.2136740853409,2025-11-26
c0798,39.883892,18.167692,157.73380850654442,2025-11-27
c0798,39.883892,18.167692,153.42073114719446,2025-11-28
c0798,39.883892,18.167692,137.5952078090664,2025-11-30
c0798,39.883892,18.167692,135.8788936106543,2025-12-01
c0798,39.883892,18.167692,153.95103656712132,2025-12-02
c0798,39.883892,18.167692,142.2047086798528,2025-12-03
c0798,39.883892,18.167692,148.38116661173538,2025-12-04
c0798,39.883892,18.167692,153.13924335059954,2025-12-05
c0798,39.883892,18.167692,164.72066635126038,2025-12-06
c0798,39.883892,18.167692,151.74534209911064,2025-12-07
c0798,39.883892,18.167692,139.65744246232993,2025-12-08
c0798,39.883892,18.167692,137.89929157384157,2025-12-09
c0798,39.883892,18.167692,149.75027081328483,2025-12-10
c0798,39.883892,18.167692,142.35399369220633,2025-12-11
c0798,39.883892,18.167692,139.3326653891171,2025-12-12
c0798,39.883892,18.167692,129.83723907573724,2025-12-13
c0798,39.883892,18.167692,129.49059712654557,2025-12-14
c0798,39.883892,18.167692,135.26485742583802,2025-12-15
c0798,39.883892,18.167692,142.5494315020619,2025-12-16
c0798,39.883892,18.167692,139.48178347203415,2025-12-17
c0798,39.883892,18.167692,142.73942198952284,2025-12-18
c0798,39.883892,18.167692,135.50210222102783,2025-12-22
c0798,39.883892,18.167692,145.7602221422124,2025-12-23
c0798,39.883892,18.167692,154.39515203269113,2025-12-24
c0798,39.883892,18.167692,182.9014320850393,2025-12-25
c0798,39.883892,18.167692,163.95323953870854,2025-12-26
c0798,39.883892,18.167692,145.99737620586694,2025-12-27
c0798,39.883892,18.167692,138.53076537434316,2025-12-28
c0798,39.883892,18.167692,137.087705495073,2025-12-29
c0798,39.883892,18.167692,149.69229215189688,2025-12-30
