cell_id,lat_center,lon_center,mean,date
c1951,46.415423,16.069384,140.975804283382,2019-01-01
c1951,46.415423,16.069384,153.2324175579934,2019-01-02
c1951,46.415423,16.069384,152.4146491093728,2019-01-03
c1951,46.415423,16.069384,136.03185805311352,2019-01-04
c1951,46.415423,16.069384,124.75015031288768,2019-01-05
c1951,46.415423,16.069384,147.05066892040873,2019-01-06
c1951,46.415423,16.069384,145.87444575301842,2019-01-07
c1951,46.415423,16.069384,141.86516679164603,2019-01-08
c1951,46.415423,16.069384,187.05528978270627,2019-01-09
c1951,46.415423,16.069384,192.7213740125694,2019-01-10
c1951,46.415423,16.069384,,2019-01-11
c1951,46.415423,16.069384,157.4351630174564,2019-01-12
c1951,46.415423,16.069384,157.50167471650715,2019-01-13
c1951,46.415423,16.069384,154.1429627010015,2019-01-14
c1951,46.415423,16.069384,153.96422063243213,2019-01-15
c1951,46.415423,16.069384,135.36461042484402,2019-01-16
c1951,46.415423,16.069384,132.52783033496988,2019-01-17
c1951,46.415423,16.069384,143.14269317933392,2019-01-18
c1951,46.415423,16.069384,150.46717024769006,2019-01-19
c1951,46.415423,16.069384,158.6765019848324,2019-01-20
c1951,46.415423,16.069384,164.56783533223825,2019-01-21
c1951,46.415423,16.069384,161.7735323214901,2019-01-22
c1951,46.415423,16.069384,164.1085242792016,2019-01-23
c1951,46.415423,16.069384,171.07906527490826,2019-01-24
c1951,46.415423,16.069384,168.5998463964173,2019-01-25
c1951,46.415423,16.069384,156.21287477803753,2019-01-26
c1951,46.415423,16.069384,135.77876877438533,2019-01-27
c1951,46.415423,16.069384,159.36818853806213,2019-01-28
c1951,46.415423,16.069384,157.8891240832628,2019-01-29
c1951,46.415423,16.069384,149.2571524831688,2019-01-30
c1951,46.415423,16.069384,183.30159646108365,2019-01-31
c1951,46.415423,16.069384,139.70304539070082,2019-02-01
c1951,46.415423,16.069384,144.82739925715754,2019-02-02
c1951,46.415423,16.069384,154.9303639727278,2019-02-03
c1951,46.415423,16.069384,165.07126434201368,2019-02-04
c1951,46.415423,16.069384,163.53926001155497,2019-02-05
c1951,46.415423,16.069384,137.83225992305134,2019-02-06
c1951,46.415423,16.069384,128.85080250716763,2019-02-07
c1951,46.415423,16.069384,169.75459919345283,2019-02-08
c1951,46.415423,16.069384,157.22749925779016,2019-02-09
c1951,46.415423,16.069384,158.97930915879206,2019-02-10
c1951,46.415423,16.069384,209.5785220432112,2019-02-11
c1951,46.415423,16.069384,195.11250958373049,2019-02-12
c1951,46.415423,16.069384,149.82065853893036,2019-02-13
c1951,46.415423,16.069384,141.28573858415203,2019-02-14
c1951,46.415423,16.069384,146.63289829491734,2019-02-15
c1951,46.415423,16.069384,160.45450206734736,2019-02-16
c1951,46.415423,16.069384,127.3815538210184,2019-02-17
c1951,46.415423,16.069384,120.1198275096576,2019-02-18
c1951,46.415423,16.069384,126.74532389817352,2019-02-19
c1951,46.415423,16.069384,154.23617592316924,2019-02-20
c1951,46.415423,16.069384,150.39041445434637,2019-02-21
c1951,46.415423,16.069384,174.95209985562087,2019-02-22
c1951,46.415423,16.069384,162.3277675738166,2019-02-23
c1951,46.415423,16.069384,143.52042741795825,2019-02-24
c1951,46.415423,16.069384,145.49019399180847,2019-02-25
c1951,46.415423,16.069384,145.60649534904726,2019-02-26
c1951,46.415423,16.069384,135.83366208936278,2019-02-27
c1951,46.415423,16.069384,129.44657009048075,2019-02-28
c1951,46.415423,16.069384,141.5028960183744,2019-03-01
c1951,46.415423,16.069384,148.59061692763342,2019-03-02
c1951,46.415423,16.069384,150.67664994582265,2019-03-03
c1951,46.415423,16.069384,142.33682904009012,2019-03-04
c1951,46.415423,16.069384,170.31214097631948,2019-03-05
c1951,46.415423,16.069384,162.77468739526768,2019-03-06
c1951,46.415423,16.069384,145.8119102226621,2019-03-07
c1951,46.415423,16.069384,152.27787907830546,2019-03-08
c1951,46.415423,16.069384,140.06045393922005,2019-03-09
c1951,46.415423,16.069384,131.50614393511418,2019-03-10
c1951,46.415423,16.069384,186.23669069073017,2019-03-11
c1951,46.415423,16.069384,168.14440578716554,2019-03-12
c1951,46.415423,16.069384,167.33645827173632,2019-03-13
c1951,46.415423,16.069384,188.63288379170996,2019-03-14
c1951,46.415423,16.069384,155.35448966877797,2019-03-15
c1951,46.415423,16.069384,148.54881210679832,2019-03-16
c1951,46.415423,16.069384,147.31385954310252,2019-03-17
c1951,46.415423,16.069384,165.48919230115214,2019-03-18
c1951,46.415423,16.069384,179.51537237926007,2019-03-19
c1951,46.415423,16.069384,154.73086933730875,2019-03-20
c1951,46.415423,16.069384,136.0682193232199,2019-03-21
c1951,46.415423,16.069384,139.28062830427984,2019-03-22
c1951,46.415423,16.069384,137.5765662861917,2019-03-23
c1951,46.415423,16.069384,136.08017850795216,2019-03-24
c1951,46.415423,16.069384,169.00185229235117,2019-03-25
c1951,46.415423,16.069384,193.14958776363423,2019-03-26
c1951,46.415423,16.069384,178.83332349050073,2019-03-27
c1951,46.415423,16.069384,150.6349642518909,2019-03-28
c1951,46.415423,16.069384,166.84238369876834,2019-03-29
c1951,46.415423,16.069384,160.2588082406124,2019-03-30
c1951,46.415423,16.069384,161.90178802047583,2019-03-31
c1951,46.415423,16.069384,158.52207719069557,2019-04-01
c1951,46.415423,16.069384,148.68480852759984,2019-04-02
c1951,46.415423,16.069384,,2019-04-03
c1951,46.415423,16.069384,160.92744684969395,2019-04-04
c1951,46.415423,16.069384,175.9057003208843,2019-04-05
c1951,46.415423,16.069384,156.79117609220953,2019-04-06
c1951,46.415423,16.069384,164.2867669056889,2019-04-07
c1951,46.415423,16.069384,166.12308753589565,2019-04-08
c1951,46.415423,16.069384,165.07807222704415,2019-04-09
c1951,46.415423,16.069384,162.0075965144461,2019-04-10
c1951,46.415423,16.069384,159.40708782542288,2019-04-11
c1951,46.415423,16.069384,166.5114659969275,2019-04-12
c1951,46.415423,16.069384,164.9635520535945,2019-04-13
c1951,46.415423,16.069384,184.80453875323383,2019-04-14
c1951,46.415423,16.069384,184.34988158930767,2019-04-16
c1951,46.415423,16.069384,178.67993375298204,2019-04-17
c1951,46.415423,16.069384,175.8830514801902,2019-04-18
c1951,46.415423,16.069384,142.27716390540374,2019-04-19
c1951,46.415423,16.069384,157.91094415257996,2019-04-20
c1951,46.415423,16.069384,145.28922190961327,2019-04-21
c1951,46.415423,16.069384,148.24054150762677,2019-04-22
c1951,46.415423,16.069384,170.28010933001363,2019-04-23
c1951,46.415423,16.069384,156.5644046267956,2019-04-24
c1951,46.415423,16.069384,158.65576329374724,2019-04-25
c1951,46.415423,16.069384,147.88608949519465,2019-04-26
c1951,46.415423,16.069384,180.79181338867585,2019-04-27
c1951,46.415423,16.069384,166.33725068350753,2019-04-28
c1951,46.415423,16.069384,168.1121573267889,2019-04-29
c1951,46.415423,16.069384,165.11915447145117,2019-04-30
c1951,46.415423,16.069384,172.4940364199904,2019-05-01
c1951,46.415423,16.069384,170.14996944251106,2019-05-02
c1951,46.415423,16.069384,170.28161471978453,2019-05-03
c1951,46.415423,16.069384,169.5086549625441,2019-05-04
c1951,46.415423,16.069384,169.33339018680027,2019-05-05
c1951,46.415423,16.069384,198.7191546855422,2019-05-06
c1951,46.415423,16.069384,179.7044125085113,2019-05-07
c1951,46.415423,16.069384,169.56421380431402,2019-05-08
c1951,46.415423,16.069384,184.28504978696145,2019-05-09
c1951,46.415423,16.069384,166.1757750974279,2019-05-10
c1951,46.415423,16.069384,157.69309670172788,2019-05-11
c1951,46.415423,16.069384,164.347454743187,2019-05-12
c1951,46.415423,16.069384,159.67499890052073,2019-05-13
c1951,46.415423,16.069384,168.79340649748778,2019-05-14
c1951,46.415423,16.069384,165.41279953623066,2019-05-15
c1951,46.415423,16.069384,165.95830457960193,2019-05-16
c1951,46.415423,16.069384,173.03236400161632,2019-05-17
c1951,46.415423,16.069384,166.5294829119953,2019-05-18
c1951,46.415423,16.069384,155.05375445636625,2019-05-19
c1951,46.415423,16.069384,166.4650501039954,2019-05-20
c1951,46.415423,16.069384,170.32863761380932,2019-05-21
c1951,46.415423,16.069384,161.81999598587808,2019-05-22
c1951,46.415423,16.069384,156.3652374096392,2019-05-23
c1951,46.415423,16.069384,157.03321804613995,2019-05-24
c1951,46.415423,16.069384,161.52571748340736,2019-05-25
c1951,46.415423,16.069384,157.71019516634388,2019-05-26
c1951,46.415423,16.069384,157.80545606900932,2019-05-27
c1951,46.415423,16.069384,164.65547813018986,2019-05-28
c1951,46.415423,16.069384,166.33131182495964,2019-05-29
c1951,46.415423,16.069384,158.30271353566377,2019-05-30
c1951,46.415423,16.069384,161.12776928005536,2019-05-31
c1951,46.415423,16.069384,153.7116764773984,2019-06-01
c1951,46.415423,16.069384,150.87157848341434,2019-06-02
c1951,46.415423,16.069384,163.20955134598475,2019-06-03
c1951,46.415423,16.069384,153.0476658280391,2019-06-04
c1951,46.415423,16.069384,154.52292283004414,2019-06-05
c1951,46.415423,16.069384,148.73127171137662,2019-06-06
c1951,46.415423,16.069384,149.3730952626988,2019-06-07
c1951,46.415423,16.069384,147.25048946515895,2019-06-08
c1951,46.415423,16.069384,143.66202069261945,2019-06-09
c1951,46.415423,16.069384,143.07289217271023,2019-06-10
c1951,46.415423,16.069384,142.77191506837582,2019-06-11
c1951,46.415423,16.069384,141.45572656832704,2019-06-12
c1951,46.415423,16.069384,143.52693070915552,2019-06-13
c1951,46.415423,16.069384,137.38450574470545,2019-06-14
c1951,46.415423,16.069384,138.41537453114017,2019-06-15
c1951,46.415423,16.069384,149.5284379526684,2019-06-16
c1951,46.415423,16.069384,146.26765014840475,2019-06-17
c1951,46.415423,16.069384,142.40775747684663,2019-06-18
c1951,46.415423,16.069384,137.96068974879486,2019-06-19
c1951,46.415423,16.069384,142.26287089861424,2019-06-20
c1951,46.415423,16.069384,148.0890908062088,2019-06-21
c1951,46.415423,16.069384,148.7822056296447,2019-06-22
c1951,46.415423,16.069384,158.65330135469986,2019-06-23
c1951,46.415423,16.069384,155.6920248247853,2019-06-24
c1951,46.415423,16.069384,155.6459257603624,2019-06-25
c1951,46.415423,16.069384,143.63154284965483,2019-06-26
c1951,46.415423,16.069384,139.344556714496,2019-06-27
c1951,46.415423,16.069384,141.73705798067482,2019-06-28
c1951,46.415423,16.069384,142.56272132986538,2019-06-29
c1951,46.415423,16.069384,142.9360641900212,2019-06-30
c1951,46.415423,16.069384,135.6185034909483,2019-07-01
c1951,46.415423,16.069384,139.402246613397,2019-07-02
c1951,46.415423,16.069384,144.65396264506342,2019-07-03
c1951,46.415423,16.069384,144.22933648535528,2019-07-04
c1951,46.415423,16.069384,139.05924655613424,2019-07-05
c1951,46.415423,16.069384,137.32822430919197,2019-07-06
c1951,46.415423,16.069384,147.75020795679114,2019-07-07
c1951,46.415423,16.069384,146.50426117765426,2019-07-08
c1951,46.415423,16.069384,154.87172676802086,2019-07-09
c1951,46.415423,16.069384,166.07875896637154,2019-07-10
c1951,46.415423,16.069384,152.90278414186415,2019-07-11
c1951,46.415423,16.069384,159.31858216515354,2019-07-12
c1951,46.415423,16.069384,164.06706260842284,2019-07-13
c1951,46.415423,16.069384,164.75045523703434,2019-07-14
c1951,46.415423,16.069384,,2019-07-15
c1951,46.415423,16.069384,155.89231893565426,2019-07-16
c1951,46.415423,16.069384,150.9040059467975,2019-07-17
c1951,46.415423,16.069384,155.40726800745807,2019-07-18
c1951,46.415423,16.069384,152.4155462576951,2019-07-19
c1951,46.415423,16.069384,145.79125680681693,2019-07-20
c1951,46.415423,16.069384,146.4114479475677,2019-07-21
c1951,46.415423,16.069384,147.408767491667,2019-07-22
c1951,46.415423,16.069384,136.3598022672734,2019-07-23
c1951,46.415423,16.069384,132.34440194048324,2019-07-24
c1951,46.415423,16.069384,137.84330968113406,2019-07-25
c1951,46.415423,16.069384,138.82552570383314,2019-07-26
c1951,46.415423,16.069384,137.0297783948128,2019-07-27
c1951,46.415423,16.069384,142.21248694374492,2019-07-28
c1951,46.415423,16.069384,141.64149258061963,2019-07-29
c1951,46.415423,16.069384,138.43043358288023,2019-07-30
c1951,46.415423,16.069384,140.7635744991648,2019-07-31
c1951,46.415423,16.069384,140.67064466093393,2019-08-01
c1951,46.415423,16.069384,136.52109317394806,2019-08-02
c1951,46.415423,16.069384,153.5248723211521,2019-08-03
c1951,46.415423,16.069384,153.0711581145991,2019-08-04
c1951,46.415423,16.069384,145.04765313586014,2019-08-05
c1951,46.415423,16.069384,144.2335382494239,2019-08-06
c1951,46.415423,16.069384,140.80479455513986,2019-08-07
c1951,46.415423,16.069384,145.74091399536172,2019-08-08
c1951,46.415423,16.069384,139.33893532913729,2019-08-09
c1951,46.415423,16.069384,134.66622989508775,2019-08-10
c1951,46.415423,16.069384,130.57179057346096,2019-08-11
c1951,46.415423,16.069384,128.0388163732461,2019-08-12
c1951,46.415423,16.069384,133.96328734052125,2019-08-13
c1951,46.415423,16.069384,150.13131680778525,2019-08-14
c1951,46.415423,16.069384,142.61753669317562,2019-08-15
c1951,46.415423,16.069384,151.57927171095042,2019-08-16
c1951,46.415423,16.069384,134.69423019560782,2019-08-17
c1951,46.415423,16.069384,127.19970103083962,2019-08-18
c1951,46.415423,16.069384,132.45591509128417,2019-08-19
c1951,46.415423,16.069384,127.73298223307548,2019-08-20
c1951,46.415423,16.069384,132.20222252202365,2019-08-21
c1951,46.415423,16.069384,,2019-08-22
c1951,46.415423,16.069384,134.5982948193919,2019-08-23
c1951,46.415423,16.069384,135.02272939580004,2019-08-24
c1951,46.415423,16.069384,138.7979535077151,2019-08-25
c1951,46.415423,16.069384,141.29302211253466,2019-08-26
c1951,46.415423,16.069384,138.73954188391355,2019-08-27
c1951,46.415423,16.069384,128.29992787644576,2019-08-28
c1951,46.415423,16.069384,130.85749231979568,2019-08-29
c1951,46.415423,16.069384,130.47026456144675,2019-08-30
c1951,46.415423,16.069384,129.60638497983993,2019-08-31
c1951,46.415423,16.069384,131.92405293519911,2019-09-01
c1951,46.415423,16.069384,131.9126317441583,2019-09-02
c1951,46.415423,16.069384,134.6791498677692,2019-09-03
c1951,46.415423,16.069384,126.51841332483664,2019-09-04
c1951,46.415423,16.069384,128.33852190093896,2019-09-05
c1951,46.415423,16.069384,132.7454350854992,2019-09-06
c1951,46.415423,16.069384,141.73214697912158,2019-09-07
c1951,46.415423,16.069384,138.88555893094215,2019-09-08
c1951,46.415423,16.069384,153.46289689448946,2019-09-09
c1951,46.415423,16.069384,131.6251203867483,2019-09-10
c1951,46.415423,16.069384,136.66093742896754,2019-09-11
c1951,46.415423,16.069384,129.9734554301477,2019-09-12
c1951,46.415423,16.069384,120.3749522121335,2019-09-13
c1951,46.415423,16.069384,121.64270979575352,2019-09-14
c1951,46.415423,16.069384,124.31899569793248,2019-09-15
c1951,46.415423,16.069384,120.52032174088762,2019-09-16
c1951,46.415423,16.069384,129.8745382082317,2019-09-17
c1951,46.415423,16.069384,133.34852775807275,2019-09-18
c1951,46.415423,16.069384,134.40421313999232,2019-09-19
c1951,46.415423,16.069384,132.24468461494297,2019-09-20
c1951,46.415423,16.069384,130.8837768807829,2019-09-21
c1951,46.415423,16.069384,128.08491330219692,2019-09-22
c1951,46.415423,16.069384,133.80903654429864,2019-09-23
c1951,46.415423,16.069384,128.99502268181982,2019-09-24
c1951,46.415423,16.069384,126.05011425397048,2019-09-25
c1951,46.415423,16.069384,124.21441380501815,2019-09-26
c1951,46.415423,16.069384,118.5825120523549,2019-09-27
c1951,46.415423,16.069384,129.7854912386408,2019-09-28
c1951,46.415423,16.069384,124.88879641615146,2019-09-29
c1951,46.415423,16.069384,121.91024580834052,2019-09-30
c1951,46.415423,16.069384,119.36891192342372,2019-10-01
c1951,46.415423,16.069384,126.63922687004413,2019-10-02
c1951,46.415423,16.069384,142.51075101686885,2019-10-03
c1951,46.415423,16.069384,133.07843932769867,2019-10-04
c1951,46.415423,16.069384,140.21198163257984,2019-10-05
c1951,46.415423,16.069384,120.14949633031918,2019-10-06
c1951,46.415423,16.069384,135.1473136220524,2019-10-07
c1951,46.415423,16.069384,116.25502261664582,2019-10-08
c1951,46.415423,16.069384,113.52369004733248,2019-10-09
c1951,46.415423,16.069384,131.04114478262073,2019-10-10
c1951,46.415423,16.069384,119.4113474280428,2019-10-11
c1951,46.415423,16.069384,125.61933884645038,2019-10-12
c1951,46.415423,16.069384,116.72262458861148,2019-10-13
c1951,46.415423,16.069384,117.25340011255668,2019-10-14
c1951,46.415423,16.069384,121.27139079985926,2019-10-15
c1951,46.415423,16.069384,126.12913589377057,2019-10-16
c1951,46.415423,16.069384,125.29350741302684,2019-10-17
c1951,46.415423,16.069384,122.49274118396656,2019-10-18
c1951,46.415423,16.069384,122.1278238045775,2019-10-19
c1951,46.415423,16.069384,121.7027378404246,2019-10-20
c1951,46.415423,16.069384,115.48655518648124,2019-10-21
c1951,46.415423,16.069384,117.48689341373765,2019-10-22
c1951,46.415423,16.069384,119.4766686580313,2019-10-23
c1951,46.415423,16.069384,123.79813062450349,2019-10-24
c1951,46.415423,16.069384,130.92781301786042,2019-10-25
c1951,46.415423,16.069384,131.2598569772237,2019-10-26
c1951,46.415423,16.069384,119.16446851144264,2019-10-27
c1951,46.415423,16.069384,109.2268994401126,2019-10-28
c1951,46.415423,16.069384,115.39782572891704,2019-10-29
c1951,46.415423,16.069384,131.9871289877338,2019-10-30
c1951,46.415423,16.069384,136.3575430143068,2019-10-31
c1951,46.415423,16.069384,130.0394169685635,2019-11-01
c1951,46.415423,16.069384,124.87113361070372,2019-11-02
c1951,46.415423,16.069384,135.60528157072974,2019-11-03
c1951,46.415423,16.069384,142.09018741416082,2019-11-04
c1951,46.415423,16.069384,121.94999875414518,2019-11-05
c1951,46.415423,16.069384,139.94392427260397,2019-11-06
c1951,46.415423,16.069384,137.34299351265534,2019-11-07
c1951,46.415423,16.069384,126.78315220548804,2019-11-08
c1951,46.415423,16.069384,128.06047735187423,2019-11-09
c1951,46.415423,16.069384,140.69842666504573,2019-11-10
c1951,46.415423,16.069384,141.9935043707239,2019-11-11
c1951,46.415423,16.069384,141.52234981578758,2019-11-13
c1951,46.415423,16.069384,136.67093597860878,2019-11-14
c1951,46.415423,16.069384,127.85263420591376,2019-11-15
c1951,46.415423,16.069384,124.44819631835598,2019-11-16
c1951,46.415423,16.069384,141.43367173835233,2019-11-17
c1951,46.415423,16.069384,148.07303250685973,2019-11-18
c1951,46.415423,16.069384,139.7773257497998,2019-11-19
c1951,46.415423,16.069384,154.31440814732633,2019-11-20
c1951,46.415423,16.069384,139.18521594340817,2019-11-21
c1951,46.415423,16.069384,150.17086931632846,2019-11-22
c1951,46.415423,16.069384,145.452136341814,2019-11-23
c1951,46.415423,16.069384,137.056977446121,2019-11-24
c1951,46.415423,16.069384,129.7628159078172,2019-11-25
c1951,46.415423,16.069384,131.53132871511562,2019-11-26
c1951,46.415423,16.069384,113.53874395351494,2019-11-27
c1951,46.415423,16.069384,115.99930781520436,2019-11-28
c1951,46.415423,16.069384,119.7787275211672,2019-11-29
c1951,46.415423,16.069384,124.8653843815578,2019-11-30
c1951,46.415423,16.069384,118.97008984849344,2019-12-01
c1951,46.415423,16.069384,122.81960703368712,2019-12-02
c1951,46.415423,16.069384,132.9505709208312,2019-12-03
c1951,46.415423,16.069384,123.936166192075,2019-12-04
c1951,46.415423,16.069384,127.43611480324864,2019-12-05
c1951,46.415423,16.069384,135.93857393254754,2019-12-06
c1951,46.415423,16.069384,143.27258596027926,2019-12-07
c1951,46.415423,16.069384,118.5992483218884,2019-12-08
c1951,46.415423,16.069384,126.05609715094924,2019-12-09
c1951,46.415423,16.069384,126.34119571069554,2019-12-10
c1951,46.415423,16.069384,146.13948981232568,2019-12-11
c1951,46.415423,16.069384,144.21091611653776,2019-12-12
c1951,46.415423,16.069384,152.85928631796892,2019-12-13
c1951,46.415423,16.069384,135.680886629216,2019-12-14
c1951,46.415423,16.069384,137.5483391083828,2019-12-15
c1951,46.415423,16.069384,139.27354763006375,2019-12-16
c1951,46.415423,16.069384,131.53812460903686,2019-12-17
c1951,46.415423,16.069384,134.80243910237073,2019-12-18
c1951,46.415423,16.069384,137.20155604285634,2019-12-19
c1951,46.415423,16.069384,135.5101006794412,2019-12-20
c1951,46.415423,16.069384,147.15820407353175,2019-12-21
c1951,46.415423,16.069384,155.71997640667655,2019-12-22
c1951,46.415423,16.069384,166.51968221717854,2019-12-23
c1951,46.415423,16.069384,150.16773981708636,2019-12-24
c1951,46.415423,16.069384,157.38053463947256,2019-12-25
c1951,46.415423,16.069384,141.7265551635244,2019-12-26
c1951,46.415423,16.069384,165.5872742203739,2019-12-27
c1951,46.415423,16.069384,180.8312546877856,2019-12-28
c1951,46.415423,16.069384,171.94444327575414,2019-12-29
c1951,46.415423,16.069384,142.9748137116117,2019-12-30
c1951,46.415423,16.069384,136.95587358259786,2019-12-31
c1951,46.415423,16.069384,155.0639995127193,2020-01-01
c1951,46.415423,16.069384,151.1822781605882,2020-01-02
c1951,46.415423,16.069384,162.32813647663815,2020-01-03
c1951,46.415423,16.069384,158.91874652474124,2020-01-04
c1951,46.415423,16.069384,157.12326480499783,2020-01-05
c1951,46.415423,16.069384,154.25150794795638,2020-01-06
c1951,46.415423,16.069384,158.0407458541632,2020-01-07
c1951,46.415423,16.069384,152.88700350555516,2020-01-08
c1951,46.415423,16.069384,143.75210562086994,2020-01-09
c1951,46.415423,16.069384,146.25487176155167,2020-01-10
c1951,46.415423,16.069384,156.41743194774818,2020-01-11
c1951,46.415423,16.069384,140.243387787064,2020-01-12
c1951,46.415423,16.069384,137.8236050936283,2020-01-13
c1951,46.415423,16.069384,154.8101768605132,2020-01-14
c1951,46.415423,16.069384,144.65942630397137,2020-01-15
c1951,46.415423,16.069384,135.93810412262982,2020-01-16
c1951,46.415423,16.069384,154.5806895099054,2020-01-17
c1951,46.415423,16.069384,164.21398750092234,2020-01-18
c1951,46.415423,16.069384,179.40690221467048,2020-01-19
c1951,46.415423,16.069384,171.11402612805378,2020-01-20
c1951,46.415423,16.069384,152.84232052842202,2020-01-21
c1951,46.415423,16.069384,166.7088506727372,2020-01-22
c1951,46.415423,16.069384,150.56403977629384,2020-01-23
c1951,46.415423,16.069384,148.12449863867016,2020-01-24
c1951,46.415423,16.069384,139.1773967461533,2020-01-25
c1951,46.415423,16.069384,152.5663369623288,2020-01-26
c1951,46.415423,16.069384,148.94492577913522,2020-01-27
c1951,46.415423,16.069384,163.04221519089518,2020-01-28
c1951,46.415423,16.069384,183.2369102364609,2020-01-29
c1951,46.415423,16.069384,144.97853620279366,2020-01-30
c1951,46.415423,16.069384,135.94255199915202,2020-01-31
c1951,46.415423,16.069384,131.7367906995644,2020-02-01
c1951,46.415423,16.069384,144.47133229151888,2020-02-02
c1951,46.415423,16.069384,151.06898218881767,2020-02-03
c1951,46.415423,16.069384,174.8911094848209,2020-02-04
c1951,46.415423,16.069384,190.42736626028656,2020-02-05
c1951,46.415423,16.069384,169.682477813673,2020-02-06
c1951,46.415423,16.069384,153.4877910509571,2020-02-07
c1951,46.415423,16.069384,150.08916048143195,2020-02-08
c1951,46.415423,16.069384,154.2990796458301,2020-02-09
c1951,46.415423,16.069384,130.29002738186605,2020-02-10
c1951,46.415423,16.069384,131.66342845578913,2020-02-11
c1951,46.415423,16.069384,157.23565000973102,2020-02-12
c1951,46.415423,16.069384,155.44020917775632,2020-02-13
c1951,46.415423,16.069384,180.9531304428343,2020-02-14
c1951,46.415423,16.069384,149.3065904569385,2020-02-15
c1951,46.415423,16.069384,137.73072335154774,2020-02-16
c1951,46.415423,16.069384,132.98885002382968,2020-02-17
c1951,46.415423,16.069384,153.9488036323286,2020-02-18
c1951,46.415423,16.069384,166.40202926406798,2020-02-19
c1951,46.415423,16.069384,148.5088410340561,2020-02-20
c1951,46.415423,16.069384,161.83047616134098,2020-02-21
c1951,46.415423,16.069384,151.94199575525954,2020-02-22
c1951,46.415423,16.069384,149.32432522814543,2020-02-23
c1951,46.415423,16.069384,158.21161780047743,2020-02-24
c1951,46.415423,16.069384,160.0212291880325,2020-02-25
c1951,46.415423,16.069384,166.32668853785046,2020-02-26
c1951,46.415423,16.069384,167.954337189708,2020-02-27
c1951,46.415423,16.069384,173.1081072544859,2020-02-28
c1951,46.415423,16.069384,136.91751882571162,2020-02-29
c1951,46.415423,16.069384,163.75275448264242,2020-03-01
c1951,46.415423,16.069384,159.17995154072358,2020-03-02
c1951,46.415423,16.069384,175.7477858174897,2020-03-03
c1951,46.415423,16.069384,205.863051628044,2020-03-04
c1951,46.415423,16.069384,162.80350492969052,2020-03-05
c1951,46.415423,16.069384,155.5320838009427,2020-03-06
c1951,46.415423,16.069384,174.70449525659075,2020-03-07
c1951,46.415423,16.069384,181.62535426965957,2020-03-08
c1951,46.415423,16.069384,165.31710836450182,2020-03-09
c1951,46.415423,16.069384,170.05876122173717,2020-03-10
c1951,46.415423,16.069384,147.95045736147836,2020-03-11
c1951,46.415423,16.069384,138.38795790057185,2020-03-12
c1951,46.415423,16.069384,145.03837639544295,2020-03-13
c1951,46.415423,16.069384,166.06630624622127,2020-03-14
c1951,46.415423,16.069384,170.44562053567506,2020-03-15
c1951,46.415423,16.069384,157.50692740083693,2020-03-16
c1951,46.415423,16.069384,168.77055889507474,2020-03-17
c1951,46.415423,16.069384,164.0764407305146,2020-03-18
c1951,46.415423,16.069384,153.19342735166452,2020-03-19
c1951,46.415423,16.069384,157.00554265725424,2020-03-20
c1951,46.415423,16.069384,154.67415839762748,2020-03-21
c1951,46.415423,16.069384,154.54016201504373,2020-03-22
c1951,46.415423,16.069384,186.57398432051215,2020-03-23
c1951,46.415423,16.069384,199.9149412410174,2020-03-24
c1951,46.415423,16.069384,204.96121145996617,2020-03-25
c1951,46.415423,16.069384,170.42755444651175,2020-03-26
c1951,46.415423,16.069384,169.6320365005243,2020-03-27
c1951,46.415423,16.069384,178.74807984960597,2020-03-28
c1951,46.415423,16.069384,176.76872187495988,2020-03-29
c1951,46.415423,16.069384,176.67402327817257,2020-03-30
c1951,46.415423,16.069384,185.8023299030661,2020-03-31
c1951,46.415423,16.069384,170.5694303198341,2020-04-01
c1951,46.415423,16.069384,163.9322315727254,2020-04-02
c1951,46.415423,16.069384,165.18146894348945,2020-04-03
c1951,46.415423,16.069384,169.03614476863208,2020-04-04
c1951,46.415423,16.069384,160.42642404678665,2020-04-05
c1951,46.415423,16.069384,140.34423605637554,2020-04-06
c1951,46.415423,16.069384,138.70077934964294,2020-04-07
c1951,46.415423,16.069384,140.2088989915921,2020-04-08
c1951,46.415423,16.069384,145.83515153012476,2020-04-09
c1951,46.415423,16.069384,141.2617674118881,2020-04-10
c1951,46.415423,16.069384,134.26960365191042,2020-04-11
c1951,46.415423,16.069384,150.99298821691227,2020-04-12
c1951,46.415423,16.069384,165.62349709394994,2020-04-13
c1951,46.415423,16.069384,184.2986453745083,2020-04-14
c1951,46.415423,16.069384,147.38566856634523,2020-04-15
c1951,46.415423,16.069384,148.39285072857516,2020-04-16
c1951,46.415423,16.069384,155.83901888481716,2020-04-17
c1951,46.415423,16.069384,153.38671477213407,2020-04-18
c1951,46.415423,16.069384,148.9143047698479,2020-04-19
c1951,46.415423,16.069384,149.3673514314216,2020-04-20
c1951,46.415423,16.069384,145.28070697736763,2020-04-21
c1951,46.415423,16.069384,154.06384917369314,2020-04-22
c1951,46.415423,16.069384,140.8529439928572,2020-04-23
c1951,46.415423,16.069384,142.1997855591847,2020-04-24
c1951,46.415423,16.069384,146.97665089490684,2020-04-25
c1951,46.415423,16.069384,162.18039136139848,2020-04-26
c1951,46.415423,16.069384,159.63124046613677,2020-04-27
c1951,46.415423,16.069384,154.91544520137728,2020-04-28
c1951,46.415423,16.069384,159.4199854562392,2020-04-29
c1951,46.415423,16.069384,157.68093662019913,2020-04-30
c1951,46.415423,16.069384,166.05956774626978,2020-05-01
c1951,46.415423,16.069384,163.2562738091264,2020-05-02
c1951,46.415423,16.069384,169.6612714921219,2020-05-03
c1951,46.415423,16.069384,159.8362450099926,2020-05-04
c1951,46.415423,16.069384,152.65834867347175,2020-05-05
c1951,46.415423,16.069384,167.04102445224402,2020-05-06
c1951,46.415423,16.069384,154.7237443799198,2020-05-07
c1951,46.415423,16.069384,148.4169449466395,2020-05-08
c1951,46.415423,16.069384,149.72313725206163,2020-05-09
c1951,46.415423,16.069384,149.8813929848917,2020-05-10
c1951,46.415423,16.069384,152.49715562737936,2020-05-11
c1951,46.415423,16.069384,144.88080659744028,2020-05-12
c1951,46.415423,16.069384,143.808852356527,2020-05-13
c1951,46.415423,16.069384,146.86773568691092,2020-05-14
c1951,46.415423,16.069384,151.10262260130528,2020-05-15
c1951,46.415423,16.069384,146.15657868124543,2020-05-16
c1951,46.415423,16.069384,149.21461956401325,2020-05-17
c1951,46.415423,16.069384,149.65337966233764,2020-05-18
c1951,46.415423,16.069384,150.64503998802127,2020-05-19
c1951,46.415423,16.069384,149.06723798324788,2020-05-20
c1951,46.415423,16.069384,147.94687117488704,2020-05-21
c1951,46.415423,16.069384,150.7596216880142,2020-05-22
c1951,46.415423,16.069384,139.45293461255017,2020-05-23
c1951,46.415423,16.069384,165.98806653189885,2020-05-24
c1951,46.415423,16.069384,171.16192036968965,2020-05-25
c1951,46.415423,16.069384,178.12532468846854,2020-05-26
c1951,46.415423,16.069384,161.13386112917854,2020-05-27
c1951,46.415423,16.069384,152.45603877618169,2020-05-28
c1951,46.415423,16.069384,157.77193942084696,2020-05-29
c1951,46.415423,16.069384,160.4184986508995,2020-05-30
c1951,46.415423,16.069384,157.65300544093574,2020-05-31
c1951,46.415423,16.069384,148.71678267745995,2020-06-01
c1951,46.415423,16.069384,152.65698250786923,2020-06-02
c1951,46.415423,16.069384,154.19995303566864,2020-06-03
c1951,46.415423,16.069384,153.53110294279534,2020-06-04
c1951,46.415423,16.069384,160.07671958349368,2020-06-05
c1951,46.415423,16.069384,148.39893401915512,2020-06-06
c1951,46.415423,16.069384,148.7520738380878,2020-06-07
c1951,46.415423,16.069384,151.17412214822832,2020-06-08
c1951,46.415423,16.069384,151.90304305719593,2020-06-09
c1951,46.415423,16.069384,160.22052235784574,2020-06-10
c1951,46.415423,16.069384,156.05249058951495,2020-06-11
c1951,46.415423,16.069384,145.90833906296206,2020-06-13
c1951,46.415423,16.069384,146.8581139480866,2020-06-14
c1951,46.415423,16.069384,155.28956493458156,2020-06-15
c1951,46.415423,16.069384,154.1985102225519,2020-06-16
c1951,46.415423,16.069384,153.3129298095601,2020-06-17
c1951,46.415423,16.069384,151.77473563807413,2020-06-18
c1951,46.415423,16.069384,147.68466348481851,2020-06-19
c1951,46.415423,16.069384,155.6624334375121,2020-06-20
c1951,46.415423,16.069384,150.81090624133702,2020-06-21
c1951,46.415423,16.069384,142.39208518660635,2020-06-22
c1951,46.415423,16.069384,143.83665677784796,2020-06-23
c1951,46.415423,16.069384,149.29158977878623,2020-06-24
c1951,46.415423,16.069384,154.50774995647814,2020-06-25
c1951,46.415423,16.069384,144.12367472704835,2020-06-26
c1951,46.415423,16.069384,134.03844669125115,2020-06-27
c1951,46.415423,16.069384,136.85084885696423,2020-06-28
c1951,46.415423,16.069384,137.90312303414208,2020-06-29
c1951,46.415423,16.069384,139.9694003159704,2020-06-30
c1951,46.415423,16.069384,135.63444690308947,2020-07-01
c1951,46.415423,16.069384,138.46669139141457,2020-07-02
c1951,46.415423,16.069384,134.7357845474293,2020-07-03
c1951,46.415423,16.069384,,2020-07-04
c1951,46.415423,16.069384,136.19814579965967,2020-07-05
c1951,46.415423,16.069384,135.13154298216924,2020-07-06
c1951,46.415423,16.069384,145.29062604355943,2020-07-07
c1951,46.415423,16.069384,141.2570217581306,2020-07-08
c1951,46.415423,16.069384,136.66113709188355,2020-07-09
c1951,46.415423,16.069384,134.15962262170052,2020-07-10
c1951,46.415423,16.069384,138.2341920450616,2020-07-11
c1951,46.415423,16.069384,143.57504545838248,2020-07-12
c1951,46.415423,16.069384,141.7941671213977,2020-07-13
c1951,46.415423,16.069384,145.1704989742806,2020-07-14
c1951,46.415423,16.069384,,2020-07-15
c1951,46.415423,16.069384,145.85070280538102,2020-07-16
c1951,46.415423,16.069384,163.75712563249212,2020-07-17
c1951,46.415423,16.069384,169.9222469050924,2020-07-18
c1951,46.415423,16.069384,156.26889797419113,2020-07-19
c1951,46.415423,16.069384,142.52335938883303,2020-07-20
c1951,46.415423,16.069384,134.81494043253238,2020-07-21
c1951,46.415423,16.069384,135.17381104508183,2020-07-22
c1951,46.415423,16.069384,138.20958059925402,2020-07-23
c1951,46.415423,16.069384,138.85838063374015,2020-07-24
c1951,46.415423,16.069384,147.3782968499284,2020-07-25
c1951,46.415423,16.069384,141.6326983386569,2020-07-26
c1951,46.415423,16.069384,135.9271598496492,2020-07-27
c1951,46.415423,16.069384,135.83689173184058,2020-07-28
c1951,46.415423,16.069384,134.86985872291123,2020-07-29
c1951,46.415423,16.069384,134.79663092682395,2020-07-30
c1951,46.415423,16.069384,132.5171456801334,2020-07-31
c1951,46.415423,16.069384,134.62047885157344,2020-08-02
c1951,46.415423,16.069384,139.51238947312214,2020-08-03
c1951,46.415423,16.069384,147.16468313997296,2020-08-04
c1951,46.415423,16.069384,141.51926907728483,2020-08-05
c1951,46.415423,16.069384,141.77583073333545,2020-08-06
c1951,46.415423,16.069384,139.8288347499317,2020-08-07
c1951,46.415423,16.069384,135.3505517118062,2020-08-08
c1951,46.415423,16.069384,133.3992188918956,2020-08-09
c1951,46.415423,16.069384,132.89953425746117,2020-08-10
c1951,46.415423,16.069384,132.42404410912076,2020-08-11
c1951,46.415423,16.069384,135.61874752909574,2020-08-12
c1951,46.415423,16.069384,130.85311265642122,2020-08-13
c1951,46.415423,16.069384,138.6214477934218,2020-08-14
c1951,46.415423,16.069384,139.02876692206735,2020-08-15
c1951,46.415423,16.069384,139.8102719478057,2020-08-16
c1951,46.415423,16.069384,139.52820523677855,2020-08-17
c1951,46.415423,16.069384,142.32811438162196,2020-08-18
c1951,46.415423,16.069384,147.9708621079314,2020-08-19
c1951,46.415423,16.069384,130.95605073614828,2020-08-20
c1951,46.415423,16.069384,127.27857076167118,2020-08-21
c1951,46.415423,16.069384,128.18055452038217,2020-08-22
c1951,46.415423,16.069384,129.7249897308694,2020-08-23
c1951,46.415423,16.069384,132.21988094379222,2020-08-24
c1951,46.415423,16.069384,130.5498904200651,2020-08-25
c1951,46.415423,16.069384,131.80614765295047,2020-08-26
c1951,46.415423,16.069384,129.72127813729946,2020-08-27
c1951,46.415423,16.069384,131.52989236497135,2020-08-28
c1951,46.415423,16.069384,134.26160932731264,2020-08-29
c1951,46.415423,16.069384,131.30903922914385,2020-08-30
c1951,46.415423,16.069384,135.06296703979953,2020-08-31
c1951,46.415423,16.069384,149.08915337207117,2020-09-01
c1951,46.415423,16.069384,144.79364683383997,2020-09-02
c1951,46.415423,16.069384,151.70114061181087,2020-09-03
c1951,46.415423,16.069384,129.72911433267473,2020-09-04
c1951,46.415423,16.069384,125.09983126658118,2020-09-05
c1951,46.415423,16.069384,124.68551019910446,2020-09-06
c1951,46.415423,16.069384,126.767841498235,2020-09-07
c1951,46.415423,16.069384,131.19585349289392,2020-09-08
c1951,46.415423,16.069384,124.0198560911094,2020-09-09
c1951,46.415423,16.069384,121.6877023208198,2020-09-10
c1951,46.415423,16.069384,123.85335121990614,2020-09-11
c1951,46.415423,16.069384,126.83604934056645,2020-09-12
c1951,46.415423,16.069384,126.3333860685479,2020-09-13
c1951,46.415423,16.069384,118.19540205472428,2020-09-15
c1951,46.415423,16.069384,120.52898665692398,2020-09-16
c1951,46.415423,16.069384,122.07517045446896,2020-09-17
c1951,46.415423,16.069384,120.9820692014316,2020-09-18
c1951,46.415423,16.069384,121.3977613129088,2020-09-19
c1951,46.415423,16.069384,121.92020556230612,2020-09-20
c1951,46.415423,16.069384,123.37257821668425,2020-09-21
c1951,46.415423,16.069384,125.18786166206426,2020-09-22
c1951,46.415423,16.069384,132.00864990121426,2020-09-23
c1951,46.415423,16.069384,122.9974966066928,2020-09-24
c1951,46.415423,16.069384,128.1944565054548,2020-09-25
c1951,46.415423,16.069384,148.74516740438725,2020-09-26
c1951,46.415423,16.069384,135.3244289146736,2020-09-27
c1951,46.415423,16.069384,141.12068677328048,2020-09-28
c1951,46.415423,16.069384,132.2553454857558,2020-09-29
c1951,46.415423,16.069384,123.925094993398,2020-09-30
c1951,46.415423,16.069384,123.60535030913398,2020-10-01
c1951,46.415423,16.069384,124.85757555800808,2020-10-02
c1951,46.415423,16.069384,123.64562150678036,2020-10-03
c1951,46.415423,16.069384,130.89118687665868,2020-10-04
c1951,46.415423,16.069384,142.10401872087448,2020-10-05
c1951,46.415423,16.069384,134.39711295212862,2020-10-06
c1951,46.415423,16.069384,137.7050064084261,2020-10-07
c1951,46.415423,16.069384,119.13806347295146,2020-10-08
c1951,46.415423,16.069384,111.52291608839448,2020-10-09
c1951,46.415423,16.069384,116.56526140678643,2020-10-10
c1951,46.415423,16.069384,129.80410315678327,2020-10-11
c1951,46.415423,16.069384,136.92673423173272,2020-10-12
c1951,46.415423,16.069384,138.6844823470903,2020-10-13
c1951,46.415423,16.069384,129.89210221636642,2020-10-14
c1951,46.415423,16.069384,135.8937550947485,2020-10-15
c1951,46.415423,16.069384,140.63168725279215,2020-10-16
c1951,46.415423,16.069384,136.6893299279247,2020-10-17
c1951,46.415423,16.069384,132.66977768919918,2020-10-18
c1951,46.415423,16.069384,131.4980837194911,2020-10-19
c1951,46.415423,16.069384,126.28163590336996,2020-10-20
c1951,46.415423,16.069384,118.83118876577534,2020-10-21
c1951,46.415423,16.069384,116.70934982161828,2020-10-22
c1951,46.415423,16.069384,112.72783850911928,2020-10-23
c1951,46.415423,16.069384,121.47832403205898,2020-10-24
c1951,46.415423,16.069384,122.13741411974968,2020-10-25
c1951,46.415423,16.069384,125.54544831127416,2020-10-26
c1951,46.415423,16.069384,138.32862376064503,2020-10-27
c1951,46.415423,16.069384,135.65344613828998,2020-10-28
c1951,46.415423,16.069384,141.43053714608587,2020-10-29
c1951,46.415423,16.069384,135.11190985895723,2020-10-30
c1951,46.415423,16.069384,124.64031324970256,2020-10-31
c1951,46.415423,16.069384,130.3361042102622,2020-11-01
c1951,46.415423,16.069384,115.0131313614558,2020-11-02
c1951,46.415423,16.069384,113.16424387690437,2020-11-03
c1951,46.415423,16.069384,120.9045596502674,2020-11-04
c1951,46.415423,16.069384,124.81676136663432,2020-11-05
c1951,46.415423,16.069384,124.13505965182544,2020-11-06
c1951,46.415423,16.069384,122.8004280458088,2020-11-07
c1951,46.415423,16.069384,123.83025521210756,2020-11-08
c1951,46.415423,16.069384,135.16273336453932,2020-11-09
c1951,46.415423,16.069384,128.26583191676514,2020-11-10
c1951,46.415423,16.069384,126.3171725210464,2020-11-11
c1951,46.415423,16.069384,140.14054492259007,2020-11-12
c1951,46.415423,16.069384,130.89497508978704,2020-11-13
c1951,46.415423,16.069384,132.67160746529885,2020-11-14
c1951,46.415423,16.069384,134.975234506816,2020-11-15
c1951,46.415423,16.069384,127.5859061860249,2020-11-16
c1951,46.415423,16.069384,123.89620253877337,2020-11-17
c1951,46.415423,16.069384,108.2326682044607,2020-11-18
c1951,46.415423,16.069384,110.0952668217909,2020-11-19
c1951,46.415423,16.069384,134.32995885618223,2020-11-20
c1951,46.415423,16.069384,129.83067707493538,2020-11-21
c1951,46.415423,16.069384,125.47560512313343,2020-11-22
c1951,46.415423,16.069384,130.0670996873065,2020-11-23
c1951,46.415423,16.069384,131.53436370051395,2020-11-24
c1951,46.415423,16.069384,132.3740137019996,2020-11-25
c1951,46.415423,16.069384,135.70301296384258,2020-11-26
c1951,46.415423,16.069384,140.25266962515795,2020-11-27
c1951,46.415423,16.069384,124.57214412699616,2020-11-28
c1951,46.415423,16.069384,130.45194073584443,2020-11-29
c1951,46.415423,16.069384,130.25189941313798,2020-11-30
c1951,46.415423,16.069384,136.6804233920402,2020-12-01
c1951,46.415423,16.069384,135.42533308033657,2020-12-02
c1951,46.415423,16.069384,140.58016808428997,2020-12-03
c1951,46.415423,16.069384,138.25097363322297,2020-12-04
c1951,46.415423,16.069384,128.35168846728638,2020-12-05
c1951,46.415423,16.069384,132.55263976639392,2020-12-06
c1951,46.415423,16.069384,123.39316304218724,2020-12-07
c1951,46.415423,16.069384,137.27408146423227,2020-12-08
c1951,46.415423,16.069384,137.8773021095814,2020-12-09
c1951,46.415423,16.069384,142.83096682004785,2020-12-10
c1951,46.415423,16.069384,142.75762235241478,2020-12-11
c1951,46.415423,16.069384,133.0883927064832,2020-12-12
c1951,46.415423,16.069384,148.78568368529466,2020-12-13
c1951,46.415423,16.069384,128.42151878425238,2020-12-14
c1951,46.415423,16.069384,122.90755420373284,2020-12-15
c1951,46.415423,16.069384,120.09039523946416,2020-12-16
c1951,46.415423,16.069384,124.38454009609204,2020-12-17
c1951,46.415423,16.069384,134.63363818972806,2020-12-18
c1951,46.415423,16.069384,130.10790636504404,2020-12-19
c1951,46.415423,16.069384,121.38711842388764,2020-12-20
c1951,46.415423,16.069384,142.77995410222096,2020-12-21
c1951,46.415423,16.069384,119.09888092343522,2020-12-22
c1951,46.415423,16.069384,120.87867938022464,2020-12-23
c1951,46.415423,16.069384,129.34951272722944,2020-12-24
c1951,46.415423,16.069384,140.0854552727444,2020-12-25
c1951,46.415423,16.069384,140.71447370779543,2020-12-26
c1951,46.415423,16.069384,148.70235610183397,2020-12-27
c1951,46.415423,16.069384,144.52643525198434,2020-12-28
c1951,46.415423,16.069384,156.52603485134628,2020-12-29
c1951,46.415423,16.069384,152.95698078275169,2020-12-30
c1951,46.415423,16.069384,142.2435665064971,2020-12-31
c1951,46.415423,16.069384,143.67811164790723,2021-01-02
c1951,46.415423,16.069384,133.9341351664091,2021-01-03
c1951,46.415423,16.069384,130.26037016207837,2021-01-04
c1951,46.415423,16.069384,138.57129881465352,2021-01-05
c1951,46.415423,16.069384,147.67189101617575,2021-01-06
c1951,46.415423,16.069384,145.62095089253123,2021-01-07
c1951,46.415423,16.069384,140.308611600117,2021-01-08
c1951,46.415423,16.069384,140.63126175870656,2021-01-09
c1951,46.415423,16.069384,147.66699533863536,2021-01-10
c1951,46.415423,16.069384,141.007740019223,2021-01-11
c1951,46.415423,16.069384,145.43326319901345,2021-01-12
c1951,46.415423,16.069384,155.6919008028412,2021-01-13
c1951,46.415423,16.069384,141.1483072634001,2021-01-14
c1951,46.415423,16.069384,144.83545230349043,2021-01-15
c1951,46.415423,16.069384,164.52627164727076,2021-01-16
c1951,46.415423,16.069384,163.34769733551371,2021-01-17
c1951,46.415423,16.069384,165.95691379639,2021-01-18
c1951,46.415423,16.069384,151.8400841682042,2021-01-19
c1951,46.415423,16.069384,138.87225313187355,2021-01-20
c1951,46.415423,16.069384,148.72506689803032,2021-01-21
c1951,46.415423,16.069384,139.27176515826113,2021-01-22
c1951,46.415423,16.069384,161.61582889972323,2021-01-23
c1951,46.415423,16.069384,160.90448519170695,2021-01-24
c1951,46.415423,16.069384,178.02365266969215,2021-01-25
c1951,46.415423,16.069384,171.30932027407172,2021-01-26
c1951,46.415423,16.069384,161.13512409977633,2021-01-27
c1951,46.415423,16.069384,163.4203795611662,2021-01-28
c1951,46.415423,16.069384,163.89073110437488,2021-01-29
c1951,46.415423,16.069384,153.11524313280515,2021-01-30
c1951,46.415423,16.069384,161.60254632939592,2021-01-31
c1951,46.415423,16.069384,152.66229479427932,2021-02-01
c1951,46.415423,16.069384,152.51771411846246,2021-02-02
c1951,46.415423,16.069384,138.89700769042355,2021-02-03
c1951,46.415423,16.069384,141.61307846951377,2021-02-04
c1951,46.415423,16.069384,144.7623401979624,2021-02-05
c1951,46.415423,16.069384,149.97187344683425,2021-02-06
c1951,46.415423,16.069384,151.21988087756768,2021-02-07
c1951,46.415423,16.069384,174.33601178411087,2021-02-08
c1951,46.415423,16.069384,157.9276101481529,2021-02-09
c1951,46.415423,16.069384,165.46487673147766,2021-02-10
c1951,46.415423,16.069384,161.64587350771438,2021-02-11
c1951,46.415423,16.069384,157.6390366105283,2021-02-12
c1951,46.415423,16.069384,176.76284174314992,2021-02-13
c1951,46.415423,16.069384,177.88234641146667,2021-02-14
c1951,46.415423,16.069384,164.78698282423466,2021-02-15
c1951,46.415423,16.069384,159.33847860724504,2021-02-16
c1951,46.415423,16.069384,162.417685118443,2021-02-17
c1951,46.415423,16.069384,156.44741064317225,2021-02-18
c1951,46.415423,16.069384,172.79811644636223,2021-02-19
c1951,46.415423,16.069384,153.58642506388225,2021-02-20
c1951,46.415423,16.069384,138.009644446437,2021-02-21
c1951,46.415423,16.069384,129.93724621063623,2021-02-22
c1951,46.415423,16.069384,128.62730938108913,2021-02-23
c1951,46.415423,16.069384,137.57774018022948,2021-02-24
c1951,46.415423,16.069384,131.48471929694807,2021-02-25
c1951,46.415423,16.069384,133.83196906855304,2021-02-26
c1951,46.415423,16.069384,148.14970635780267,2021-02-27
c1951,46.415423,16.069384,155.1281864693932,2021-02-28
c1951,46.415423,16.069384,163.12047326537666,2021-03-01
c1951,46.415423,16.069384,163.61827299287785,2021-03-02
c1951,46.415423,16.069384,157.9372490685875,2021-03-03
c1951,46.415423,16.069384,152.61509745517012,2021-03-04
c1951,46.415423,16.069384,152.72288747779632,2021-03-05
c1951,46.415423,16.069384,159.5367267336998,2021-03-06
c1951,46.415423,16.069384,173.71630330078136,2021-03-07
c1951,46.415423,16.069384,175.4099565968749,2021-03-08
c1951,46.415423,16.069384,174.0442839310634,2021-03-09
c1951,46.415423,16.069384,168.74927705696763,2021-03-10
c1951,46.415423,16.069384,139.56924426044992,2021-03-11
c1951,46.415423,16.069384,153.63429563000363,2021-03-12
c1951,46.415423,16.069384,173.70586901479697,2021-03-13
c1951,46.415423,16.069384,180.9885118340919,2021-03-14
c1951,46.415423,16.069384,210.91310531811635,2021-03-15
c1951,46.415423,16.069384,202.32003016371343,2021-03-16
c1951,46.415423,16.069384,196.8296054760704,2021-03-17
c1951,46.415423,16.069384,209.9517289539884,2021-03-18
c1951,46.415423,16.069384,196.8994923001732,2021-03-19
c1951,46.415423,16.069384,213.00183491055157,2021-03-20
c1951,46.415423,16.069384,171.0697013791453,2021-03-21
c1951,46.415423,16.069384,172.0580164221621,2021-03-22
c1951,46.415423,16.069384,161.13494792677523,2021-03-23
c1951,46.415423,16.069384,161.6308230571203,2021-03-24
c1951,46.415423,16.069384,153.51959753862758,2021-03-25
c1951,46.415423,16.069384,160.4092676353991,2021-03-26
c1951,46.415423,16.069384,155.73809538978074,2021-03-27
c1951,46.415423,16.069384,154.38961843042796,2021-03-28
c1951,46.415423,16.069384,156.96510210266894,2021-03-29
c1951,46.415423,16.069384,156.67591988526257,2021-03-30
c1951,46.415423,16.069384,151.09816076237988,2021-03-31
c1951,46.415423,16.069384,156.1987869261279,2021-04-01
c1951,46.415423,16.069384,174.617178761027,2021-04-02
c1951,46.415423,16.069384,186.5079056063544,2021-04-03
c1951,46.415423,16.069384,180.7785567386862,2021-04-04
c1951,46.415423,16.069384,164.9680829585175,2021-04-05
c1951,46.415423,16.069384,195.91324328579523,2021-04-06
c1951,46.415423,16.069384,193.5319011768216,2021-04-07
c1951,46.415423,16.069384,177.760145724188,2021-04-08
c1951,46.415423,16.069384,167.40842198458787,2021-04-09
c1951,46.415423,16.069384,165.90874630332135,2021-04-10
c1951,46.415423,16.069384,163.3160805430699,2021-04-11
c1951,46.415423,16.069384,163.91185796167915,2021-04-12
c1951,46.415423,16.069384,173.66238255575928,2021-04-13
c1951,46.415423,16.069384,199.87829429682856,2021-04-14
c1951,46.415423,16.069384,210.30102990671935,2021-04-15
c1951,46.415423,16.069384,200.62458390193052,2021-04-16
c1951,46.415423,16.069384,186.35772216039916,2021-04-17
c1951,46.415423,16.069384,189.000973706423,2021-04-18
c1951,46.415423,16.069384,181.71111819858876,2021-04-19
c1951,46.415423,16.069384,191.01485454215484,2021-04-20
c1951,46.415423,16.069384,180.78038086477952,2021-04-21
c1951,46.415423,16.069384,165.98063452847268,2021-04-22
c1951,46.415423,16.069384,171.01164730898992,2021-04-23
c1951,46.415423,16.069384,154.0847165245889,2021-04-24
c1951,46.415423,16.069384,151.33047446354917,2021-04-25
c1951,46.415423,16.069384,154.47426184907914,2021-04-26
c1951,46.415423,16.069384,165.3683495327086,2021-04-27
c1951,46.415423,16.069384,163.7168969553398,2021-04-28
c1951,46.415423,16.069384,159.18455370434745,2021-04-29
c1951,46.415423,16.069384,159.65636893501338,2021-04-30
c1951,46.415423,16.069384,153.3810610928847,2021-05-01
c1951,46.415423,16.069384,160.11494006613594,2021-05-02
c1951,46.415423,16.069384,166.24417281371132,2021-05-03
c1951,46.415423,16.069384,162.27839207007608,2021-05-04
c1951,46.415423,16.069384,162.86811418471092,2021-05-05
c1951,46.415423,16.069384,166.67812975643298,2021-05-06
c1951,46.415423,16.069384,171.47666915078972,2021-05-07
c1951,46.415423,16.069384,157.88849350071436,2021-05-08
c1951,46.415423,16.069384,153.06599581487504,2021-05-09
c1951,46.415423,16.069384,149.30038061680392,2021-05-10
c1951,46.415423,16.069384,148.18442291952817,2021-05-11
c1951,46.415423,16.069384,156.5493243966867,2021-05-12
c1951,46.415423,16.069384,164.55038465640544,2021-05-13
c1951,46.415423,16.069384,161.63793965080492,2021-05-14
c1951,46.415423,16.069384,167.69293660615372,2021-05-15
c1951,46.415423,16.069384,158.5159081194983,2021-05-16
c1951,46.415423,16.069384,172.41910115043103,2021-05-17
c1951,46.415423,16.069384,168.90690536126405,2021-05-18
c1951,46.415423,16.069384,,2021-05-19
c1951,46.415423,16.069384,172.17720420510133,2021-05-20
c1951,46.415423,16.069384,146.5713878597734,2021-05-21
c1951,46.415423,16.069384,150.38215111176564,2021-05-22
c1951,46.415423,16.069384,148.6555381589168,2021-05-23
c1951,46.415423,16.069384,139.74288936650584,2021-05-24
c1951,46.415423,16.069384,153.1980163269712,2021-05-25
c1951,46.415423,16.069384,151.02853822335143,2021-05-26
c1951,46.415423,16.069384,157.0763796950796,2021-05-27
c1951,46.415423,16.069384,157.34636307842857,2021-05-28
c1951,46.415423,16.069384,155.90494381831397,2021-05-29
c1951,46.415423,16.069384,166.9239542522724,2021-05-30
c1951,46.415423,16.069384,166.60719319359703,2021-05-31
c1951,46.415423,16.069384,164.13528084071538,2021-06-01
c1951,46.415423,16.069384,159.67101893635055,2021-06-02
c1951,46.415423,16.069384,154.3320305451547,2021-06-03
c1951,46.415423,16.069384,148.87295349953067,2021-06-04
c1951,46.415423,16.069384,149.61164990732345,2021-06-05
c1951,46.415423,16.069384,147.11969367009758,2021-06-06
c1951,46.415423,16.069384,148.44154301645045,2021-06-07
c1951,46.415423,16.069384,152.2712633138495,2021-06-08
c1951,46.415423,16.069384,152.48697434610176,2021-06-09
c1951,46.415423,16.069384,154.08594513130237,2021-06-10
c1951,46.415423,16.069384,154.13846493736068,2021-06-11
c1951,46.415423,16.069384,150.92580170235837,2021-06-12
c1951,46.415423,16.069384,150.91219524888234,2021-06-13
c1951,46.415423,16.069384,147.8980791954381,2021-06-14
c1951,46.415423,16.069384,145.21819212513734,2021-06-15
c1951,46.415423,16.069384,153.1030891274206,2021-06-16
c1951,46.415423,16.069384,147.40839295401165,2021-06-17
c1951,46.415423,16.069384,148.31559392757487,2021-06-18
c1951,46.415423,16.069384,148.68561126605746,2021-06-19
c1951,46.415423,16.069384,135.667059161048,2021-06-20
c1951,46.415423,16.069384,139.22102056163192,2021-06-21
c1951,46.415423,16.069384,137.02011087101926,2021-06-22
c1951,46.415423,16.069384,134.30430371884745,2021-06-23
c1951,46.415423,16.069384,138.36122624311886,2021-06-24
c1951,46.415423,16.069384,147.42317766275164,2021-06-25
c1951,46.415423,16.069384,147.58703021275613,2021-06-26
c1951,46.415423,16.069384,141.8114895084653,2021-06-27
c1951,46.415423,16.069384,139.0010738823047,2021-06-28
c1951,46.415423,16.069384,139.69318524774343,2021-06-29
c1951,46.415423,16.069384,144.48146106226068,2021-06-30
c1951,46.415423,16.069384,155.14799767414587,2021-07-01
c1951,46.415423,16.069384,152.25723919897564,2021-07-02
c1951,46.415423,16.069384,147.75962530911806,2021-07-03
c1951,46.415423,16.069384,145.23299176777107,2021-07-04
c1951,46.415423,16.069384,143.80780075477367,2021-07-05
c1951,46.415423,16.069384,137.9554053342755,2021-07-06
c1951,46.415423,16.069384,136.91035173225865,2021-07-07
c1951,46.415423,16.069384,132.3889342576479,2021-07-08
c1951,46.415423,16.069384,148.54168611394624,2021-07-09
c1951,46.415423,16.069384,141.90662059133064,2021-07-10
c1951,46.415423,16.069384,151.55591074235778,2021-07-11
c1951,46.415423,16.069384,140.08752588221833,2021-07-12
c1951,46.415423,16.069384,131.13319752476767,2021-07-13
c1951,46.415423,16.069384,138.78844289909145,2021-07-14
c1951,46.415423,16.069384,142.77030031227451,2021-07-15
c1951,46.415423,16.069384,149.4418817870923,2021-07-16
c1951,46.415423,16.069384,145.22061348666162,2021-07-17
c1951,46.415423,16.069384,141.713039084577,2021-07-18
c1951,46.415423,16.069384,139.4134799303052,2021-07-19
c1951,46.415423,16.069384,143.03460976563437,2021-07-20
c1951,46.415423,16.069384,137.6906102237947,2021-07-21
c1951,46.415423,16.069384,142.17946285397412,2021-07-22
c1951,46.415423,16.069384,145.4159959482106,2021-07-23
c1951,46.415423,16.069384,138.62354638939885,2021-07-24
c1951,46.415423,16.069384,143.2921449795392,2021-07-25
c1951,46.415423,16.069384,139.99851193879982,2021-07-26
c1951,46.415423,16.069384,143.2682573855674,2021-07-27
c1951,46.415423,16.069384,137.85364953198592,2021-07-28
c1951,46.415423,16.069384,139.11985634756542,2021-07-29
c1951,46.415423,16.069384,136.1746681859678,2021-07-30
c1951,46.415423,16.069384,135.4646946769878,2021-07-31
c1951,46.415423,16.069384,144.7944216339903,2021-08-01
c1951,46.415423,16.069384,148.89420108845238,2021-08-02
c1951,46.415423,16.069384,148.89426796105025,2021-08-03
c1951,46.415423,16.069384,141.43405757195347,2021-08-04
c1951,46.415423,16.069384,154.33096141964072,2021-08-05
c1951,46.415423,16.069384,153.0829984609433,2021-08-06
c1951,46.415423,16.069384,137.32083745618755,2021-08-07
c1951,46.415423,16.069384,138.63509246592196,2021-08-08
c1951,46.415423,16.069384,141.04889894397525,2021-08-09
c1951,46.415423,16.069384,140.22987749187908,2021-08-10
c1951,46.415423,16.069384,136.74579937152197,2021-08-11
c1951,46.415423,16.069384,134.21208597948024,2021-08-12
c1951,46.415423,16.069384,135.8909006190535,2021-08-13
c1951,46.415423,16.069384,131.72172944008358,2021-08-14
c1951,46.415423,16.069384,130.8061077801545,2021-08-15
c1951,46.415423,16.069384,132.76860674656032,2021-08-16
c1951,46.415423,16.069384,149.52271517376312,2021-08-17
c1951,46.415423,16.069384,147.66427452796302,2021-08-18
c1951,46.415423,16.069384,137.32323324743172,2021-08-19
c1951,46.415423,16.069384,135.0204375173002,2021-08-20
c1951,46.415423,16.069384,136.18504938621197,2021-08-21
c1951,46.415423,16.069384,139.76299140221647,2021-08-22
c1951,46.415423,16.069384,137.80428884615827,2021-08-23
c1951,46.415423,16.069384,143.69639342337078,2021-08-24
c1951,46.415423,16.069384,145.43648853632627,2021-08-25
c1951,46.415423,16.069384,140.16118954506,2021-08-26
c1951,46.415423,16.069384,155.77418183292872,2021-08-27
c1951,46.415423,16.069384,152.7171724549451,2021-08-28
c1951,46.415423,16.069384,156.80073328010792,2021-08-29
c1951,46.415423,16.069384,153.11056977747054,2021-08-30
c1951,46.415423,16.069384,150.41593199041424,2021-08-31
c1951,46.415423,16.069384,145.945681381772,2021-09-01
c1951,46.415423,16.069384,138.61827468810617,2021-09-02
c1951,46.415423,16.069384,137.15949064773466,2021-09-03
c1951,46.415423,16.069384,138.19725343665257,2021-09-04
c1951,46.415423,16.069384,138.37589053362746,2021-09-05
c1951,46.415423,16.069384,138.4723903041914,2021-09-06
c1951,46.415423,16.069384,140.18226472358256,2021-09-07
c1951,46.415423,16.069384,142.34336146416226,2021-09-08
c1951,46.415423,16.069384,144.21375193685583,2021-09-09
c1951,46.415423,16.069384,146.71474467124136,2021-09-10
c1951,46.415423,16.069384,145.47075823640614,2021-09-11
c1951,46.415423,16.069384,140.9970171990929,2021-09-12
c1951,46.415423,16.069384,130.19386764399886,2021-09-13
c1951,46.415423,16.069384,128.96277269031842,2021-09-14
c1951,46.415423,16.069384,121.75826316899276,2021-09-15
c1951,46.415423,16.069384,124.28082640016436,2021-09-16
c1951,46.415423,16.069384,133.13484166613867,2021-09-17
c1951,46.415423,16.069384,130.10007254381316,2021-09-18
c1951,46.415423,16.069384,133.14841800706645,2021-09-19
c1951,46.415423,16.069384,137.9088227884972,2021-09-20
c1951,46.415423,16.069384,132.8456747900054,2021-09-21
c1951,46.415423,16.069384,129.40482979420167,2021-09-22
c1951,46.415423,16.069384,124.79070572172766,2021-09-23
c1951,46.415423,16.069384,125.02816289304197,2021-09-24
c1951,46.415423,16.069384,127.9636350945238,2021-09-25
c1951,46.415423,16.069384,129.94869297774312,2021-09-26
c1951,46.415423,16.069384,132.51098467079237,2021-09-27
c1951,46.415423,16.069384,126.6912896879196,2021-09-28
c1951,46.415423,16.069384,133.84900406017977,2021-09-30
c1951,46.415423,16.069384,133.09045718836327,2021-10-01
c1951,46.415423,16.069384,132.83222828869475,2021-10-02
c1951,46.415423,16.069384,132.2295154564411,2021-10-03
c1951,46.415423,16.069384,129.93432346479665,2021-10-04
c1951,46.415423,16.069384,135.85306710536696,2021-10-05
c1951,46.415423,16.069384,142.23057417174178,2021-10-06
c1951,46.415423,16.069384,131.27839571682978,2021-10-07
c1951,46.415423,16.069384,128.9345553116699,2021-10-08
c1951,46.415423,16.069384,140.10672566049527,2021-10-09
c1951,46.415423,16.069384,129.89407241960336,2021-10-10
c1951,46.415423,16.069384,122.6720818509833,2021-10-11
c1951,46.415423,16.069384,131.19460969299985,2021-10-12
c1951,46.415423,16.069384,141.7463159856827,2021-10-13
c1951,46.415423,16.069384,,2021-10-14
c1951,46.415423,16.069384,131.42766707798043,2021-10-15
c1951,46.415423,16.069384,136.43511316555336,2021-10-16
c1951,46.415423,16.069384,129.10520672788212,2021-10-17
c1951,46.415423,16.069384,140.49059438752744,2021-10-18
c1951,46.415423,16.069384,129.44004124194473,2021-10-19
c1951,46.415423,16.069384,124.50170358321851,2021-10-20
c1951,46.415423,16.069384,118.116349658969,2021-10-21
c1951,46.415423,16.069384,123.40404901039102,2021-10-22
c1951,46.415423,16.069384,130.09854466666786,2021-10-23
c1951,46.415423,16.069384,128.0610248996748,2021-10-24
c1951,46.415423,16.069384,124.30401246181512,2021-10-25
c1951,46.415423,16.069384,,2021-10-26
c1951,46.415423,16.069384,126.65652102287152,2021-10-27
c1951,46.415423,16.069384,126.99008350539468,2021-10-28
c1951,46.415423,16.069384,123.95841775300256,2021-10-29
c1951,46.415423,16.069384,126.53412102594532,2021-10-30
c1951,46.415423,16.069384,129.56620239322933,2021-10-31
c1951,46.415423,16.069384,130.34435532320808,2021-11-01
c1951,46.415423,16.069384,137.26067845099453,2021-11-02
c1951,46.415423,16.069384,124.19111330818777,2021-11-03
c1951,46.415423,16.069384,129.5363555711217,2021-11-04
c1951,46.415423,16.069384,135.08354460446202,2021-11-05
c1951,46.415423,16.069384,131.24537700918432,2021-11-06
c1951,46.415423,16.069384,131.41199530755517,2021-11-07
c1951,46.415423,16.069384,127.68451947126022,2021-11-08
c1951,46.415423,16.069384,127.87361645006024,2021-11-09
c1951,46.415423,16.069384,124.44408908371295,2021-11-10
c1951,46.415423,16.069384,125.95455524658722,2021-11-11
c1951,46.415423,16.069384,130.11140060166088,2021-11-12
c1951,46.415423,16.069384,131.18830808593907,2021-11-13
c1951,46.415423,16.069384,136.07162551608252,2021-11-14
c1951,46.415423,16.069384,126.98962501240231,2021-11-15
c1951,46.415423,16.069384,125.37682942390413,2021-11-16
c1951,46.415423,16.069384,129.09914538512777,2021-11-17
c1951,46.415423,16.069384,129.3819825474958,2021-11-18
c1951,46.415423,16.069384,131.43515801919693,2021-11-19
c1951,46.415423,16.069384,130.3884886359593,2021-11-20
c1951,46.415423,16.069384,134.8939449809418,2021-11-21
c1951,46.415423,16.069384,139.95410734505305,2021-11-22
c1951,46.415423,16.069384,147.1689963967152,2021-11-23
c1951,46.415423,16.069384,139.95863559274602,2021-11-24
c1951,46.415423,16.069384,137.77780351947845,2021-11-25
c1951,46.415423,16.069384,155.9250970821416,2021-11-26
c1951,46.415423,16.069384,139.21695631843662,2021-11-27
c1951,46.415423,16.069384,144.33461297707822,2021-11-28
c1951,46.415423,16.069384,154.2328385346133,2021-11-29
c1951,46.415423,16.069384,147.05692841246122,2021-11-30
c1951,46.415423,16.069384,127.76582203095302,2021-12-01
c1951,46.415423,16.069384,138.4638086818956,2021-12-02
c1951,46.415423,16.069384,147.92078304802803,2021-12-03
c1951,46.415423,16.069384,133.84798485830837,2021-12-04
c1951,46.415423,16.069384,146.21495233373247,2021-12-05
c1951,46.415423,16.069384,170.8946225082532,2021-12-06
c1951,46.415423,16.069384,149.50161503528992,2021-12-07
c1951,46.415423,16.069384,141.33063085618787,2021-12-08
c1951,46.415423,16.069384,159.046693393943,2021-12-09
c1951,46.415423,16.069384,181.0018893811562,2021-12-10
c1951,46.415423,16.069384,,2021-12-11
c1951,46.415423,16.069384,148.02869528790956,2021-12-12
c1951,46.415423,16.069384,141.3039478819883,2021-12-13
c1951,46.415423,16.069384,140.10226018111922,2021-12-14
c1951,46.415423,16.069384,159.0723826053144,2021-12-15
c1951,46.415423,16.069384,140.89837720018429,2021-12-16
c1951,46.415423,16.069384,134.3553766072124,2021-12-17
c1951,46.415423,16.069384,132.59093392977377,2021-12-18
c1951,46.415423,16.069384,135.23612696485964,2021-12-19
c1951,46.415423,16.069384,144.25815138534333,2021-12-20
c1951,46.415423,16.069384,153.8367930538573,2021-12-21
c1951,46.415423,16.069384,149.36056255828777,2021-12-22
c1951,46.415423,16.069384,146.71563850528756,2021-12-23
c1951,46.415423,16.069384,125.38118620240184,2021-12-24
c1951,46.415423,16.069384,138.62181275266607,2021-12-25
c1951,46.415423,16.069384,153.42835706817982,2021-12-26
c1951,46.415423,16.069384,135.48667508556895,2021-12-27
c1951,46.415423,16.069384,143.06444142922751,2021-12-28
c1951,46.415423,16.069384,150.78497879744404,2021-12-29
c1951,46.415423,16.069384,126.48675546624342,2021-12-30
c1951,46.415423,16.069384,122.11503671777778,2021-12-31
c1951,46.415423,16.069384,128.18505943816092,2022-01-01
c1951,46.415423,16.069384,128.5588934396039,2022-01-02
c1951,46.415423,16.069384,134.88097435626983,2022-01-03
c1951,46.415423,16.069384,132.91422915293973,2022-01-04
c1951,46.415423,16.069384,140.8909907697203,2022-01-05
c1951,46.415423,16.069384,167.22152914770214,2022-01-06
c1951,46.415423,16.069384,140.69724346636826,2022-01-07
c1951,46.415423,16.069384,177.76044858910012,2022-01-08
c1951,46.415423,16.069384,176.3941303064567,2022-01-09
c1951,46.415423,16.069384,182.22412729224155,2022-01-10
c1951,46.415423,16.069384,169.8796768721885,2022-01-11
c1951,46.415423,16.069384,156.8036037855634,2022-01-12
c1951,46.415423,16.069384,151.75456037649843,2022-01-13
c1951,46.415423,16.069384,133.73817944017102,2022-01-14
c1951,46.415423,16.069384,142.72869964676926,2022-01-15
c1951,46.415423,16.069384,145.84438613465557,2022-01-16
c1951,46.415423,16.069384,155.1931045808479,2022-01-17
c1951,46.415423,16.069384,146.7650592593385,2022-01-18
c1951,46.415423,16.069384,133.693486116527,2022-01-19
c1951,46.415423,16.069384,156.26589880971378,2022-01-20
c1951,46.415423,16.069384,164.26006100097118,2022-01-21
c1951,46.415423,16.069384,159.78298531276198,2022-01-22
c1951,46.415423,16.069384,160.1888627899,2022-01-23
c1951,46.415423,16.069384,157.35128436069843,2022-01-24
c1951,46.415423,16.069384,163.85576544813722,2022-01-25
c1951,46.415423,16.069384,154.04994999529364,2022-01-26
c1951,46.415423,16.069384,153.56216197877163,2022-01-27
c1951,46.415423,16.069384,169.93083346876656,2022-01-28
c1951,46.415423,16.069384,156.04871502852242,2022-01-29
c1951,46.415423,16.069384,146.84287109012033,2022-01-30
c1951,46.415423,16.069384,162.30332840268275,2022-01-31
c1951,46.415423,16.069384,148.8316861167875,2022-02-01
c1951,46.415423,16.069384,156.15753820915256,2022-02-02
c1951,46.415423,16.069384,141.74773111692565,2022-02-03
c1951,46.415423,16.069384,145.44318908234382,2022-02-04
c1951,46.415423,16.069384,148.7270481821032,2022-02-05
c1951,46.415423,16.069384,158.52325651851837,2022-02-06
c1951,46.415423,16.069384,178.36671711010482,2022-02-07
c1951,46.415423,16.069384,151.40582900966163,2022-02-08
c1951,46.415423,16.069384,149.7782256660365,2022-02-09
c1951,46.415423,16.069384,144.4419462513874,2022-02-10
c1951,46.415423,16.069384,147.54419763068333,2022-02-11
c1951,46.415423,16.069384,160.673237858993,2022-02-12
c1951,46.415423,16.069384,156.55516771915754,2022-02-13
c1951,46.415423,16.069384,164.67869830387826,2022-02-14
c1951,46.415423,16.069384,162.68417605971123,2022-02-15
c1951,46.415423,16.069384,160.80684505992988,2022-02-16
c1951,46.415423,16.069384,147.65908793038855,2022-02-17
c1951,46.415423,16.069384,140.06238319327016,2022-02-18
c1951,46.415423,16.069384,153.27970367729458,2022-02-19
c1951,46.415423,16.069384,,2022-02-20
c1951,46.415423,16.069384,165.01092971103782,2022-02-22
c1951,46.415423,16.069384,140.38599861283123,2022-02-23
c1951,46.415423,16.069384,157.3295166875496,2022-02-24
c1951,46.415423,16.069384,163.07149297297272,2022-02-25
c1951,46.415423,16.069384,182.88741150929312,2022-02-26
c1951,46.415423,16.069384,188.97364052340313,2022-02-27
c1951,46.415423,16.069384,191.19455682604615,2022-02-28
c1951,46.415423,16.069384,179.28880081925715,2022-03-01
c1951,46.415423,16.069384,163.10875217200407,2022-03-02
c1951,46.415423,16.069384,162.49766738953343,2022-03-03
c1951,46.415423,16.069384,175.77925675491227,2022-03-04
c1951,46.415423,16.069384,163.88156368713717,2022-03-05
c1951,46.415423,16.069384,179.4582983695226,2022-03-06
c1951,46.415423,16.069384,177.00683966670795,2022-03-07
c1951,46.415423,16.069384,162.87472343016051,2022-03-08
c1951,46.415423,16.069384,151.7696413869576,2022-03-09
c1951,46.415423,16.069384,161.05853707475097,2022-03-10
c1951,46.415423,16.069384,182.8923806716958,2022-03-11
c1951,46.415423,16.069384,186.10043307451753,2022-03-12
c1951,46.415423,16.069384,164.32547640934743,2022-03-13
c1951,46.415423,16.069384,163.99963627376644,2022-03-14
c1951,46.415423,16.069384,178.12514234283935,2022-03-15
c1951,46.415423,16.069384,170.2513537693774,2022-03-16
c1951,46.415423,16.069384,149.86540977615596,2022-03-17
c1951,46.415423,16.069384,156.83525966555715,2022-03-18
c1951,46.415423,16.069384,153.4817840984003,2022-03-19
c1951,46.415423,16.069384,151.91411011886996,2022-03-20
c1951,46.415423,16.069384,145.31122271836583,2022-03-21
c1951,46.415423,16.069384,151.14924193662503,2022-03-22
c1951,46.415423,16.069384,153.9832980328484,2022-03-23
c1951,46.415423,16.069384,153.32265994956907,2022-03-24
c1951,46.415423,16.069384,156.36525780643774,2022-03-25
c1951,46.415423,16.069384,138.08196093617127,2022-03-26
c1951,46.415423,16.069384,152.73420401875796,2022-03-27
c1951,46.415423,16.069384,161.85999986378098,2022-03-28
c1951,46.415423,16.069384,159.25601657065863,2022-03-29
c1951,46.415423,16.069384,160.93619653377456,2022-03-30
c1951,46.415423,16.069384,163.10408492233665,2022-03-31
c1951,46.415423,16.069384,173.5975770176062,2022-04-01
c1951,46.415423,16.069384,185.64530786465,2022-04-02
c1951,46.415423,16.069384,182.11661345897,2022-04-03
c1951,46.415423,16.069384,183.9939338266046,2022-04-04
c1951,46.415423,16.069384,152.5334014953651,2022-04-05
c1951,46.415423,16.069384,154.40330181696496,2022-04-06
c1951,46.415423,16.069384,157.55398733575228,2022-04-07
c1951,46.415423,16.069384,149.4100364283471,2022-04-08
c1951,46.415423,16.069384,158.76082016274484,2022-04-09
c1951,46.415423,16.069384,169.91766977947012,2022-04-10
c1951,46.415423,16.069384,153.6469241853718,2022-04-11
c1951,46.415423,16.069384,146.95045628513142,2022-04-12
c1951,46.415423,16.069384,147.22603530986908,2022-04-13
c1951,46.415423,16.069384,147.69127872871678,2022-04-14
c1951,46.415423,16.069384,156.6931767233755,2022-04-15
c1951,46.415423,16.069384,176.3274821307764,2022-04-16
c1951,46.415423,16.069384,176.4606056277115,2022-04-17
c1951,46.415423,16.069384,173.9970994951589,2022-04-18
c1951,46.415423,16.069384,175.89353630175324,2022-04-19
c1951,46.415423,16.069384,176.3409266740961,2022-04-20
c1951,46.415423,16.069384,166.54845133096572,2022-04-21
c1951,46.415423,16.069384,169.28880230975548,2022-04-22
c1951,46.415423,16.069384,162.08923260573317,2022-04-23
c1951,46.415423,16.069384,178.1978811232578,2022-04-24
c1951,46.415423,16.069384,171.42557589590015,2022-04-25
c1951,46.415423,16.069384,168.48434448659893,2022-04-26
c1951,46.415423,16.069384,182.8360556766015,2022-04-27
c1951,46.415423,16.069384,172.6250722687749,2022-04-28
c1951,46.415423,16.069384,167.51661736368072,2022-04-29
c1951,46.415423,16.069384,159.43289819295117,2022-04-30
c1951,46.415423,16.069384,168.3580419753626,2022-05-01
c1951,46.415423,16.069384,171.96133709689573,2022-05-02
c1951,46.415423,16.069384,171.34532385220436,2022-05-03
c1951,46.415423,16.069384,176.73327373714503,2022-05-04
c1951,46.415423,16.069384,171.98721842463098,2022-05-05
c1951,46.415423,16.069384,165.2603596362168,2022-05-06
c1951,46.415423,16.069384,163.09206181177012,2022-05-07
c1951,46.415423,16.069384,160.74797234993682,2022-05-08
c1951,46.415423,16.069384,163.12058562262018,2022-05-09
c1951,46.415423,16.069384,166.7287396032029,2022-05-10
c1951,46.415423,16.069384,156.62732770653798,2022-05-11
c1951,46.415423,16.069384,151.83620865219615,2022-05-12
c1951,46.415423,16.069384,154.6188565931236,2022-05-13
c1951,46.415423,16.069384,157.46377628963444,2022-05-14
c1951,46.415423,16.069384,157.78043970308593,2022-05-15
c1951,46.415423,16.069384,159.5610298986942,2022-05-16
c1951,46.415423,16.069384,161.50520603339717,2022-05-17
c1951,46.415423,16.069384,153.65102031094452,2022-05-18
c1951,46.415423,16.069384,151.03828673791895,2022-05-19
c1951,46.415423,16.069384,155.6680226494702,2022-05-20
c1951,46.415423,16.069384,154.12560936147264,2022-05-21
c1951,46.415423,16.069384,156.3113182589051,2022-05-22
c1951,46.415423,16.069384,151.6598369526319,2022-05-23
c1951,46.415423,16.069384,153.20447436292278,2022-05-24
c1951,46.415423,16.069384,159.44889815140405,2022-05-25
c1951,46.415423,16.069384,153.71345650910374,2022-05-26
c1951,46.415423,16.069384,154.88097305366543,2022-05-27
c1951,46.415423,16.069384,156.66400745196944,2022-05-28
c1951,46.415423,16.069384,163.4159144375082,2022-05-29
c1951,46.415423,16.069384,156.41218325872595,2022-05-30
c1951,46.415423,16.069384,156.462177328942,2022-05-31
c1951,46.415423,16.069384,151.88991479564206,2022-06-01
c1951,46.415423,16.069384,148.5978359480975,2022-06-02
c1951,46.415423,16.069384,141.2602468491345,2022-06-03
c1951,46.415423,16.069384,138.82463792643708,2022-06-04
c1951,46.415423,16.069384,135.06751840875216,2022-06-05
c1951,46.415423,16.069384,138.3204324057815,2022-06-06
c1951,46.415423,16.069384,138.60727160153496,2022-06-07
c1951,46.415423,16.069384,145.99033951543169,2022-06-08
c1951,46.415423,16.069384,150.28104744708187,2022-06-09
c1951,46.415423,16.069384,153.3503016007072,2022-06-10
c1951,46.415423,16.069384,145.91639979663415,2022-06-11
c1951,46.415423,16.069384,144.28583022660115,2022-06-12
c1951,46.415423,16.069384,139.67535493217852,2022-06-13
c1951,46.415423,16.069384,148.9607847755261,2022-06-14
c1951,46.415423,16.069384,153.91820964595257,2022-06-15
c1951,46.415423,16.069384,149.78973172619826,2022-06-16
c1951,46.415423,16.069384,153.30283041282755,2022-06-17
c1951,46.415423,16.069384,139.8836923461946,2022-06-18
c1951,46.415423,16.069384,141.58282752608332,2022-06-19
c1951,46.415423,16.069384,140.15456287199564,2022-06-20
c1951,46.415423,16.069384,140.8884831573539,2022-06-21
c1951,46.415423,16.069384,,2022-06-22
c1951,46.415423,16.069384,146.92172362636032,2022-06-23
c1951,46.415423,16.069384,140.1946606446651,2022-06-24
c1951,46.415423,16.069384,145.79162276547555,2022-06-25
c1951,46.415423,16.069384,140.38935320494178,2022-06-26
c1951,46.415423,16.069384,136.53574427405573,2022-06-27
c1951,46.415423,16.069384,136.2412720280883,2022-06-28
c1951,46.415423,16.069384,143.98811570572238,2022-06-29
c1951,46.415423,16.069384,140.83245539456823,2022-06-30
c1951,46.415423,16.069384,142.97872454221638,2022-07-01
c1951,46.415423,16.069384,142.10427727658035,2022-07-02
c1951,46.415423,16.069384,143.08128053116448,2022-07-03
c1951,46.415423,16.069384,138.71438452674474,2022-07-04
c1951,46.415423,16.069384,144.93971330718435,2022-07-05
c1951,46.415423,16.069384,143.56707025203752,2022-07-06
c1951,46.415423,16.069384,154.75270843008124,2022-07-07
c1951,46.415423,16.069384,157.23672088631972,2022-07-08
c1951,46.415423,16.069384,150.99444015105126,2022-07-09
c1951,46.415423,16.069384,150.96738296800083,2022-07-10
c1951,46.415423,16.069384,155.72950838208052,2022-07-11
c1951,46.415423,16.069384,161.24429484738815,2022-07-12
c1951,46.415423,16.069384,138.8640313660003,2022-07-13
c1951,46.415423,16.069384,136.11125079802457,2022-07-14
c1951,46.415423,16.069384,148.98882592638142,2022-07-15
c1951,46.415423,16.069384,151.7499986352769,2022-07-16
c1951,46.415423,16.069384,145.5457057894055,2022-07-17
c1951,46.415423,16.069384,148.76626781486686,2022-07-18
c1951,46.415423,16.069384,142.2101600498851,2022-07-19
c1951,46.415423,16.069384,141.8212950952067,2022-07-20
c1951,46.415423,16.069384,140.71179740682857,2022-07-21
c1951,46.415423,16.069384,143.23379748744236,2022-07-22
c1951,46.415423,16.069384,143.94826946260383,2022-07-23
c1951,46.415423,16.069384,147.10273409037663,2022-07-24
c1951,46.415423,16.069384,134.33535420143147,2022-07-25
c1951,46.415423,16.069384,138.47784796370962,2022-07-26
c1951,46.415423,16.069384,144.50026389883888,2022-07-27
c1951,46.415423,16.069384,142.32657284061182,2022-07-28
c1951,46.415423,16.069384,140.62637222476064,2022-07-29
c1951,46.415423,16.069384,146.23715463635193,2022-07-30
c1951,46.415423,16.069384,145.74724283879266,2022-07-31
c1951,46.415423,16.069384,140.68685746471402,2022-08-01
c1951,46.415423,16.069384,147.0388131764611,2022-08-02
c1951,46.415423,16.069384,138.72863499671843,2022-08-03
c1951,46.415423,16.069384,139.11545266302113,2022-08-04
c1951,46.415423,16.069384,137.61929572072762,2022-08-05
c1951,46.415423,16.069384,136.44115251474517,2022-08-06
c1951,46.415423,16.069384,138.1556689806151,2022-08-07
c1951,46.415423,16.069384,140.68727072437596,2022-08-08
c1951,46.415423,16.069384,144.98460837674983,2022-08-09
c1951,46.415423,16.069384,146.950773076922,2022-08-10
c1951,46.415423,16.069384,151.25818341440055,2022-08-11
c1951,46.415423,16.069384,155.20831462910388,2022-08-12
c1951,46.415423,16.069384,158.34466908055256,2022-08-13
c1951,46.415423,16.069384,152.44488050753628,2022-08-14
c1951,46.415423,16.069384,142.23359481055576,2022-08-15
c1951,46.415423,16.069384,144.95616699864462,2022-08-16
c1951,46.415423,16.069384,134.11786835467663,2022-08-17
c1951,46.415423,16.069384,130.63090040591965,2022-08-18
c1951,46.415423,16.069384,134.914520450735,2022-08-19
c1951,46.415423,16.069384,148.04100959525454,2022-08-20
c1951,46.415423,16.069384,138.06991649383193,2022-08-21
c1951,46.415423,16.069384,136.08268059031292,2022-08-22
c1951,46.415423,16.069384,141.53872316068797,2022-08-23
c1951,46.415423,16.069384,141.2299191730025,2022-08-24
c1951,46.415423,16.069384,142.41068137506423,2022-08-25
c1951,46.415423,16.069384,141.8258973286628,2022-08-26
c1951,46.415423,16.069384,139.41032012456472,2022-08-27
c1951,46.415423,16.069384,136.18223389746635,2022-08-28
c1951,46.415423,16.069384,133.19637094816798,2022-08-29
c1951,46.415423,16.069384,137.63842791128175,2022-08-31
c1951,46.415423,16.069384,136.3992017699342,2022-09-01
c1951,46.415423,16.069384,137.89637626483704,2022-09-02
c1951,46.415423,16.069384,135.5016242610675,2022-09-03
c1951,46.415423,16.069384,140.60579717220747,2022-09-04
c1951,46.415423,16.069384,132.91408963262307,2022-09-05
c1951,46.415423,16.069384,130.08924341983737,2022-09-06
c1951,46.415423,16.069384,129.09364348031588,2022-09-07
c1951,46.415423,16.069384,130.96680111625795,2022-09-08
c1951,46.415423,16.069384,131.12166776434873,2022-09-09
c1951,46.415423,16.069384,141.247266697097,2022-09-10
c1951,46.415423,16.069384,148.83451645431262,2022-09-11
c1951,46.415423,16.069384,139.61234671267533,2022-09-12
c1951,46.415423,16.069384,131.60426197684862,2022-09-13
c1951,46.415423,16.069384,133.0507640023477,2022-09-14
c1951,46.415423,16.069384,140.88415829900052,2022-09-15
c1951,46.415423,16.069384,136.2238816889678,2022-09-16
c1951,46.415423,16.069384,149.3245122413153,2022-09-17
c1951,46.415423,16.069384,155.79219572984317,2022-09-18
c1951,46.415423,16.069384,164.23379583976333,2022-09-19
c1951,46.415423,16.069384,157.54429365319538,2022-09-20
c1951,46.415423,16.069384,164.34214647082453,2022-09-21
c1951,46.415423,16.069384,152.99698592196077,2022-09-22
c1951,46.415423,16.069384,146.2814023463843,2022-09-23
c1951,46.415423,16.069384,,2022-09-24
c1951,46.415423,16.069384,144.12991420136527,2022-09-25
c1951,46.415423,16.069384,149.84262701304178,2022-09-26
c1951,46.415423,16.069384,145.09030954124367,2022-09-27
c1951,46.415423,16.069384,140.8163106899587,2022-09-28
c1951,46.415423,16.069384,141.79432042997726,2022-09-29
c1951,46.415423,16.069384,139.51922768294168,2022-09-30
c1951,46.415423,16.069384,143.34952304481683,2022-10-01
c1951,46.415423,16.069384,132.11033499911392,2022-10-02
c1951,46.415423,16.069384,141.70481531313138,2022-10-03
c1951,46.415423,16.069384,134.18253511625346,2022-10-04
c1951,46.415423,16.069384,126.69649740803582,2022-10-05
c1951,46.415423,16.069384,125.12309578239574,2022-10-06
c1951,46.415423,16.069384,127.64005770516654,2022-10-07
c1951,46.415423,16.069384,125.6792164085368,2022-10-08
c1951,46.415423,16.069384,125.06637418561436,2022-10-09
c1951,46.415423,16.069384,135.42228166967996,2022-10-10
c1951,46.415423,16.069384,132.2887033492067,2022-10-11
c1951,46.415423,16.069384,132.2326791676407,2022-10-12
c1951,46.415423,16.069384,132.2266526859709,2022-10-13
c1951,46.415423,16.069384,135.52406338490871,2022-10-14
c1951,46.415423,16.069384,122.13446588617887,2022-10-15
c1951,46.415423,16.069384,117.15689178892194,2022-10-16
c1951,46.415423,16.069384,117.54475175598074,2022-10-17
c1951,46.415423,16.069384,116.4186505530002,2022-10-18
c1951,46.415423,16.069384,115.76628188282024,2022-10-19
c1951,46.415423,16.069384,116.80094262909611,2022-10-20
c1951,46.415423,16.069384,116.20993387269728,2022-10-21
c1951,46.415423,16.069384,122.2768534993526,2022-10-22
c1951,46.415423,16.069384,125.78116073167374,2022-10-23
c1951,46.415423,16.069384,130.5958366709921,2022-10-24
c1951,46.415423,16.069384,134.47258675277143,2022-10-25
c1951,46.415423,16.069384,126.08615701749297,2022-10-26
c1951,46.415423,16.069384,116.35098136143364,2022-10-27
c1951,46.415423,16.069384,117.57138826328357,2022-10-28
c1951,46.415423,16.069384,122.68452517452648,2022-10-29
c1951,46.415423,16.069384,119.4638014116658,2022-10-30
c1951,46.415423,16.069384,123.7908126101891,2022-10-31
c1951,46.415423,16.069384,125.52066173102943,2022-11-01
c1951,46.415423,16.069384,131.29299259618764,2022-11-02
c1951,46.415423,16.069384,131.21064809766102,2022-11-03
c1951,46.415423,16.069384,125.80073251765174,2022-11-04
c1951,46.415423,16.069384,139.12557977791153,2022-11-05
c1951,46.415423,16.069384,127.15977448975094,2022-11-06
c1951,46.415423,16.069384,134.56302305507202,2022-11-07
c1951,46.415423,16.069384,125.15732156490331,2022-11-08
c1951,46.415423,16.069384,125.11674671558887,2022-11-09
c1951,46.415423,16.069384,132.3788338446358,2022-11-10
c1951,46.415423,16.069384,124.61050327291989,2022-11-11
c1951,46.415423,16.069384,125.40870552714124,2022-11-12
c1951,46.415423,16.069384,140.55002041725285,2022-11-13
c1951,46.415423,16.069384,142.52255953767215,2022-11-14
c1951,46.415423,16.069384,145.87476197289132,2022-11-15
c1951,46.415423,16.069384,,2022-11-16
c1951,46.415423,16.069384,126.48284206254338,2022-11-19
c1951,46.415423,16.069384,141.62718188385796,2022-11-20
c1951,46.415423,16.069384,143.38991229437036,2022-11-21
c1951,46.415423,16.069384,139.642491157954,2022-11-22
c1951,46.415423,16.069384,151.86601349135728,2022-11-23
c1951,46.415423,16.069384,151.02988850386402,2022-11-24
c1951,46.415423,16.069384,145.34061696474564,2022-11-25
c1951,46.415423,16.069384,145.33864240009697,2022-11-26
c1951,46.415423,16.069384,136.3504693431431,2022-11-27
c1951,46.415423,16.069384,126.6825846150544,2022-11-28
c1951,46.415423,16.069384,118.61241238287256,2022-11-29
c1951,46.415423,16.069384,137.50213653054865,2022-11-30
c1951,46.415423,16.069384,155.87514651524774,2022-12-01
c1951,46.415423,16.069384,152.41028537720968,2022-12-02
c1951,46.415423,16.069384,145.8082804322854,2022-12-03
c1951,46.415423,16.069384,139.65387955223645,2022-12-04
c1951,46.415423,16.069384,136.46982190067934,2022-12-05
c1951,46.415423,16.069384,150.59649020397046,2022-12-06
c1951,46.415423,16.069384,133.77909714681016,2022-12-07
c1951,46.415423,16.069384,133.83749454313028,2022-12-08
c1951,46.415423,16.069384,135.1913714477153,2022-12-09
c1951,46.415423,16.069384,138.88518259130902,2022-12-10
c1951,46.415423,16.069384,157.36337150367038,2022-12-11
c1951,46.415423,16.069384,163.84668963467143,2022-12-12
c1951,46.415423,16.069384,140.57765454593417,2022-12-13
c1951,46.415423,16.069384,134.8066534968685,2022-12-14
c1951,46.415423,16.069384,129.44253985796368,2022-12-15
c1951,46.415423,16.069384,133.40616794768732,2022-12-16
c1951,46.415423,16.069384,132.30335709754854,2022-12-17
c1951,46.415423,16.069384,131.77135843941934,2022-12-18
c1951,46.415423,16.069384,127.77299764393672,2022-12-19
c1951,46.415423,16.069384,120.86441273662128,2022-12-20
c1951,46.415423,16.069384,118.55126960771526,2022-12-21
c1951,46.415423,16.069384,132.2942626098106,2022-12-22
c1951,46.415423,16.069384,130.10669394758838,2022-12-23
c1951,46.415423,16.069384,133.68541681992332,2022-12-24
c1951,46.415423,16.069384,128.55032078973096,2022-12-25
c1951,46.415423,16.069384,129.64007413260902,2022-12-26
c1951,46.415423,16.069384,154.21794703364066,2022-12-27
c1951,46.415423,16.069384,137.80138490304188,2022-12-28
c1951,46.415423,16.069384,136.04083124695973,2022-12-29
c1951,46.415423,16.069384,162.65826807269275,2022-12-30
c1951,46.415423,16.069384,142.4415034918122,2022-12-31
c1951,46.415423,16.069384,134.15312045993178,2023-01-01
c1951,46.415423,16.069384,133.23320642862328,2023-01-02
c1951,46.415423,16.069384,133.5903859354193,2023-01-03
c1951,46.415423,16.069384,134.74150810205504,2023-01-04
c1951,46.415423,16.069384,129.5931728967,2023-01-05
c1951,46.415423,16.069384,123.67693886858883,2023-01-06
c1951,46.415423,16.069384,130.63336006428304,2023-01-07
c1951,46.415423,16.069384,132.06790707220097,2023-01-08
c1951,46.415423,16.069384,147.81397509095387,2023-01-09
c1951,46.415423,16.069384,163.6773373444301,2023-01-10
c1951,46.415423,16.069384,142.7452313009892,2023-01-11
c1951,46.415423,16.069384,143.36823792267023,2023-01-12
c1951,46.415423,16.069384,138.21965142011126,2023-01-13
c1951,46.415423,16.069384,156.66584468902553,2023-01-14
c1951,46.415423,16.069384,144.51781906710238,2023-01-15
c1951,46.415423,16.069384,168.66388883900834,2023-01-16
c1951,46.415423,16.069384,170.55005015972273,2023-01-18
c1951,46.415423,16.069384,202.3466061762672,2023-01-19
c1951,46.415423,16.069384,189.72724818517364,2023-01-20
c1951,46.415423,16.069384,172.53307554701416,2023-01-21
c1951,46.415423,16.069384,175.67378287829771,2023-01-22
c1951,46.415423,16.069384,167.24521592313977,2023-01-23
c1951,46.415423,16.069384,165.3165916213677,2023-01-24
c1951,46.415423,16.069384,153.23601437903724,2023-01-25
c1951,46.415423,16.069384,164.95321579708198,2023-01-26
c1951,46.415423,16.069384,180.0352303729561,2023-01-27
c1951,46.415423,16.069384,169.4685511046662,2023-01-28
c1951,46.415423,16.069384,152.3641776226233,2023-01-29
c1951,46.415423,16.069384,138.7847093167549,2023-01-30
c1951,46.415423,16.069384,145.63228370575092,2023-01-31
c1951,46.415423,16.069384,162.05957452711598,2023-02-01
c1951,46.415423,16.069384,186.1285213377924,2023-02-02
c1951,46.415423,16.069384,166.5192636153228,2023-02-03
c1951,46.415423,16.069384,169.0777560635399,2023-02-04
c1951,46.415423,16.069384,161.77144701419073,2023-02-05
c1951,46.415423,16.069384,165.87328604484114,2023-02-06
c1951,46.415423,16.069384,145.51045681690073,2023-02-07
c1951,46.415423,16.069384,144.33252335400874,2023-02-08
c1951,46.415423,16.069384,145.35863998590395,2023-02-09
c1951,46.415423,16.069384,142.87270315260858,2023-02-10
c1951,46.415423,16.069384,131.91520417050754,2023-02-11
c1951,46.415423,16.069384,123.7329586221122,2023-02-12
c1951,46.415423,16.069384,110.42796916038031,2023-02-13
c1951,46.415423,16.069384,109.65100461298914,2023-02-14
c1951,46.415423,16.069384,113.93045625847104,2023-02-15
c1951,46.415423,16.069384,125.5583191942615,2023-02-16
c1951,46.415423,16.069384,145.78719637384427,2023-02-17
c1951,46.415423,16.069384,137.2512371529652,2023-02-18
c1951,46.415423,16.069384,134.03919071021932,2023-02-19
c1951,46.415423,16.069384,121.84941463282364,2023-02-20
c1951,46.415423,16.069384,138.15314791390307,2023-02-21
c1951,46.415423,16.069384,144.2212863189994,2023-02-22
c1951,46.415423,16.069384,155.80618033788986,2023-02-23
c1951,46.415423,16.069384,161.09580557395503,2023-02-24
c1951,46.415423,16.069384,162.59060890729995,2023-02-25
c1951,46.415423,16.069384,158.57693681989036,2023-02-26
c1951,46.415423,16.069384,160.12349206904074,2023-02-27
c1951,46.415423,16.069384,148.9151755784756,2023-02-28
c1951,46.415423,16.069384,150.024114158965,2023-03-01
c1951,46.415423,16.069384,159.10445455736618,2023-03-02
c1951,46.415423,16.069384,177.36811041861682,2023-03-03
c1951,46.415423,16.069384,169.69612470940527,2023-03-04
c1951,46.415423,16.069384,174.01548261989242,2023-03-05
c1951,46.415423,16.069384,190.15394823524,2023-03-06
c1951,46.415423,16.069384,177.19788791432904,2023-03-07
c1951,46.415423,16.069384,161.71450001445115,2023-03-08
c1951,46.415423,16.069384,167.79211210156842,2023-03-09
c1951,46.415423,16.069384,173.95547394078795,2023-03-10
c1951,46.415423,16.069384,178.02966534813206,2023-03-11
c1951,46.415423,16.069384,162.6396994591389,2023-03-12
c1951,46.415423,16.069384,149.30559192656773,2023-03-13
c1951,46.415423,16.069384,160.90733877633,2023-03-14
c1951,46.415423,16.069384,161.02672175656758,2023-03-15
c1951,46.415423,16.069384,159.75060811727408,2023-03-16
c1951,46.415423,16.069384,150.39401731033124,2023-03-17
c1951,46.415423,16.069384,150.36022202319296,2023-03-18
c1951,46.415423,16.069384,152.31866687686315,2023-03-19
c1951,46.415423,16.069384,174.42750136681758,2023-03-20
c1951,46.415423,16.069384,161.1080247864854,2023-03-21
c1951,46.415423,16.069384,152.8976376714487,2023-03-22
c1951,46.415423,16.069384,140.0636949178297,2023-03-23
c1951,46.415423,16.069384,131.89816545284933,2023-03-24
c1951,46.415423,16.069384,167.5394313836933,2023-03-25
c1951,46.415423,16.069384,154.30883366737748,2023-03-26
c1951,46.415423,16.069384,177.3093190437587,2023-03-27
c1951,46.415423,16.069384,170.71383261461244,2023-03-28
c1951,46.415423,16.069384,171.0662591370436,2023-03-29
c1951,46.415423,16.069384,142.18688878217253,2023-03-30
c1951,46.415423,16.069384,150.6638724363866,2023-03-31
c1951,46.415423,16.069384,175.86904434066747,2023-04-01
c1951,46.415423,16.069384,168.64089714522473,2023-04-02
c1951,46.415423,16.069384,164.13966648345863,2023-04-03
c1951,46.415423,16.069384,177.313247921959,2023-04-04
c1951,46.415423,16.069384,175.31921601122338,2023-04-05
c1951,46.415423,16.069384,166.56969374889687,2023-04-06
c1951,46.415423,16.069384,167.673912642372,2023-04-07
c1951,46.415423,16.069384,177.73487408638974,2023-04-08
c1951,46.415423,16.069384,180.6249904873627,2023-04-09
c1951,46.415423,16.069384,172.44267746422994,2023-04-10
c1951,46.415423,16.069384,155.52411028832182,2023-04-11
c1951,46.415423,16.069384,140.9896000929078,2023-04-12
c1951,46.415423,16.069384,150.18833344725476,2023-04-13
c1951,46.415423,16.069384,185.17574207373843,2023-04-14
c1951,46.415423,16.069384,188.06979588586265,2023-04-15
c1951,46.415423,16.069384,179.76949289050486,2023-04-16
c1951,46.415423,16.069384,169.52673796473954,2023-04-17
c1951,46.415423,16.069384,169.16968645598644,2023-04-18
c1951,46.415423,16.069384,170.2913977384181,2023-04-19
c1951,46.415423,16.069384,171.04726948782505,2023-04-20
c1951,46.415423,16.069384,177.1356788268815,2023-04-21
c1951,46.415423,16.069384,171.45027655963355,2023-04-22
c1951,46.415423,16.069384,159.61598796252198,2023-04-23
c1951,46.415423,16.069384,170.75434307748367,2023-04-24
c1951,46.415423,16.069384,167.57132198892572,2023-04-25
c1951,46.415423,16.069384,162.1504007346967,2023-04-26
c1951,46.415423,16.069384,168.9121746400616,2023-04-27
c1951,46.415423,16.069384,152.89741877390412,2023-04-28
c1951,46.415423,16.069384,158.89693131043884,2023-04-29
c1951,46.415423,16.069384,152.5841758305927,2023-04-30
c1951,46.415423,16.069384,148.96963276580556,2023-05-01
c1951,46.415423,16.069384,150.13808591821012,2023-05-02
c1951,46.415423,16.069384,158.813845347779,2023-05-03
c1951,46.415423,16.069384,160.89378674354506,2023-05-04
c1951,46.415423,16.069384,157.70185590554527,2023-05-05
c1951,46.415423,16.069384,165.05950997782944,2023-05-06
c1951,46.415423,16.069384,155.28986649842506,2023-05-07
c1951,46.415423,16.069384,156.86044214645943,2023-05-08
c1951,46.415423,16.069384,168.14633736281,2023-05-09
c1951,46.415423,16.069384,153.57271700511788,2023-05-10
c1951,46.415423,16.069384,160.93382376268084,2023-05-11
c1951,46.415423,16.069384,175.6104768300334,2023-05-12
c1951,46.415423,16.069384,177.20912011804143,2023-05-13
c1951,46.415423,16.069384,166.54378143940374,2023-05-14
c1951,46.415423,16.069384,160.51120091126057,2023-05-15
c1951,46.415423,16.069384,156.93067063038802,2023-05-16
c1951,46.415423,16.069384,165.08617925762834,2023-05-17
c1951,46.415423,16.069384,159.2886772630066,2023-05-18
c1951,46.415423,16.069384,155.9442713279679,2023-05-19
c1951,46.415423,16.069384,148.8964321196015,2023-05-20
c1951,46.415423,16.069384,150.03167552110978,2023-05-21
c1951,46.415423,16.069384,150.3565111037635,2023-05-22
c1951,46.415423,16.069384,146.64506737266834,2023-05-23
c1951,46.415423,16.069384,148.24712583049794,2023-05-24
c1951,46.415423,16.069384,147.21803125554197,2023-05-25
c1951,46.415423,16.069384,145.84727551926144,2023-05-26
c1951,46.415423,16.069384,147.80867746751895,2023-05-27
c1951,46.415423,16.069384,148.81659301518957,2023-05-28
c1951,46.415423,16.069384,150.53880886478598,2023-05-29
c1951,46.415423,16.069384,152.09966889650147,2023-05-30
c1951,46.415423,16.069384,149.33775208837804,2023-05-31
c1951,46.415423,16.069384,148.1786636525032,2023-06-01
c1951,46.415423,16.069384,146.3602448206177,2023-06-02
c1951,46.415423,16.069384,150.1754191398722,2023-06-03
c1951,46.415423,16.069384,153.53702712975937,2023-06-04
c1951,46.415423,16.069384,150.21572011450647,2023-06-05
c1951,46.415423,16.069384,151.54716899502992,2023-06-06
c1951,46.415423,16.069384,157.50959112486643,2023-06-07
c1951,46.415423,16.069384,160.84418741459984,2023-06-08
c1951,46.415423,16.069384,164.2197796220714,2023-06-09
c1951,46.415423,16.069384,157.6793152395324,2023-06-10
c1951,46.415423,16.069384,163.5317194614019,2023-06-11
c1951,46.415423,16.069384,162.17669721761095,2023-06-12
c1951,46.415423,16.069384,162.8735896588075,2023-06-13
c1951,46.415423,16.069384,158.62685992490086,2023-06-14
c1951,46.415423,16.069384,160.2050234012542,2023-06-15
c1951,46.415423,16.069384,163.01422411762292,2023-06-16
c1951,46.415423,16.069384,165.15530918788275,2023-06-17
c1951,46.415423,16.069384,149.66347613984595,2023-06-18
c1951,46.415423,16.069384,146.10532923202234,2023-06-19
c1951,46.415423,16.069384,143.41141773495067,2023-06-20
c1951,46.415423,16.069384,141.09383845836763,2023-06-21
c1951,46.415423,16.069384,137.2477042611315,2023-06-22
c1951,46.415423,16.069384,141.86780687538194,2023-06-23
c1951,46.415423,16.069384,149.09670692473756,2023-06-24
c1951,46.415423,16.069384,140.51156399255203,2023-06-25
c1951,46.415423,16.069384,136.40685100519514,2023-06-26
c1951,46.415423,16.069384,143.40463714696563,2023-06-27
c1951,46.415423,16.069384,150.53120339250643,2023-06-28
c1951,46.415423,16.069384,142.58640491016635,2023-06-29
c1951,46.415423,16.069384,140.04218851180886,2023-06-30
c1951,46.415423,16.069384,156.06550149870358,2023-07-01
c1951,46.415423,16.069384,142.61088165136394,2023-07-02
c1951,46.415423,16.069384,145.55209892504087,2023-07-03
c1951,46.415423,16.069384,149.49173078341286,2023-07-04
c1951,46.415423,16.069384,146.07123483329443,2023-07-05
c1951,46.415423,16.069384,142.8519052023023,2023-07-06
c1951,46.415423,16.069384,146.78390008151456,2023-07-07
c1951,46.415423,16.069384,140.85738202200574,2023-07-08
c1951,46.415423,16.069384,137.76872417589453,2023-07-09
c1951,46.415423,16.069384,137.34593432690176,2023-07-10
c1951,46.415423,16.069384,137.2284096356322,2023-07-11
c1951,46.415423,16.069384,135.45195385215862,2023-07-12
c1951,46.415423,16.069384,141.34084875606936,2023-07-13
c1951,46.415423,16.069384,141.66268093045937,2023-07-14
c1951,46.415423,16.069384,137.54099344989007,2023-07-15
c1951,46.415423,16.069384,130.5469028734543,2023-07-16
c1951,46.415423,16.069384,130.9118041594744,2023-07-17
c1951,46.415423,16.069384,132.13697791555194,2023-07-18
c1951,46.415423,16.069384,,2023-07-19
c1951,46.415423,16.069384,137.4763334529178,2023-07-20
c1951,46.415423,16.069384,139.54798448127704,2023-07-21
c1951,46.415423,16.069384,147.55365863352532,2023-07-22
c1951,46.415423,16.069384,147.4066589372039,2023-07-23
c1951,46.415423,16.069384,140.6347796424526,2023-07-24
c1951,46.415423,16.069384,145.444238516378,2023-07-25
c1951,46.415423,16.069384,163.92866673714823,2023-07-26
c1951,46.415423,16.069384,141.676310746667,2023-07-27
c1951,46.415423,16.069384,143.90547922893478,2023-07-28
c1951,46.415423,16.069384,141.99894015864334,2023-07-29
c1951,46.415423,16.069384,145.9410087508537,2023-07-30
c1951,46.415423,16.069384,147.53008255322902,2023-07-31
c1951,46.415423,16.069384,143.2020485749428,2023-08-01
c1951,46.415423,16.069384,132.21029068293916,2023-08-02
c1951,46.415423,16.069384,135.1226327547089,2023-08-03
c1951,46.415423,16.069384,134.6656980614076,2023-08-04
c1951,46.415423,16.069384,139.95725585392654,2023-08-05
c1951,46.415423,16.069384,149.08440073286843,2023-08-06
c1951,46.415423,16.069384,149.41501883372163,2023-08-07
c1951,46.415423,16.069384,141.6816891794037,2023-08-10
c1951,46.415423,16.069384,136.14488637210363,2023-08-11
c1951,46.415423,16.069384,131.94676638654636,2023-08-12
c1951,46.415423,16.069384,,2023-08-13
c1951,46.415423,16.069384,131.2021739334488,2023-08-14
c1951,46.415423,16.069384,130.0174971534792,2023-08-15
c1951,46.415423,16.069384,129.05341594818466,2023-08-16
c1951,46.415423,16.069384,129.0771404538614,2023-08-17
c1951,46.415423,16.069384,134.13457451664144,2023-08-18
c1951,46.415423,16.069384,135.96890019199174,2023-08-19
c1951,46.415423,16.069384,131.01079474464953,2023-08-20
c1951,46.415423,16.069384,127.63882318992825,2023-08-21
c1951,46.415423,16.069384,128.18453712051246,2023-08-22
c1951,46.415423,16.069384,128.72505593160938,2023-08-23
c1951,46.415423,16.069384,125.24614133538732,2023-08-24
c1951,46.415423,16.069384,121.53346048154629,2023-08-25
c1951,46.415423,16.069384,124.02905792685158,2023-08-26
c1951,46.415423,16.069384,125.2191817947106,2023-08-27
c1951,46.415423,16.069384,126.72986228275116,2023-08-28
c1951,46.415423,16.069384,142.4646235083799,2023-08-29
c1951,46.415423,16.069384,140.3227044802348,2023-08-30
c1951,46.415423,16.069384,141.2377033082849,2023-08-31
c1951,46.415423,16.069384,137.11252775972864,2023-09-01
c1951,46.415423,16.069384,136.21014537464404,2023-09-02
c1951,46.415423,16.069384,132.4305306507748,2023-09-03
c1951,46.415423,16.069384,121.06660516833112,2023-09-04
c1951,46.415423,16.069384,120.8762360273615,2023-09-05
c1951,46.415423,16.069384,125.98281632604495,2023-09-06
c1951,46.415423,16.069384,126.88428974197498,2023-09-07
c1951,46.415423,16.069384,126.68815557064003,2023-09-08
c1951,46.415423,16.069384,125.37337833173346,2023-09-09
c1951,46.415423,16.069384,125.33287631658618,2023-09-10
c1951,46.415423,16.069384,126.26672154677408,2023-09-11
c1951,46.415423,16.069384,129.94486574027692,2023-09-12
c1951,46.415423,16.069384,127.52678679953029,2023-09-13
c1951,46.415423,16.069384,130.85597912869872,2023-09-14
c1951,46.415423,16.069384,129.2769640796246,2023-09-15
c1951,46.415423,16.069384,128.335101213749,2023-09-16
c1951,46.415423,16.069384,125.32892704942071,2023-09-17
c1951,46.415423,16.069384,115.92530876229884,2023-09-18
c1951,46.415423,16.069384,126.76430503864088,2023-09-19
c1951,46.415423,16.069384,120.96096115801468,2023-09-20
c1951,46.415423,16.069384,125.4274389866823,2023-09-21
c1951,46.415423,16.069384,122.96681744758595,2023-09-22
c1951,46.415423,16.069384,130.81747086150276,2023-09-23
c1951,46.415423,16.069384,143.9308938756228,2023-09-24
c1951,46.415423,16.069384,134.93193487898384,2023-09-25
c1951,46.415423,16.069384,127.27572677553442,2023-09-26
c1951,46.415423,16.069384,126.70625956005284,2023-09-27
c1951,46.415423,16.069384,128.15831239015782,2023-09-28
c1951,46.415423,16.069384,127.26775276099823,2023-09-29
c1951,46.415423,16.069384,126.13380859439278,2023-09-30
c1951,46.415423,16.069384,123.67611002138248,2023-10-01
c1951,46.415423,16.069384,117.62089715658573,2023-10-02
c1951,46.415423,16.069384,112.91465804249404,2023-10-03
c1951,46.415423,16.069384,131.94137382049618,2023-10-04
c1951,46.415423,16.069384,136.74142487902282,2023-10-05
c1951,46.415423,16.069384,131.75002105587663,2023-10-06
c1951,46.415423,16.069384,117.12645404494464,2023-10-07
c1951,46.415423,16.069384,110.99442082920866,2023-10-08
c1951,46.415423,16.069384,122.71715939461409,2023-10-09
c1951,46.415423,16.069384,128.51673945382618,2023-10-10
c1951,46.415423,16.069384,117.07277947189772,2023-10-11
c1951,46.415423,16.069384,114.69534048607888,2023-10-12
c1951,46.415423,16.069384,115.8711937579058,2023-10-13
c1951,46.415423,16.069384,122.43021582354592,2023-10-14
c1951,46.415423,16.069384,137.59696497002608,2023-10-15
c1951,46.415423,16.069384,137.68705885495686,2023-10-16
c1951,46.415423,16.069384,134.0585225126578,2023-10-17
c1951,46.415423,16.069384,125.67026048405816,2023-10-18
c1951,46.415423,16.069384,126.46577798317236,2023-10-19
c1951,46.415423,16.069384,120.6984895989719,2023-10-20
c1951,46.415423,16.069384,129.16435834861528,2023-10-21
c1951,46.415423,16.069384,141.31331070655202,2023-10-22
c1951,46.415423,16.069384,131.60775157770064,2023-10-23
c1951,46.415423,16.069384,122.61227579379288,2023-10-24
c1951,46.415423,16.069384,127.8280058464008,2023-10-25
c1951,46.415423,16.069384,121.25625667697044,2023-10-26
c1951,46.415423,16.069384,122.48778701761078,2023-10-27
c1951,46.415423,16.069384,131.45090574179414,2023-10-28
c1951,46.415423,16.069384,124.89085367827496,2023-10-29
c1951,46.415423,16.069384,127.26016169446936,2023-10-30
c1951,46.415423,16.069384,142.74266444328444,2023-10-31
c1951,46.415423,16.069384,143.31778125967682,2023-11-01
c1951,46.415423,16.069384,125.2642717945176,2023-11-02
c1951,46.415423,16.069384,144.02216442323393,2023-11-03
c1951,46.415423,16.069384,142.429647775506,2023-11-04
c1951,46.415423,16.069384,120.03558370143529,2023-11-05
c1951,46.415423,16.069384,126.39665275423506,2023-11-06
c1951,46.415423,16.069384,136.3730612534139,2023-11-07
c1951,46.415423,16.069384,154.00517054203044,2023-11-08
c1951,46.415423,16.069384,143.42034330434774,2023-11-09
c1951,46.415423,16.069384,152.4261192848265,2023-11-10
c1951,46.415423,16.069384,156.6085589311225,2023-11-11
c1951,46.415423,16.069384,140.3126925495392,2023-11-12
c1951,46.415423,16.069384,126.22510473816592,2023-11-13
c1951,46.415423,16.069384,116.02396692750324,2023-11-14
c1951,46.415423,16.069384,136.05676032172022,2023-11-15
c1951,46.415423,16.069384,132.5635148527373,2023-11-16
c1951,46.415423,16.069384,153.99622734590542,2023-11-17
c1951,46.415423,16.069384,133.18030898791912,2023-11-18
c1951,46.415423,16.069384,117.58394019249214,2023-11-19
c1951,46.415423,16.069384,136.744238725247,2023-11-20
c1951,46.415423,16.069384,149.321684855931,2023-11-21
c1951,46.415423,16.069384,120.86284363558684,2023-11-23
c1951,46.415423,16.069384,133.98151967440563,2023-11-24
c1951,46.415423,16.069384,161.61858233182772,2023-11-25
c1951,46.415423,16.069384,157.7709561692538,2023-11-26
c1951,46.415423,16.069384,139.33598705250444,2023-11-27
c1951,46.415423,16.069384,143.87746364368647,2023-11-28
c1951,46.415423,16.069384,148.4443873257157,2023-11-29
c1951,46.415423,16.069384,135.87818966579542,2023-11-30
c1951,46.415423,16.069384,129.07791399776016,2023-12-01
c1951,46.415423,16.069384,128.77284752781878,2023-12-02
c1951,46.415423,16.069384,125.69442933353156,2023-12-03
c1951,46.415423,16.069384,132.64883204668297,2023-12-04
c1951,46.415423,16.069384,136.595817589321,2023-12-05
c1951,46.415423,16.069384,139.8310272281008,2023-12-06
c1951,46.415423,16.069384,149.07055772938023,2023-12-07
c1951,46.415423,16.069384,127.64100427274631,2023-12-08
c1951,46.415423,16.069384,151.2907204120428,2023-12-09
c1951,46.415423,16.069384,149.27030676855702,2023-12-10
c1951,46.415423,16.069384,139.12461654006114,2023-12-11
c1951,46.415423,16.069384,130.14762204736786,2023-12-12
c1951,46.415423,16.069384,135.39417621102075,2023-12-13
c1951,46.415423,16.069384,152.7406829538624,2023-12-14
c1951,46.415423,16.069384,138.34935952584593,2023-12-15
c1951,46.415423,16.069384,146.86351877311847,2023-12-16
c1951,46.415423,16.069384,125.01028300144934,2023-12-17
c1951,46.415423,16.069384,119.19281882614423,2023-12-18
c1951,46.415423,16.069384,112.38869199777515,2023-12-19
c1951,46.415423,16.069384,126.46686108244458,2023-12-20
c1951,46.415423,16.069384,129.5347649467511,2023-12-21
c1951,46.415423,16.069384,141.61358661010954,2023-12-22
c1951,46.415423,16.069384,133.05231042716807,2023-12-23
c1951,46.415423,16.069384,112.4470060700342,2023-12-24
c1951,46.415423,16.069384,112.50983828601298,2023-12-25
c1951,46.415423,16.069384,116.0145030096417,2023-12-26
c1951,46.415423,16.069384,126.7616343748878,2023-12-27
c1951,46.415423,16.069384,130.48653528614776,2023-12-28
c1951,46.415423,16.069384,131.22427201138711,2023-12-29
c1951,46.415423,16.069384,140.74260292832676,2023-12-30
c1951,46.415423,16.069384,130.65049915417407,2023-12-31
c1951,46.415423,16.069384,147.85424997024649,2024-01-01
c1951,46.415423,16.069384,137.85686955739317,2024-01-02
c1951,46.415423,16.069384,131.5516156423984,2024-01-03
c1951,46.415423,16.069384,142.92281843424087,2024-01-04
c1951,46.415423,16.069384,140.31354169956427,2024-01-05
c1951,46.415423,16.069384,148.05099367683928,2024-01-06
c1951,46.415423,16.069384,167.86599225697367,2024-01-07
c1951,46.415423,16.069384,174.54668299390184,2024-01-08
c1951,46.415423,16.069384,165.88329119409173,2024-01-09
c1951,46.415423,16.069384,153.16322709552736,2024-01-10
c1951,46.415423,16.069384,142.216279071888,2024-01-11
c1951,46.415423,16.069384,144.25406767972342,2024-01-12
c1951,46.415423,16.069384,138.8475351061081,2024-01-13
c1951,46.415423,16.069384,159.52936882006358,2024-01-14
c1951,46.415423,16.069384,159.4373381167981,2024-01-15
c1951,46.415423,16.069384,147.4213456579499,2024-01-16
c1951,46.415423,16.069384,150.8462844958403,2024-01-17
c1951,46.415423,16.069384,152.63964407382556,2024-01-18
c1951,46.415423,16.069384,179.42218479800866,2024-01-19
c1951,46.415423,16.069384,183.38548766394229,2024-01-20
c1951,46.415423,16.069384,139.6691640847051,2024-01-21
c1951,46.415423,16.069384,149.4556081921633,2024-01-22
c1951,46.415423,16.069384,182.675916484356,2024-01-23
c1951,46.415423,16.069384,150.79329594310738,2024-01-24
c1951,46.415423,16.069384,155.58707901216135,2024-01-25
c1951,46.415423,16.069384,152.0308131743429,2024-01-26
c1951,46.415423,16.069384,164.264012736978,2024-01-27
c1951,46.415423,16.069384,167.6633694562073,2024-01-28
c1951,46.415423,16.069384,168.05276956824812,2024-01-29
c1951,46.415423,16.069384,167.04442891778848,2024-01-30
c1951,46.415423,16.069384,167.30034045775298,2024-01-31
c1951,46.415423,16.069384,169.17490313793027,2024-02-01
c1951,46.415423,16.069384,171.16569123010956,2024-02-02
c1951,46.415423,16.069384,147.20936539825726,2024-02-03
c1951,46.415423,16.069384,158.6936818190855,2024-02-04
c1951,46.415423,16.069384,148.57727831980662,2024-02-05
c1951,46.415423,16.069384,146.62011497437143,2024-02-06
c1951,46.415423,16.069384,162.56587128222353,2024-02-07
c1951,46.415423,16.069384,162.79458796839936,2024-02-08
c1951,46.415423,16.069384,164.06722713081135,2024-02-09
c1951,46.415423,16.069384,162.15365905191786,2024-02-10
c1951,46.415423,16.069384,190.07950599722403,2024-02-11
c1951,46.415423,16.069384,190.61971912467115,2024-02-12
c1951,46.415423,16.069384,185.0072448578563,2024-02-13
c1951,46.415423,16.069384,160.32515197258653,2024-02-14
c1951,46.415423,16.069384,156.05559675243632,2024-02-15
c1951,46.415423,16.069384,152.77655219144344,2024-02-16
c1951,46.415423,16.069384,149.77918475199056,2024-02-17
c1951,46.415423,16.069384,136.39175605766036,2024-02-18
c1951,46.415423,16.069384,138.86324549489376,2024-02-19
c1951,46.415423,16.069384,161.85507145125223,2024-02-20
c1951,46.415423,16.069384,160.6105564573371,2024-02-21
c1951,46.415423,16.069384,156.0385398670795,2024-02-22
c1951,46.415423,16.069384,156.78512142681768,2024-02-23
c1951,46.415423,16.069384,202.3962177801681,2024-02-24
c1951,46.415423,16.069384,195.5268722012272,2024-02-25
c1951,46.415423,16.069384,171.2483131388264,2024-02-26
c1951,46.415423,16.069384,175.33931550737017,2024-02-27
c1951,46.415423,16.069384,180.59789100278863,2024-02-28
c1951,46.415423,16.069384,183.7252098557279,2024-02-29
c1951,46.415423,16.069384,202.99995743538503,2024-03-01
c1951,46.415423,16.069384,175.25767012270256,2024-03-02
c1951,46.415423,16.069384,171.72843912498385,2024-03-03
c1951,46.415423,16.069384,183.4405532321219,2024-03-04
c1951,46.415423,16.069384,190.48703870344977,2024-03-05
c1951,46.415423,16.069384,186.86243285893352,2024-03-06
c1951,46.415423,16.069384,192.27350565777996,2024-03-07
c1951,46.415423,16.069384,175.59595563296548,2024-03-08
c1951,46.415423,16.069384,179.76997877453957,2024-03-09
c1951,46.415423,16.069384,164.85297793711948,2024-03-10
c1951,46.415423,16.069384,196.194376902478,2024-03-11
c1951,46.415423,16.069384,208.63274846841475,2024-03-12
c1951,46.415423,16.069384,194.2285690776259,2024-03-13
c1951,46.415423,16.069384,157.98319162632407,2024-03-14
c1951,46.415423,16.069384,129.76286273180332,2024-03-15
c1951,46.415423,16.069384,161.5462620399541,2024-03-16
c1951,46.415423,16.069384,150.5788414583553,2024-03-17
c1951,46.415423,16.069384,157.43357256287553,2024-03-18
c1951,46.415423,16.069384,173.94625295694124,2024-03-19
c1951,46.415423,16.069384,167.9618560844757,2024-03-20
c1951,46.415423,16.069384,161.8336044133359,2024-03-21
c1951,46.415423,16.069384,163.56544714401275,2024-03-22
c1951,46.415423,16.069384,168.85071223369798,2024-03-23
c1951,46.415423,16.069384,189.56158806806505,2024-03-24
c1951,46.415423,16.069384,183.81646159976657,2024-03-25
c1951,46.415423,16.069384,186.40081705867303,2024-03-26
c1951,46.415423,16.069384,180.5596728823008,2024-03-27
c1951,46.415423,16.069384,192.08136257526564,2024-03-28
c1951,46.415423,16.069384,160.24999522475883,2024-03-29
c1951,46.415423,16.069384,161.05055836390596,2024-03-30
c1951,46.415423,16.069384,174.6388293535261,2024-03-31
c1951,46.415423,16.069384,173.25188592173845,2024-04-01
c1951,46.415423,16.069384,200.51979898342088,2024-04-02
c1951,46.415423,16.069384,162.40798012198218,2024-04-03
c1951,46.415423,16.069384,165.8006469009832,2024-04-04
c1951,46.415423,16.069384,171.31533237684988,2024-04-05
c1951,46.415423,16.069384,164.0923514061938,2024-04-06
c1951,46.415423,16.069384,159.24467970949297,2024-04-07
c1951,46.415423,16.069384,157.58265081861373,2024-04-08
c1951,46.415423,16.069384,153.34412992937263,2024-04-09
c1951,46.415423,16.069384,154.63388231560532,2024-04-10
c1951,46.415423,16.069384,152.86398173573085,2024-04-11
c1951,46.415423,16.069384,154.00705499156123,2024-04-12
c1951,46.415423,16.069384,138.49481630842706,2024-04-13
c1951,46.415423,16.069384,122.72944709639508,2024-04-14
c1951,46.415423,16.069384,134.33327821052362,2024-04-15
c1951,46.415423,16.069384,165.75917088237708,2024-04-16
c1951,46.415423,16.069384,186.60064448586337,2024-04-17
c1951,46.415423,16.069384,190.39933225578943,2024-04-18
c1951,46.415423,16.069384,196.77726359283332,2024-04-19
c1951,46.415423,16.069384,198.8403965587269,2024-04-20
c1951,46.415423,16.069384,201.382675056001,2024-04-21
c1951,46.415423,16.069384,201.72322626705065,2024-04-22
c1951,46.415423,16.069384,191.01365689448664,2024-04-23
c1951,46.415423,16.069384,201.2271141360428,2024-04-24
c1951,46.415423,16.069384,201.7096448109181,2024-04-25
c1951,46.415423,16.069384,190.55466923098743,2024-04-26
c1951,46.415423,16.069384,182.4441101603353,2024-04-27
c1951,46.415423,16.069384,163.01641622810027,2024-04-28
c1951,46.415423,16.069384,154.2620274068453,2024-04-29
c1951,46.415423,16.069384,157.63474823945924,2024-04-30
c1951,46.415423,16.069384,156.39053620810225,2024-05-01
c1951,46.415423,16.069384,162.95670322094142,2024-05-02
c1951,46.415423,16.069384,169.56420492437493,2024-05-03
c1951,46.415423,16.069384,159.35488811004538,2024-05-04
c1951,46.415423,16.069384,154.94717185328992,2024-05-05
c1951,46.415423,16.069384,157.10193556131728,2024-05-06
c1951,46.415423,16.069384,158.38362080839707,2024-05-07
c1951,46.415423,16.069384,175.28868426461375,2024-05-08
c1951,46.415423,16.069384,172.97547276986396,2024-05-09
c1951,46.415423,16.069384,168.02843259844423,2024-05-10
c1951,46.415423,16.069384,169.9694131837796,2024-05-13
c1951,46.415423,16.069384,178.66050040860682,2024-05-14
c1951,46.415423,16.069384,167.3071133049248,2024-05-15
c1951,46.415423,16.069384,169.37218077645608,2024-05-16
c1951,46.415423,16.069384,183.59595365884175,2024-05-17
c1951,46.415423,16.069384,163.3242330255695,2024-05-18
c1951,46.415423,16.069384,147.88284611423418,2024-05-19
c1951,46.415423,16.069384,152.53902518778062,2024-05-20
c1951,46.415423,16.069384,157.01736873551928,2024-05-21
c1951,46.415423,16.069384,163.00895495035567,2024-05-22
c1951,46.415423,16.069384,162.45536123451913,2024-05-23
c1951,46.415423,16.069384,170.39058858321584,2024-05-24
c1951,46.415423,16.069384,166.73461094678595,2024-05-25
c1951,46.415423,16.069384,167.73599823305963,2024-05-26
c1951,46.415423,16.069384,162.12961328479065,2024-05-27
c1951,46.415423,16.069384,164.9051488971507,2024-05-28
c1951,46.415423,16.069384,168.7157130513858,2024-05-29
c1951,46.415423,16.069384,171.74045163164982,2024-05-30
c1951,46.415423,16.069384,175.40244960469258,2024-05-31
c1951,46.415423,16.069384,178.98498045604325,2024-06-01
c1951,46.415423,16.069384,166.8307851419468,2024-06-02
c1951,46.415423,16.069384,178.0421296406657,2024-06-03
c1951,46.415423,16.069384,169.60402648611532,2024-06-04
c1951,46.415423,16.069384,167.2942742609599,2024-06-05
c1951,46.415423,16.069384,157.25623945533673,2024-06-06
c1951,46.415423,16.069384,154.32746527699507,2024-06-07
c1951,46.415423,16.069384,150.579915265764,2024-06-08
c1951,46.415423,16.069384,145.42141520668474,2024-06-09
c1951,46.415423,16.069384,157.16366825885206,2024-06-10
c1951,46.415423,16.069384,156.8049939853466,2024-06-11
c1951,46.415423,16.069384,159.9870895504654,2024-06-12
c1951,46.415423,16.069384,170.6382313784669,2024-06-13
c1951,46.415423,16.069384,148.1224425306013,2024-06-14
c1951,46.415423,16.069384,150.4591747618133,2024-06-15
c1951,46.415423,16.069384,157.2310146576602,2024-06-16
c1951,46.415423,16.069384,151.2015637451658,2024-06-17
c1951,46.415423,16.069384,151.69202099075312,2024-06-18
c1951,46.415423,16.069384,142.1750900857117,2024-06-19
c1951,46.415423,16.069384,131.8128915531831,2024-06-20
c1951,46.415423,16.069384,130.43188456811546,2024-06-21
c1951,46.415423,16.069384,142.82742281430296,2024-06-22
c1951,46.415423,16.069384,153.5915262481654,2024-06-23
c1951,46.415423,16.069384,153.3874324866572,2024-06-24
c1951,46.415423,16.069384,158.80451370083924,2024-06-25
c1951,46.415423,16.069384,160.30589968685976,2024-06-26
c1951,46.415423,16.069384,165.78930865841735,2024-06-27
c1951,46.415423,16.069384,154.70492832948787,2024-06-28
c1951,46.415423,16.069384,146.55686177003918,2024-06-29
c1951,46.415423,16.069384,147.25032049943286,2024-06-30
c1951,46.415423,16.069384,150.67937545476192,2024-07-01
c1951,46.415423,16.069384,166.42071572617309,2024-07-02
c1951,46.415423,16.069384,160.0844374905452,2024-07-03
c1951,46.415423,16.069384,148.32407969647048,2024-07-04
c1951,46.415423,16.069384,147.02352560115867,2024-07-05
c1951,46.415423,16.069384,144.62713648708748,2024-07-06
c1951,46.415423,16.069384,141.65976619164908,2024-07-07
c1951,46.415423,16.069384,141.40531661594866,2024-07-08
c1951,46.415423,16.069384,140.5959651231431,2024-07-09
c1951,46.415423,16.069384,145.20278548564602,2024-07-10
c1951,46.415423,16.069384,140.78783568927983,2024-07-11
c1951,46.415423,16.069384,135.1483525548874,2024-07-12
c1951,46.415423,16.069384,137.1338320119719,2024-07-13
c1951,46.415423,16.069384,143.28447555391708,2024-07-14
c1951,46.415423,16.069384,138.56365567758922,2024-07-15
c1951,46.415423,16.069384,138.2192511276337,2024-07-16
c1951,46.415423,16.069384,146.32174730091563,2024-07-17
c1951,46.415423,16.069384,145.23150536622586,2024-07-18
c1951,46.415423,16.069384,141.3413228192075,2024-07-19
c1951,46.415423,16.069384,146.01295130383974,2024-07-20
c1951,46.415423,16.069384,142.60608688617603,2024-07-21
c1951,46.415423,16.069384,151.26060053545305,2024-07-22
c1951,46.415423,16.069384,143.14322126455718,2024-07-23
c1951,46.415423,16.069384,151.25506724005658,2024-07-24
c1951,46.415423,16.069384,148.76599231229625,2024-07-25
c1951,46.415423,16.069384,140.22698059225218,2024-07-28
c1951,46.415423,16.069384,154.15104863437946,2024-07-29
c1951,46.415423,16.069384,140.98314413107198,2024-07-31
c1951,46.415423,16.069384,139.64823576895932,2024-08-01
c1951,46.415423,16.069384,143.32418945946594,2024-08-03
c1951,46.415423,16.069384,154.04502436902885,2024-08-04
c1951,46.415423,16.069384,146.75516637903985,2024-08-05
c1951,46.415423,16.069384,138.68743712500557,2024-08-06
c1951,46.415423,16.069384,144.2162962727018,2024-08-07
c1951,46.415423,16.069384,147.61678110702613,2024-08-08
c1951,46.415423,16.069384,144.01524134775948,2024-08-09
c1951,46.415423,16.069384,137.72528229401877,2024-08-10
c1951,46.415423,16.069384,135.89361779093036,2024-08-11
c1951,46.415423,16.069384,138.83057910123733,2024-08-12
c1951,46.415423,16.069384,138.83576292456698,2024-08-13
c1951,46.415423,16.069384,136.13930427807043,2024-08-14
c1951,46.415423,16.069384,134.79940643719016,2024-08-15
c1951,46.415423,16.069384,135.16378052718068,2024-08-16
c1951,46.415423,16.069384,,2024-08-17
c1951,46.415423,16.069384,139.16750973068798,2024-08-18
c1951,46.415423,16.069384,143.5337987458413,2024-08-19
c1951,46.415423,16.069384,141.86463660205376,2024-08-20
c1951,46.415423,16.069384,140.936897381187,2024-08-21
c1951,46.415423,16.069384,141.5150361073074,2024-08-22
c1951,46.415423,16.069384,137.2977188421628,2024-08-23
c1951,46.415423,16.069384,139.94484466877566,2024-08-24
c1951,46.415423,16.069384,135.6207348309697,2024-08-25
c1951,46.415423,16.069384,135.4777538866189,2024-08-26
c1951,46.415423,16.069384,139.07121488889487,2024-08-27
c1951,46.415423,16.069384,139.9189965613377,2024-08-28
c1951,46.415423,16.069384,142.21068967515453,2024-08-29
c1951,46.415423,16.069384,135.93179348602342,2024-08-30
c1951,46.415423,16.069384,132.8222425852606,2024-08-31
c1951,46.415423,16.069384,134.80032418927968,2024-09-01
c1951,46.415423,16.069384,136.7622715476435,2024-09-02
c1951,46.415423,16.069384,138.9049616261908,2024-09-03
c1951,46.415423,16.069384,137.66913188969897,2024-09-04
c1951,46.415423,16.069384,136.22712745735743,2024-09-05
c1951,46.415423,16.069384,134.615857107353,2024-09-06
c1951,46.415423,16.069384,128.20480380763522,2024-09-07
c1951,46.415423,16.069384,130.43688322587172,2024-09-08
c1951,46.415423,16.069384,136.30829872132696,2024-09-09
c1951,46.415423,16.069384,139.54582019244955,2024-09-10
c1951,46.415423,16.069384,138.3862285269182,2024-09-11
c1951,46.415423,16.069384,141.31300169167918,2024-09-12
c1951,46.415423,16.069384,156.87449773153068,2024-09-13
c1951,46.415423,16.069384,159.1009950080635,2024-09-14
c1951,46.415423,16.069384,143.54148027569218,2024-09-15
c1951,46.415423,16.069384,147.37534860077722,2024-09-16
c1951,46.415423,16.069384,143.26502148322018,2024-09-17
c1951,46.415423,16.069384,143.33343479955604,2024-09-18
c1951,46.415423,16.069384,142.7850675791329,2024-09-19
c1951,46.415423,16.069384,143.11141536970254,2024-09-20
c1951,46.415423,16.069384,137.4265712996226,2024-09-21
c1951,46.415423,16.069384,128.11825721244378,2024-09-22
c1951,46.415423,16.069384,129.56426840959634,2024-09-23
c1951,46.415423,16.069384,,2024-09-24
c1951,46.415423,16.069384,144.08506442282058,2024-09-25
c1951,46.415423,16.069384,129.6077008747859,2024-09-26
c1951,46.415423,16.069384,133.0047169264794,2024-09-27
c1951,46.415423,16.069384,137.25758645580314,2024-09-28
c1951,46.415423,16.069384,152.80813038884384,2024-09-29
c1951,46.415423,16.069384,148.30841588729945,2024-09-30
c1951,46.415423,16.069384,139.47802899767632,2024-10-01
c1951,46.415423,16.069384,144.19520277286546,2024-10-02
c1951,46.415423,16.069384,140.6543132801697,2024-10-03
c1951,46.415423,16.069384,147.62685569016227,2024-10-04
c1951,46.415423,16.069384,154.8407727504956,2024-10-05
c1951,46.415423,16.069384,141.92659430983548,2024-10-06
c1951,46.415423,16.069384,135.70372862063576,2024-10-07
c1951,46.415423,16.069384,132.795546075574,2024-10-08
c1951,46.415423,16.069384,141.2100615866092,2024-10-09
c1951,46.415423,16.069384,135.2744622711578,2024-10-10
c1951,46.415423,16.069384,142.23032629581732,2024-10-11
c1951,46.415423,16.069384,136.9345204135516,2024-10-12
c1951,46.415423,16.069384,136.9403064190305,2024-10-13
c1951,46.415423,16.069384,133.16063564150411,2024-10-14
c1951,46.415423,16.069384,129.76716916992058,2024-10-15
c1951,46.415423,16.069384,131.5292413562188,2024-10-16
c1951,46.415423,16.069384,120.53689623863777,2024-10-17
c1951,46.415423,16.069384,117.68193181828056,2024-10-18
c1951,46.415423,16.069384,122.51656146588162,2024-10-19
c1951,46.415423,16.069384,122.88919053287628,2024-10-20
c1951,46.415423,16.069384,120.29941197199814,2024-10-21
c1951,46.415423,16.069384,121.4473913173376,2024-10-22
c1951,46.415423,16.069384,122.25085086495554,2024-10-23
c1951,46.415423,16.069384,121.28747437017388,2024-10-24
c1951,46.415423,16.069384,,2024-10-25
c1951,46.415423,16.069384,121.49300151853092,2024-10-26
c1951,46.415423,16.069384,119.30014719251416,2024-10-27
c1951,46.415423,16.069384,123.85005312231172,2024-10-28
c1951,46.415423,16.069384,133.7122404149636,2024-10-29
c1951,46.415423,16.069384,124.24906945008418,2024-10-30
c1951,46.415423,16.069384,125.77670107835011,2024-10-31
c1951,46.415423,16.069384,121.24992589753752,2024-11-02
c1951,46.415423,16.069384,127.62557502943974,2024-11-03
c1951,46.415423,16.069384,120.63808246179023,2024-11-04
c1951,46.415423,16.069384,120.719188018283,2024-11-05
c1951,46.415423,16.069384,122.19780888500964,2024-11-06
c1951,46.415423,16.069384,126.3485171127164,2024-11-07
c1951,46.415423,16.069384,132.19347703850556,2024-11-08
c1951,46.415423,16.069384,134.78859208556185,2024-11-09
c1951,46.415423,16.069384,136.02059181350032,2024-11-10
c1951,46.415423,16.069384,138.48047878847848,2024-11-11
c1951,46.415423,16.069384,,2024-11-12
c1951,46.415423,16.069384,138.40627204464295,2024-11-13
c1951,46.415423,16.069384,135.61706156371122,2024-11-14
c1951,46.415423,16.069384,123.43744241042842,2024-11-15
c1951,46.415423,16.069384,121.10111071347582,2024-11-16
c1951,46.415423,16.069384,126.4483521558716,2024-11-17
c1951,46.415423,16.069384,130.17831729124512,2024-11-18
c1951,46.415423,16.069384,131.19386174280027,2024-11-19
c1951,46.415423,16.069384,145.65923323087222,2024-11-20
c1951,46.415423,16.069384,139.54077046950738,2024-11-21
c1951,46.415423,16.069384,,2024-11-22
c1951,46.415423,16.069384,138.3807480114749,2024-11-23
c1951,46.415423,16.069384,125.9989815006778,2024-11-24
c1951,46.415423,16.069384,127.60641874442432,2024-11-25
c1951,46.415423,16.069384,137.7389856354753,2024-11-26
c1951,46.415423,16.069384,131.34511606076092,2024-11-27
c1951,46.415423,16.069384,139.90249865436218,2024-11-28
c1951,46.415423,16.069384,147.5916007012804,2024-11-29
c1951,46.415423,16.069384,144.95698745214546,2024-11-30
c1951,46.415423,16.069384,143.51867906087352,2024-12-01
c1951,46.415423,16.069384,136.94578204492828,2024-12-02
c1951,46.415423,16.069384,,2024-12-03
c1951,46.415423,16.069384,147.541414461821,2024-12-04
c1951,46.415423,16.069384,158.32831410846558,2024-12-05
c1951,46.415423,16.069384,155.35310361728466,2024-12-06
c1951,46.415423,16.069384,136.3005997491457,2024-12-07
c1951,46.415423,16.069384,135.7126947764709,2024-12-08
c1951,46.415423,16.069384,141.55991008335116,2024-12-09
c1951,46.415423,16.069384,143.61487712008952,2024-12-10
c1951,46.415423,16.069384,148.78670821536872,2024-12-11
c1951,46.415423,16.069384,132.21419192779172,2024-12-12
c1951,46.415423,16.069384,130.09436238997526,2024-12-13
c1951,46.415423,16.069384,132.42358382731533,2024-12-14
c1951,46.415423,16.069384,146.18359179525137,2024-12-15
c1951,46.415423,16.069384,134.23622446161738,2024-12-16
c1951,46.415423,16.069384,126.56797447091976,2024-12-17
c1951,46.415423,16.069384,128.06562387416898,2024-12-18
c1951,46.415423,16.069384,125.90163289533434,2024-12-19
c1951,46.415423,16.069384,150.16682948110875,2024-12-20
c1951,46.415423,16.069384,140.81731178439006,2024-12-21
c1951,46.415423,16.069384,146.95735855428146,2024-12-22
c1951,46.415423,16.069384,175.20612460144207,2024-12-23
c1951,46.415423,16.069384,176.8196242699668,2024-12-24
c1951,46.415423,16.069384,149.2569390842014,2024-12-25
c1951,46.415423,16.069384,145.26147114783072,2024-12-26
c1951,46.415423,16.069384,134.70346798514095,2024-12-27
c1951,46.415423,16.069384,124.96432513891509,2024-12-28
c1951,46.415423,16.069384,139.39701052317068,2024-12-29
c1951,46.415423,16.069384,147.0532647289491,2024-12-30
c1951,46.415423,16.069384,134.38542280131017,2025-01-01
c1951,46.415423,16.069384,138.45119734702052,2025-01-02
c1951,46.415423,16.069384,152.9861240499992,2025-01-03
c1951,46.415423,16.069384,145.76274180483907,2025-01-04
c1951,46.415423,16.069384,126.47542030703362,2025-01-05
c1951,46.415423,16.069384,120.83564957121692,2025-01-06
c1951,46.415423,16.069384,151.49717889786027,2025-01-07
c1951,46.415423,16.069384,138.97734028193352,2025-01-08
c1951,46.415423,16.069384,166.65013642081473,2025-01-09
c1951,46.415423,16.069384,152.62121338877958,2025-01-10
c1951,46.415423,16.069384,145.1846021768422,2025-01-11
c1951,46.415423,16.069384,156.69352629694143,2025-01-12
c1951,46.415423,16.069384,161.37763959050426,2025-01-13
c1951,46.415423,16.069384,148.86294222047664,2025-01-14
c1951,46.415423,16.069384,155.58850232746687,2025-01-15
c1951,46.415423,16.069384,149.07987736453236,2025-01-16
c1951,46.415423,16.069384,133.81198706408858,2025-01-17
c1951,46.415423,16.069384,131.2859790983252,2025-01-18
c1951,46.415423,16.069384,138.51440857434454,2025-01-19
c1951,46.415423,16.069384,151.30939449829023,2025-01-20
c1951,46.415423,16.069384,161.08808633607134,2025-01-21
c1951,46.415423,16.069384,154.93044746132946,2025-01-22
c1951,46.415423,16.069384,139.7875296076272,2025-01-23
c1951,46.415423,16.069384,155.7118012671311,2025-01-24
c1951,46.415423,16.069384,135.86352089177302,2025-01-25
c1951,46.415423,16.069384,152.13315140332494,2025-01-26
c1951,46.415423,16.069384,160.0897733032092,2025-01-27
c1951,46.415423,16.069384,152.6535801046908,2025-01-28
c1951,46.415423,16.069384,169.06270892074355,2025-01-29
c1951,46.415423,16.069384,168.91163093261207,2025-01-30
c1951,46.415423,16.069384,161.90849336997525,2025-01-31
c1951,46.415423,16.069384,150.21636559896828,2025-02-01
c1951,46.415423,16.069384,146.7942535485539,2025-02-02
c1951,46.415423,16.069384,141.59167704613296,2025-02-03
c1951,46.415423,16.069384,139.1449462429168,2025-02-04
c1951,46.415423,16.069384,143.13958051342473,2025-02-05
c1951,46.415423,16.069384,149.5809935429926,2025-02-06
c1951,46.415423,16.069384,160.04859764641188,2025-02-07
c1951,46.415423,16.069384,157.02861187670356,2025-02-08
c1951,46.415423,16.069384,165.00574063980932,2025-02-09
c1951,46.415423,16.069384,166.62441900606737,2025-02-10
c1951,46.415423,16.069384,160.0047508496573,2025-02-11
c1951,46.415423,16.069384,166.0490798798098,2025-02-12
c1951,46.415423,16.069384,165.38118787160334,2025-02-13
c1951,46.415423,16.069384,164.8582998436829,2025-02-14
c1951,46.415423,16.069384,163.5674381842442,2025-02-15
c1951,46.415423,16.069384,164.9469932639481,2025-02-16
c1951,46.415423,16.069384,175.29429679421912,2025-02-17
c1951,46.415423,16.069384,176.63266064574464,2025-02-18
c1951,46.415423,16.069384,181.5973792612293,2025-02-19
c1951,46.415423,16.069384,184.14498181492357,2025-02-20
c1951,46.415423,16.069384,172.97803592900024,2025-02-21
c1951,46.415423,16.069384,166.53818522494882,2025-02-22
c1951,46.415423,16.069384,183.0850900395043,2025-02-23
c1951,46.415423,16.069384,185.8345841935222,2025-02-24
c1951,46.415423,16.069384,174.71682757326442,2025-02-25
c1951,46.415423,16.069384,181.97275189350867,2025-02-26
c1951,46.415423,16.069384,181.51059416333257,2025-02-27
c1951,46.415423,16.069384,174.6582915123629,2025-02-28
c1951,46.415423,16.069384,170.03503878230313,2025-03-01
c1951,46.415423,16.069384,138.45047371741416,2025-03-02
c1951,46.415423,16.069384,124.9781605360947,2025-03-03
c1951,46.415423,16.069384,121.54719846040209,2025-03-04
c1951,46.415423,16.069384,136.87185654319427,2025-03-05
c1951,46.415423,16.069384,140.14858235614204,2025-03-06
c1951,46.415423,16.069384,139.67231014817196,2025-03-07
c1951,46.415423,16.069384,136.93276492539152,2025-03-08
c1951,46.415423,16.069384,150.264778696929,2025-03-09
c1951,46.415423,16.069384,160.08438226112662,2025-03-10
c1951,46.415423,16.069384,167.87686778723145,2025-03-11
c1951,46.415423,16.069384,160.34810968218443,2025-03-12
c1951,46.415423,16.069384,141.21977445566387,2025-03-13
c1951,46.415423,16.069384,153.15051440221004,2025-03-14
c1951,46.415423,16.069384,153.63791216904272,2025-03-15
c1951,46.415423,16.069384,156.74682698776715,2025-03-16
c1951,46.415423,16.069384,165.5207749554376,2025-03-17
c1951,46.415423,16.069384,140.92107592652243,2025-03-18
c1951,46.415423,16.069384,139.15132437221536,2025-03-19
c1951,46.415423,16.069384,159.96988612139103,2025-03-20
c1951,46.415423,16.069384,165.29023974374408,2025-03-21
c1951,46.415423,16.069384,183.54051935804904,2025-03-22
c1951,46.415423,16.069384,174.00079356979884,2025-03-24
c1951,46.415423,16.069384,170.30725383533553,2025-03-25
c1951,46.415423,16.069384,149.58780482424626,2025-03-26
c1951,46.415423,16.069384,151.33581480075435,2025-03-27
c1951,46.415423,16.069384,143.5103781723622,2025-03-28
c1951,46.415423,16.069384,140.41329187910995,2025-03-29
c1951,46.415423,16.069384,149.00216567439173,2025-03-30
c1951,46.415423,16.069384,193.17020132292092,2025-03-31
c1951,46.415423,16.069384,179.911769464338,2025-04-01
c1951,46.415423,16.069384,167.34585386011443,2025-04-02
c1951,46.415423,16.069384,161.58457551061866,2025-04-03
c1951,46.415423,16.069384,174.43029623417587,2025-04-04
c1951,46.415423,16.069384,165.16697718054556,2025-04-05
c1951,46.415423,16.069384,172.65642037762487,2025-04-06
c1951,46.415423,16.069384,173.34059765914182,2025-04-07
c1951,46.415423,16.069384,180.80782224372095,2025-04-08
c1951,46.415423,16.069384,171.66445600660543,2025-04-09
c1951,46.415423,16.069384,167.16006648589084,2025-04-10
c1951,46.415423,16.069384,167.50154055596872,2025-04-11
c1951,46.415423,16.069384,164.69224814747463,2025-04-12
c1951,46.415423,16.069384,159.78079760715593,2025-04-13
c1951,46.415423,16.069384,160.96926428859754,2025-04-14
c1951,46.415423,16.069384,152.34633402803493,2025-04-15
c1951,46.415423,16.069384,147.7928148741237,2025-04-16
c1951,46.415423,16.069384,153.5223128240571,2025-04-17
c1951,46.415423,16.069384,179.92245079996474,2025-04-18
c1951,46.415423,16.069384,146.0109762811381,2025-04-19
c1951,46.415423,16.069384,142.9196991515281,2025-04-20
c1951,46.415423,16.069384,153.77293369866723,2025-04-21
c1951,46.415423,16.069384,158.48011325467243,2025-04-22
c1951,46.415423,16.069384,155.21084054281866,2025-04-23
c1951,46.415423,16.069384,155.5751754828091,2025-04-24
c1951,46.415423,16.069384,154.43050353557825,2025-04-25
c1951,46.415423,16.069384,160.1500659690223,2025-04-26
c1951,46.415423,16.069384,157.40447469815686,2025-04-27
c1951,46.415423,16.069384,158.6305825319986,2025-04-28
c1951,46.415423,16.069384,163.6454408376511,2025-04-29
c1951,46.415423,16.069384,156.55356364292163,2025-04-30
c1951,46.415423,16.069384,160.40537922303352,2025-05-01
c1951,46.415423,16.069384,158.2779851497081,2025-05-02
c1951,46.415423,16.069384,158.78982334328364,2025-05-03
c1951,46.415423,16.069384,166.84855545838167,2025-05-04
c1951,46.415423,16.069384,175.48470076504657,2025-05-06
c1951,46.415423,16.069384,168.72577610305115,2025-05-07
c1951,46.415423,16.069384,172.21687564505396,2025-05-08
c1951,46.415423,16.069384,167.62586535207032,2025-05-09
c1951,46.415423,16.069384,161.42759980904083,2025-05-10
c1951,46.415423,16.069384,160.11390688860797,2025-05-11
c1951,46.415423,16.069384,162.50033112587894,2025-05-12
c1951,46.415423,16.069384,161.72097145055835,2025-05-13
c1951,46.415423,16.069384,164.6204760943952,2025-05-14
c1951,46.415423,16.069384,167.04138052990277,2025-05-15
c1951,46.415423,16.069384,185.51110652062124,2025-05-16
c1951,46.415423,16.069384,174.30585542155808,2025-05-17
c1951,46.415423,16.069384,166.26930562337964,2025-05-18
c1951,46.415423,16.069384,168.2578809590976,2025-05-19
c1951,46.415423,16.069384,159.66193794519188,2025-05-20
c1951,46.415423,16.069384,165.95259143438645,2025-05-21
c1951,46.415423,16.069384,,2025-05-22
c1951,46.415423,16.069384,170.95130790742942,2025-05-23
c1951,46.415423,16.069384,176.74766979308097,2025-05-24
c1951,46.415423,16.069384,162.28635635009485,2025-05-25
c1951,46.415423,16.069384,162.0692889256148,2025-05-26
c1951,46.415423,16.069384,160.20124490587423,2025-05-27
c1951,46.415423,16.069384,158.3776944337127,2025-05-28
c1951,46.415423,16.069384,167.7621573465142,2025-05-29
c1951,46.415423,16.069384,145.8560853240932,2025-05-30
c1951,46.415423,16.069384,145.89094225635836,2025-05-31
c1951,46.415423,16.069384,143.15058951449524,2025-06-01
c1951,46.415423,16.069384,144.29311578899373,2025-06-02
c1951,46.415423,16.069384,151.4279431837132,2025-06-03
c1951,46.415423,16.069384,150.78226475183212,2025-06-04
c1951,46.415423,16.069384,148.91214969306003,2025-06-05
c1951,46.415423,16.069384,144.09250702516744,2025-06-06
c1951,46.415423,16.069384,144.08444759088283,2025-06-07
c1951,46.415423,16.069384,145.10172723805465,2025-06-08
c1951,46.415423,16.069384,146.4031423176486,2025-06-09
c1951,46.415423,16.069384,146.0900207587307,2025-06-10
c1951,46.415423,16.069384,144.48049192743537,2025-06-11
c1951,46.415423,16.069384,148.2488718941885,2025-06-12
c1951,46.415423,16.069384,145.13826219660083,2025-06-13
c1951,46.415423,16.069384,144.09963711193092,2025-06-14
c1951,46.415423,16.069384,141.38680207990464,2025-06-15
c1951,46.415423,16.069384,141.26560443295747,2025-06-16
c1951,46.415423,16.069384,145.24350077923836,2025-06-17
c1951,46.415423,16.069384,141.6251617920491,2025-06-18
c1951,46.415423,16.069384,141.24316526479015,2025-06-19
c1951,46.415423,16.069384,147.13131720617832,2025-06-20
c1951,46.415423,16.069384,147.32040804576013,2025-06-21
c1951,46.415423,16.069384,143.90740011646125,2025-06-22
c1951,46.415423,16.069384,141.43684363694285,2025-06-23
c1951,46.415423,16.069384,139.60454097429448,2025-06-24
c1951,46.415423,16.069384,137.6419110366978,2025-06-25
c1951,46.415423,16.069384,137.33643794994492,2025-06-26
c1951,46.415423,16.069384,142.30190569623707,2025-06-27
c1951,46.415423,16.069384,135.37272631071912,2025-06-28
c1951,46.415423,16.069384,134.06851978164374,2025-06-29
c1951,46.415423,16.069384,134.53689755972982,2025-06-30
c1951,46.415423,16.069384,133.7783492721368,2025-07-01
c1951,46.415423,16.069384,135.4752626588619,2025-07-02
c1951,46.415423,16.069384,135.64871949779902,2025-07-03
c1951,46.415423,16.069384,135.10785655834488,2025-07-04
c1951,46.415423,16.069384,138.30088118491068,2025-07-05
c1951,46.415423,16.069384,139.38132655220542,2025-07-06
c1951,46.415423,16.069384,145.85712448370856,2025-07-07
c1951,46.415423,16.069384,158.80920647205798,2025-07-08
c1951,46.415423,16.069384,159.98553991130234,2025-07-09
c1951,46.415423,16.069384,154.25006472266315,2025-07-10
c1951,46.415423,16.069384,155.65726912304146,2025-07-11
c1951,46.415423,16.069384,155.2020063183962,2025-07-12
c1951,46.415423,16.069384,144.54842236279666,2025-07-13
c1951,46.415423,16.069384,138.55797989744565,2025-07-14
c1951,46.415423,16.069384,135.4185041314222,2025-07-15
c1951,46.415423,16.069384,142.77320333941606,2025-07-16
c1951,46.415423,16.069384,159.5503555121608,2025-07-17
c1951,46.415423,16.069384,143.1927127912331,2025-07-18
c1951,46.415423,16.069384,143.3113728704036,2025-07-19
c1951,46.415423,16.069384,141.08263579873866,2025-07-20
c1951,46.415423,16.069384,138.3102217091487,2025-07-21
c1951,46.415423,16.069384,140.6128192964384,2025-07-22
c1951,46.415423,16.069384,142.7101885130421,2025-07-23
c1951,46.415423,16.069384,137.55403293398675,2025-07-24
c1951,46.415423,16.069384,137.18058180237176,2025-07-25
c1951,46.415423,16.069384,139.8712187255611,2025-07-26
c1951,46.415423,16.069384,142.76993994749807,2025-07-27
c1951,46.415423,16.069384,151.04010170142203,2025-07-28
c1951,46.415423,16.069384,149.4658200696889,2025-07-29
c1951,46.415423,16.069384,144.17280830268555,2025-07-30
c1951,46.415423,16.069384,144.33981653031842,2025-07-31
c1951,46.415423,16.069384,141.52212863896295,2025-08-01
c1951,46.415423,16.069384,148.8592160657645,2025-08-02
c1951,46.415423,16.069384,151.11751702234145,2025-08-03
c1951,46.415423,16.069384,147.81101300681246,2025-08-04
c1951,46.415423,16.069384,136.85259476555726,2025-08-05
c1951,46.415423,16.069384,136.3368894430558,2025-08-06
c1951,46.415423,16.069384,139.78254377097093,2025-08-07
c1951,46.415423,16.069384,132.24165252427844,2025-08-08
c1951,46.415423,16.069384,131.5594671307536,2025-08-09
c1951,46.415423,16.069384,132.51932875992685,2025-08-10
c1951,46.415423,16.069384,131.79707545192815,2025-08-11
c1951,46.415423,16.069384,130.42411682198667,2025-08-12
c1951,46.415423,16.069384,130.96635599349423,2025-08-13
c1951,46.415423,16.069384,130.3369209538449,2025-08-14
c1951,46.415423,16.069384,128.84613101853145,2025-08-15
c1951,46.415423,16.069384,128.75880373283172,2025-08-16
c1951,46.415423,16.069384,137.3185950146036,2025-08-17
c1951,46.415423,16.069384,141.75642221631293,2025-08-18
c1951,46.415423,16.069384,142.33343288014032,2025-08-19
c1951,46.415423,16.069384,137.08316960132768,2025-08-20
c1951,46.415423,16.069384,139.51122622640355,2025-08-21
c1951,46.415423,16.069384,142.0520034200043,2025-08-22
c1951,46.415423,16.069384,143.01908612885822,2025-08-23
c1951,46.415423,16.069384,147.36479956982353,2025-08-24
c1951,46.415423,16.069384,145.39276270224482,2025-08-25
c1951,46.415423,16.069384,140.83381532610156,2025-08-26
c1951,46.415423,16.069384,138.29085059770907,2025-08-27
c1951,46.415423,16.069384,135.7983324705765,2025-08-28
c1951,46.415423,16.069384,133.48397096952348,2025-08-29
c1951,46.415423,16.069384,135.26773268465726,2025-08-30
c1951,46.415423,16.069384,139.34262939687423,2025-08-31
c1951,46.415423,16.069384,126.74211565110768,2025-09-01
c1951,46.415423,16.069384,128.32016138842704,2025-09-02
c1951,46.415423,16.069384,138.3880042849389,2025-09-03
c1951,46.415423,16.069384,126.46050812127928,2025-09-04
c1951,46.415423,16.069384,132.17660674289866,2025-09-05
c1951,46.415423,16.069384,135.08487772792,2025-09-06
c1951,46.415423,16.069384,132.39605737664033,2025-09-07
c1951,46.415423,16.069384,129.46551323697122,2025-09-08
c1951,46.415423,16.069384,130.5342239123813,2025-09-09
c1951,46.415423,16.069384,131.77644081879922,2025-09-10
c1951,46.415423,16.069384,137.6827770910444,2025-09-11
c1951,46.415423,16.069384,131.82836536681265,2025-09-12
c1951,46.415423,16.069384,131.92691500093608,2025-09-13
c1951,46.415423,16.069384,141.90214883954093,2025-09-14
c1951,46.415423,16.069384,126.92487482876292,2025-09-15
c1951,46.415423,16.069384,132.89545715904222,2025-09-16
c1951,46.415423,16.069384,126.02092852718954,2025-09-17
c1951,46.415423,16.069384,119.40517405179288,2025-09-18
c1951,46.415423,16.069384,115.8944495582385,2025-09-19
c1951,46.415423,16.069384,117.1892154319691,2025-09-20
c1951,46.415423,16.069384,118.82922183413612,2025-09-21
c1951,46.415423,16.069384,123.930173354855,2025-09-22
c1951,46.415423,16.069384,127.13966836669928,2025-09-23
c1951,46.415423,16.069384,130.91761125966283,2025-09-24
c1951,46.415423,16.069384,130.3159143072129,2025-09-25
c1951,46.415423,16.069384,129.55777742000365,2025-09-26
c1951,46.415423,16.069384,134.35999841976678,2025-09-27
c1951,46.415423,16.069384,136.9667367971805,2025-09-28
c1951,46.415423,16.069384,137.32909771285472,2025-09-29
c1951,46.415423,16.069384,135.8272473194317,2025-09-30
c1951,46.415423,16.069384,138.92441040947577,2025-10-01
c1951,46.415423,16.069384,147.81287602150422,2025-10-02
c1951,46.415423,16.069384,143.46398149284855,2025-10-03
c1951,46.415423,16.069384,124.64744302145692,2025-10-04
c1951,46.415423,16.069384,144.25037320276354,2025-10-05
c1951,46.415423,16.069384,148.8015056889831,2025-10-06
c1951,46.415423,16.069384,135.77373269366075,2025-10-07
c1951,46.415423,16.069384,123.84064076300092,2025-10-08
c1951,46.415423,16.069384,,2025-10-09
c1951,46.415423,16.069384,122.48485892453115,2025-10-10
c1951,46.415423,16.069384,119.6396569598967,2025-10-11
c1951,46.415423,16.069384,124.3078574484186,2025-10-12
c1951,46.415423,16.069384,129.7783611954187,2025-10-13
c1951,46.415423,16.069384,125.15291821814222,2025-10-14
c1951,46.415423,16.069384,135.89720607598628,2025-10-15
c1951,46.415423,16.069384,132.19533086868682,2025-10-16
c1951,46.415423,16.069384,129.44629358577075,2025-10-17
c1951,46.415423,16.069384,125.14712617967666,2025-10-18
c1951,46.415423,16.069384,127.09744472471712,2025-10-19
c1951,46.415423,16.069384,127.18144506595644,2025-10-20
c1951,46.415423,16.069384,130.4295462612225,2025-10-21
c1951,46.415423,16.069384,133.17368750096676,2025-10-22
c1951,46.415423,16.069384,136.23845498452462,2025-10-23
c1951,46.415423,16.069384,144.33790748963565,2025-10-24
c1951,46.415423,16.069384,141.56790344836796,2025-10-25
c1951,46.415423,16.069384,143.73022831053945,2025-10-26
c1951,46.415423,16.069384,135.28355493625574,2025-10-27
c1951,46.415423,16.069384,131.45146654115894,2025-10-28
c1951,46.415423,16.069384,122.86219211279764,2025-10-29
c1951,46.415423,16.069384,119.18020886426712,2025-10-30
c1951,46.415423,16.069384,119.6668321182742,2025-10-31
c1951,46.415423,16.069384,118.06061565373716,2025-11-01
c1951,46.415423,16.069384,118.19644212274532,2025-11-02
c1951,46.415423,16.069384,134.06846101433962,2025-11-03
c1951,46.415423,16.069384,122.54457958506455,2025-11-04
c1951,46.415423,16.069384,120.36368531952871,2025-11-05
c1951,46.415423,16.069384,120.3487526445174,2025-11-06
c1951,46.415423,16.069384,122.60631984829485,2025-11-07
c1951,46.415423,16.069384,131.70949875664803,2025-11-08
c1951,46.415423,16.069384,119.45031826078522,2025-11-09
c1951,46.415423,16.069384,121.2518568199329,2025-11-10
c1951,46.415423,16.069384,123.59328464890888,2025-11-11
c1951,46.415423,16.069384,125.1130185105123,2025-11-12
c1951,46.415423,16.069384,125.63901801233324,2025-11-13
c1951,46.415423,16.069384,124.26903043459308,2025-11-14
c1951,46.415423,16.069384,124.31883360832234,2025-11-15
c1951,46.415423,16.069384,129.49723140319207,2025-11-16
c1951,46.415423,16.069384,137.75577116850482,2025-11-17
c1951,46.415423,16.069384,135.0431858555749,2025-11-18
c1951,46.415423,16.069384,127.24852401593516,2025-11-19
c1951,46.415423,16.069384,129.66344083406034,2025-11-20
c1951,46.415423,16.069384,148.60990320777398,2025-11-21
c1951,46.415423,16.069384,147.7381367050682,2025-11-22
c1951,46.415423,16.069384,149.79862619320795,2025-11-23
c1951,46.415423,16.069384,135.04064371038217,2025-11-24
c1951,46.415423,16.069384,148.1988926021979,2025-11-25
c1951,46.415423,16.069384,146.56922343499843,2025-11-26
c1951,46.415423,16.069384,144.04915486280896,2025-11-27
c1951,46.415423,16.069384,143.80412998170462,2025-11-28
c1951,46.415423,16.069384,128.88751575446588,2025-11-30
c1951,46.415423,16.069384,144.17803775278784,2025-12-01
c1951,46.415423,16.069384,154.13542576668488,2025-12-02
c1951,46.415423,16.069384,125.07294773389398,2025-12-03
c1951,46.415423,16.069384,133.69708362319827,2025-12-04
c1951,46.415423,16.069384,138.79049596993073,2025-12-05
c1951,46.415423,16.069384,152.71040091318488,2025-12-06
c1951,46.415423,16.069384,131.6411179278724,2025-12-07
c1951,46.415423,16.069384,129.81483709337564,2025-12-08
c1951,46.415423,16.069384,143.55143028849946,2025-12-09
c1951,46.415423,16.069384,134.8202968752429,2025-12-10
c1951,46.415423,16.069384,132.3785673555589,2025-12-11
c1951,46.415423,16.069384,133.85470036800487,2025-12-12
c1951,46.415423,16.069384,136.2152439379051,2025-12-13
c1951,46.415423,16.069384,142.0989251356201,2025-12-14
c1951,46.415423,16.069384,136.8172592523517,2025-12-15
c1951,46.415423,16.069384,138.88498501665447,2025-12-16
c1951,46.415423,16.069384,137.77852964243434,2025-12-17
c1951,46.415423,16.069384,145.05337735901003,2025-12-18
c1951,46.415423,16.069384,132.1097497092463,2025-12-22
c1951,46.415423,16.069384,179.32871616826128,2025-12-23
c1951,46.415423,16.069384,182.6586868843797,2025-12-24
c1951,46.415423,16.069384,190.41592789507692,2025-12-25
c1951,46.415423,16.069384,144.8597044711894,2025-12-26
c1951,46.415423,16.069384,133.83896224763228,2025-12-27
c1951,46.415423,16.069384,141.93473849318272,2025-12-28
c1951,46.415423,16.069384,143.20497547701368,2025-12-29
c1951,46.415423,16.069384,139.05399469589454,2025-12-30
